0 0.28297822952270507 0.9799212646484375 0.28959096312522886 0.9799212646484375 0.28959096312522886 0.989226832985878 0.28297822952270507 0.989226832985878
0 0.15638429641723633 0.46757625579833983 0.16388563215732577 0.46757625579833983 0.16388563215732577 0.4762537235021591 0.15638429641723633 0.4762537235021591
0 0.20224775314331056 0.9191930389404297 0.2093250072002411 0.9191930389404297 0.2093250072002411 0.9279678702354432 0.20224775314331056 0.9279678702354432
0 0.23350149154663086 0.5224176788330078 0.2401046735048294 0.5224176788330078 0.2401046735048294 0.5317028099298478 0.23350149154663086 0.5317028099298478
0 0.23554279327392577 0.20934749603271485 0.24163039982318876 0.20934749603271485 0.24163039982318876 0.21670598804950714 0.23554279327392577 0.21670598804950714
0 0.4463494110107422 0.3029351234436035 0.4535693317651749 0.3029351234436035 0.4535693317651749 0.3122963112592697 0.4463494110107422 0.3122963112592697
0 0.47725830078125 0.36275520324707033 0.48478851318359373 0.36275520324707033 0.48478851318359373 0.3715706324577332 0.47725830078125 0.3715706324577332
0 0.5388108825683594 0.35341121673583986 0.5464173889160157 0.35341121673583986 0.5464173889160157 0.36323202610015864 0.5388108825683594 0.36323202610015864
0 0.21023290634155273 0.7721469879150391 0.21666337728500368 0.7721469879150391 0.21666337728500368 0.7805193191766739 0.21023290634155273 0.7805193191766739
0 0.4445957565307617 0.7732073974609376 0.45165259182453155 0.7732073974609376 0.45165259182453155 0.7817138957977295 0.4445957565307617 0.7817138957977295
0 0.5082387542724609 0.3622336959838867 0.5156432884931564 0.3622336959838867 0.5156432884931564 0.37157187700271604 0.5082387542724609 0.37157187700271604
0 0.224818172454834 0.6260771560668945 0.23316746532917024 0.6260771560668945 0.23316746532917024 0.6347572726011277 0.224818172454834 0.6347572726011277
0 0.24164247512817383 0.15779898643493653 0.2483117485046387 0.15779898643493653 0.2483117485046387 0.16626445174217222 0.24164247512817383 0.16626445174217222
0 0.17790109634399415 0.4705292510986328 0.18504710376262665 0.4705292510986328 0.18504710376262665 0.4795925366878509 0.17790109634399415 0.4795925366878509
0 0.4703870010375977 0.8151367950439453 0.478225257396698 0.8151367950439453 0.478225257396698 0.8238010990619659 0.4703870010375977 0.8238010990619659
0 0.19694177627563478 0.367611083984375 0.20452605962753298 0.367611083984375 0.20452605962753298 0.3758940762281418 0.19694177627563478 0.3758940762281418
0 0.14804599761962892 0.6679714965820313 0.155525421500206 0.6679714965820313 0.155525421500206 0.6761445939540864 0.14804599761962892 0.6761445939540864
0 0.265279541015625 0.2080385208129883 0.27272603690624236 0.2080385208129883 0.27272603690624236 0.21714797854423523 0.265279541015625 0.21714797854423523
0 0.27272069931030274 0.7698264312744141 0.2807241708040238 0.7698264312744141 0.2807241708040238 0.7792039453983308 0.27272069931030274 0.7792039453983308
0 0.24924365997314452 0.4492582702636719 0.2563188290596008 0.4492582702636719 0.2563188290596008 0.4590061461925507 0.24924365997314452 0.4590061461925507
0 0.5536606979370117 0.8229479217529296 0.5606478041410445 0.8229479217529296 0.5606478041410445 0.8317757242918014 0.5536606979370117 0.8317757242918014
0 0.17211444854736327 0.3676664352416993 0.1790615743398666 0.3676664352416993 0.1790615743398666 0.37572355031967164 0.17211444854736327 0.37572355031967164
0 0.23666873931884766 0.7749569702148437 0.24279937207698823 0.7749569702148437 0.24279937207698823 0.7836873692274092 0.23666873931884766 0.7836873692274092
0 0.5407787704467774 0.3048323822021484 0.5491973048448563 0.3048323822021484 0.5491973048448563 0.3139123302698135 0.5407787704467774 0.3139123302698135
0 0.185277099609375 0.523061408996582 0.19268076181411745 0.523061408996582 0.19268076181411745 0.5319808828830719 0.185277099609375 0.5319808828830719
0 0.27144536972045896 0.1548803424835205 0.2788187062740326 0.1548803424835205 0.2788187062740326 0.1641865038871765 0.27144536972045896 0.1641865038871765
0 0.17660852432250976 0.21435218811035156 0.18444355785846708 0.21435218811035156 0.18444355785846708 0.22364388167858124 0.17660852432250976 0.22364388167858124
0 0.4755009460449219 0.2982656478881836 0.4824824333190918 0.2982656478881836 0.4824824333190918 0.308134092092514 0.4755009460449219 0.308134092092514
0 0.15444100379943848 0.15828800201416016 0.1617622947692871 0.15828800201416016 0.1617622947692871 0.16696474850177767 0.15444100379943848 0.16696474850177767
0 0.2242737579345703 0.3619573593139648 0.23163671493530272 0.3619573593139648 0.23163671493530272 0.37094193994998925 0.2242737579345703 0.37094193994998925
0 0.18594083786010743 0.6234364700317383 0.19229519188404084 0.6234364700317383 0.19229519188404084 0.6320444828271866 0.18594083786010743 0.6320444828271866
0 0.2525929832458496 0.5189460754394531 0.25942235589027407 0.5189460754394531 0.25942235589027407 0.528440283536911 0.2525929832458496 0.528440283536911
0 0.2017379379272461 0.30562826156616213 0.20906310319900512 0.30562826156616213 0.20906310319900512 0.31423692643642426 0.2017379379272461 0.31423692643642426
0 0.17740310668945314 0.30959983825683596 0.18455075502395632 0.30959983825683596 0.18455075502395632 0.31890706717967987 0.17740310668945314 0.31890706717967987
0 0.5210306930541992 0.7750589752197266 0.5283756119012833 0.7750589752197266 0.5283756119012833 0.7836566311120986 0.5210306930541992 0.7836566311120986
0 0.2167532539367676 0.16399885177612306 0.22339345932006838 0.16399885177612306 0.22339345932006838 0.1731855720281601 0.2167532539367676 0.1731855720281601
0 0.24999820709228512 0.357815055847168 0.25696437656879423 0.357815055847168 0.25696437656879423 0.36737172245979316 0.24999820709228512 0.36737172245979316
0 0.4468511962890625 0.36123382568359375 0.45471961557865137 0.36123382568359375 0.45471961557865137 0.3703556168079376 0.4468511962890625 0.3703556168079376
0 0.1389542865753174 0.3723482894897461 0.14538134157657623 0.3723482894897461 0.14538134157657623 0.3813242524862289 0.1389542865753174 0.3813242524862289
0 0.14372097015380858 0.6236673355102539 0.1511692255735397 0.6236673355102539 0.1511692255735397 0.6326305693387985 0.14372097015380858 0.6326305693387985
0 0.1771075439453125 0.7739993286132812 0.1844465482234955 0.7739993286132812 0.1844465482234955 0.7837488251924515 0.1771075439453125 0.7837488251924515
0 0.20640016555786134 0.8230490875244141 0.2137115651369095 0.8230490875244141 0.2137115651369095 0.832667738199234 0.20640016555786134 0.832667738199234
0 0.5050024795532226 0.30436100006103517 0.5125302672386169 0.30436100006103517 0.5125302672386169 0.31464832901954654 0.5050024795532226 0.31464832901954654
0 0.20764240264892578 0.21132469177246094 0.21449166178703308 0.21132469177246094 0.21449166178703308 0.2201594716310501 0.20764240264892578 0.2201594716310501
0 0.14649483680725098 0.9666732025146484 0.15301075398921965 0.9666732025146484 0.15301075398921965 0.9746133863925933 0.14649483680725098 0.9746133863925933
0 0.5032799911499023 0.8142984771728515 0.510526851415634 0.8142984771728515 0.510526851415634 0.8238541948795318 0.5032799911499023 0.8238541948795318
0 0.2687235450744629 0.8236902618408203 0.27642246186733244 0.8236902618408203 0.27642246186733244 0.833068408370018 0.2687235450744629 0.833068408370018
0 0.20927404403686523 0.5197751235961914 0.21560482978820797 0.5197751235961914 0.21560482978820797 0.5273130446672439 0.20927404403686523 0.5273130446672439
0 0.20871898651123047 0.66992431640625 0.21571978390216826 0.66992431640625 0.21571978390216826 0.6793014353513718 0.20871898651123047 0.6793014353513718
0 0.17837274551391602 0.6709930419921875 0.18456834614276885 0.6709930419921875 0.18456834614276885 0.6783671480417252 0.17837274551391602 0.6783671480417252
0 0.2372012710571289 0.9220064544677734 0.24396913528442382 0.9220064544677734 0.24396913528442382 0.9302462005615234 0.2372012710571289 0.9302462005615234
0 0.256314697265625 0.3060482025146484 0.26392933547496794 0.3060482025146484 0.26392933547496794 0.31593443512916564 0.256314697265625 0.31593443512916564
0 0.18763668060302735 0.15990419387817384 0.1946663838624954 0.15990419387817384 0.1946663838624954 0.17019720554351805 0.18763668060302735 0.17019720554351805
0 0.5285940170288086 0.8167563629150391 0.5359139186143875 0.8167563629150391 0.5359139186143875 0.8264158087968826 0.5285940170288086 0.8264158087968826
0 0.231467342376709 0.6740804290771485 0.23923269093036653 0.6740804290771485 0.23923269093036653 0.6835035616159439 0.231467342376709 0.6835035616159439
0 0.17776538848876952 0.831706314086914 0.1845618188381195 0.831706314086914 0.1845618188381195 0.8400905835628509 0.17776538848876952 0.8400905835628509
0 0.20275009155273438 0.46271255493164065 0.20987511813640594 0.46271255493164065 0.20987511813640594 0.47294910669326784 0.20275009155273438 0.47294910669326784
0 0.47977783203125 0.7639559173583984 0.4875811648368836 0.7639559173583984 0.4875811648368836 0.7727388924360276 0.47977783203125 0.7727388924360276
0 0.19799718856811524 0.9685214996337892 0.2034950250387192 0.9685214996337892 0.2034950250387192 0.9759470748901368 0.19799718856811524 0.9759470748901368
0 0.14372506141662597 0.3150636100769043 0.1509384763240814 0.3150636100769043 0.1509384763240814 0.3239718967676163 0.14372506141662597 0.3239718967676163
0 0.2143573570251465 0.9685897064208985 0.22203520417213443 0.9685897064208985 0.22203520417213443 0.9767491263151169 0.2143573570251465 0.9767491263151169
0 0.25390777587890623 0.6268799972534179 0.260811076760292 0.6268799972534179 0.260811076760292 0.6367612886428833 0.25390777587890623 0.6367612886428833
0 0.5735988616943359 0.3118717193603516 0.5815097159147263 0.3118717193603516 0.5815097159147263 0.3226622128486633 0.5735988616943359 0.3226622128486633
0 0.15425414085388184 0.8281070709228515 0.16141551017761233 0.8281070709228515 0.16141551017761233 0.837584992647171 0.15425414085388184 0.837584992647171
0 0.2223249053955078 0.46012588500976564 0.2292500740289688 0.46012588500976564 0.2292500740289688 0.46998835980892184 0.2223249053955078 0.46998835980892184
0 0.1673782730102539 0.6287435150146484 0.1743709236383438 0.6287435150146484 0.1743709236383438 0.6370666706562043 0.1673782730102539 0.6370666706562043
0 0.1283048439025879 0.9155701446533203 0.13574999451637268 0.9155701446533203 0.13574999451637268 0.9249349302053451 0.1283048439025879 0.9249349302053451
0 0.1561344814300537 0.7761764526367188 0.16348510742187503 0.7761764526367188 0.16348510742187503 0.7857517778873444 0.1561344814300537 0.7857517778873444
0 0.5745371627807617 0.3550739288330078 0.5826535373926163 0.3550739288330078 0.5826535373926163 0.36486279785633086 0.5745371627807617 0.36486279785633086
0 0.23330730438232422 0.8180386352539063 0.24153060913085939 0.8180386352539063 0.24153060913085939 0.8281454086303712 0.23330730438232422 0.8281454086303712
0 0.17990886688232421 0.9132389831542969 0.1870502758026123 0.9132389831542969 0.1870502758026123 0.9234452152252197 0.17990886688232421 0.9234452152252197
0 0.4453726577758789 0.8180783081054687 0.45287152469158176 0.8180783081054687 0.45287152469158176 0.828221687078476 0.4453726577758789 0.828221687078476
0 0.1668686294555664 0.5253106689453125 0.1732649302482605 0.5253106689453125 0.1732649302482605 0.5333173036575318 0.1668686294555664 0.5333173036575318
0 0.5608333587646485 0.7684416961669922 0.5674048697948457 0.7684416961669922 0.5674048697948457 0.7772133654356004 0.5608333587646485 0.7772133654356004
0 0.23133901596069337 0.3076623916625977 0.23897157490253448 0.3076623916625977 0.23897157490253448 0.3180585289001465 0.23133901596069337 0.3180585289001465
0 0.2584238624572754 0.6718573760986328 0.2669177144765854 0.6718573760986328 0.2669177144765854 0.6814509642124177 0.2584238624572754 0.6814509642124177
0 0.5434931182861328 0.7706558990478515 0.5510993880033492 0.7706558990478515 0.5510993880033492 0.7812296068668365 0.5434931182861328 0.7812296068668365
0 0.16199430465698242 0.9109783935546875 0.16838254749774934 0.9109783935546875 0.16838254749774934 0.919047051668167 0.16199430465698242 0.919047051668167
0 0.15509950637817382 0.2121831512451172 0.16116821646690369 0.2121831512451172 0.16116821646690369 0.22103216171264647 0.15509950637817382 0.22103216171264647
0 0.1682396235768534 0.9665908474469486 0.17494482596578598 0.9665908474469486 0.17494482596578598 0.9763691359990612 0.1682396235768534 0.9763691359990612
0 0.23772990288033632 0.9706651343436622 0.24626379682988683 0.9706651343436622 0.24626379682988683 0.982887995033803 0.23772990288033632 0.982887995033803
0 0.26150289316836994 0.9722948491023476 0.2700367871179205 0.9722948491023476 0.2700367871179205 0.9837028524131456 0.26150289316836994 0.9837028524131456
