0 0.48639453887939454 0.33194297790527344 0.4927553248405457 0.33194297790527344 0.4927553248405457 0.341718248128891 0.48639453887939454 0.341718248128891
0 0.1586587142944336 0.32329204559326175 0.16504737138748168 0.32329204559326175 0.16504737138748168 0.3320148748159409 0.1586587142944336 0.3320148748159409
0 0.8365689086914062 0.6977116394042969 0.8443954849243164 0.6977116394042969 0.8443954849243164 0.7069942009449005 0.8365689086914062 0.7069942009449005
0 0.516363525390625 0.48126705169677736 0.5241883862018586 0.48126705169677736 0.5241883862018586 0.49062835812568667 0.516363525390625 0.49062835812568667
0 0.49065719604492186 0.6996644592285156 0.498248650431633 0.6996644592285156 0.498248650431633 0.7081760966777801 0.49065719604492186 0.7081760966777801
0 0.21162256240844726 0.6971265411376953 0.21779969573020933 0.6971265411376953 0.21779969573020933 0.705425425171852 0.21162256240844726 0.705425425171852
0 0.49230281829833983 0.48069889068603516 0.49998910784721373 0.48069889068603516 0.49998910784721373 0.48914581656455997 0.49230281829833983 0.48914581656455997
0 0.8753622436523437 0.5427190399169922 0.8815535861253738 0.5427190399169922 0.8815535861253738 0.5502451807260514 0.8753622436523437 0.5502451807260514
0 0.4914469909667969 0.37478080749511716 0.4975152575969696 0.37478080749511716 0.4975152575969696 0.38330307841300965 0.4914469909667969 0.38330307841300965
0 0.5077085876464844 0.6447931671142578 0.5148430770635606 0.6447931671142578 0.5148430770635606 0.6534120112657547 0.5077085876464844 0.6534120112657547
0 0.8386145782470703 0.5408012390136718 0.8448454278707505 0.5408012390136718 0.8448454278707505 0.5490868800878524 0.8386145782470703 0.5490868800878524
0 0.46810680389404297 0.5332303619384766 0.47421020150184634 0.5332303619384766 0.47421020150184634 0.5422982728481294 0.46810680389404297 0.5422982728481294
0 0.8761335754394531 0.4893393707275391 0.8823412412405015 0.4893393707275391 0.8823412412405015 0.4972073322534561 0.8761335754394531 0.4972073322534561
0 0.5327017211914062 0.68971923828125 0.5402987056970596 0.68971923828125 0.5402987056970596 0.6998857820034027 0.5327017211914062 0.6998857820034027
0 0.1953081703186035 0.324367790222168 0.20115783095359802 0.324367790222168 0.20115783095359802 0.3322127449512482 0.1953081703186035 0.3322127449512482
0 0.20407926559448242 0.6454916381835938 0.20999118864536287 0.6454916381835938 0.20999118864536287 0.6541934961080551 0.20407926559448242 0.6541934961080551
0 0.4473528289794922 0.3314141845703125 0.4545274466276169 0.3314141845703125 0.4545274466276169 0.3403818660974503 0.4473528289794922 0.3403818660974503
0 0.1393351936340332 0.32489002227783204 0.14672795891761778 0.32489002227783204 0.14672795891761778 0.3334913939237595 0.1393351936340332 0.3334913939237595
0 0.8610519409179688 0.6895509338378907 0.8676878583431246 0.6895509338378907 0.8676878583431246 0.6984783530235291 0.8610519409179688 0.6984783530235291
0 0.8196141052246094 0.6331573867797852 0.8260106134414674 0.6331573867797852 0.8260106134414674 0.6424092727899551 0.8196141052246094 0.6424092727899551
0 0.7951247406005859 0.6896710205078125 0.8017992186546326 0.6896710205078125 0.8017992186546326 0.6977825295925139 0.7951247406005859 0.6977825295925139
0 0.21946659088134765 0.5390730667114257 0.22707887828350065 0.5390730667114257 0.22707887828350065 0.5481622058153152 0.21946659088134765 0.5481622058153152
0 0.14126466751098632 0.37738475799560545 0.14779117107391357 0.37738475799560545 0.14779117107391357 0.38500039577484124 0.14126466751098632 0.38500039577484124
0 0.7988609313964844 0.6333371734619141 0.8063270330429078 0.6333371734619141 0.8063270330429078 0.6421400320529939 0.7988609313964844 0.6421400320529939
0 0.4529458618164062 0.48196258544921877 0.45996372222900384 0.48196258544921877 0.45996372222900384 0.49141295433044435 0.4529458618164062 0.49141295433044435
0 0.7991551971435547 0.492713623046875 0.8054710346460342 0.492713623046875 0.8054710346460342 0.5011515355110169 0.7991551971435547 0.5011515355110169
0 0.8619966888427735 0.48802764892578127 0.868338371515274 0.48802764892578127 0.868338371515274 0.4964870661497116 0.8619966888427735 0.4964870661497116
0 0.20914371490478514 0.48061180114746094 0.21615478813648223 0.48061180114746094 0.21615478813648223 0.4893103384971618 0.20914371490478514 0.4893103384971618
0 0.8619130706787109 0.3852531814575195 0.867606491446495 0.3852531814575195 0.867606491446495 0.3922652274370193 0.8619130706787109 0.3922652274370193
0 0.7958455657958985 0.3829831314086914 0.8022658491134644 0.3829831314086914 0.8022658491134644 0.3914026230573654 0.7958455657958985 0.3914026230573654
0 0.553354606628418 0.6990645599365234 0.5597413563728332 0.6990645599365234 0.5597413563728332 0.7077208787202834 0.553354606628418 0.7077208787202834
0 0.13989809036254883 0.472146110534668 0.14684984385967256 0.472146110534668 0.14684984385967256 0.4810653471946716 0.13989809036254883 0.4810653471946716
0 0.19414216995239258 0.697092742919922 0.19997633516788482 0.697092742919922 0.19997633516788482 0.7053588956594468 0.19414216995239258 0.7053588956594468
0 0.5228041458129883 0.32629287719726563 0.5301870340108871 0.32629287719726563 0.5301870340108871 0.3341584271192551 0.5228041458129883 0.3341584271192551
0 0.4765581512451172 0.4876956558227539 0.4838982200622558 0.4876956558227539 0.4838982200622558 0.4963720560073852 0.4765581512451172 0.4963720560073852
0 0.8548609924316406 0.5432609558105469 0.8616528689861297 0.5432609558105469 0.8616528689861297 0.551762354373932 0.8548609924316406 0.551762354373932
0 0.22843242645263673 0.6493187713623046 0.23516981780529025 0.6493187713623046 0.23516981780529025 0.6577857786417007 0.22843242645263673 0.6577857786417007
0 0.17480869293212892 0.4822001647949219 0.18132866084575652 0.4822001647949219 0.18132866084575652 0.4899815148115158 0.17480869293212892 0.4899815148115158
0 0.5454445648193359 0.47267154693603514 0.5530558025836944 0.47267154693603514 0.5530558025836944 0.48198549568653104 0.5454445648193359 0.48198549568653104
0 0.15947738647460938 0.6356369018554687 0.1665769523382187 0.6356369018554687 0.1665769523382187 0.6446559137105942 0.15947738647460938 0.6446559137105942
0 0.5350020217895508 0.5268833923339844 0.5420456087589264 0.5268833923339844 0.5420456087589264 0.53565225481987 0.5350020217895508 0.53565225481987
0 0.5111127090454102 0.6982948303222656 0.5185210877656937 0.6982948303222656 0.5185210877656937 0.7076694983243942 0.5111127090454102 0.7076694983243942
0 0.7974491882324218 0.3287992477416992 0.8051055520772934 0.3287992477416992 0.8051055520772934 0.33904265880584716 0.7974491882324218 0.33904265880584716
0 0.4664131546020508 0.3738022232055664 0.47330799818038943 0.3738022232055664 0.47330799818038943 0.38309490501880644 0.4664131546020508 0.38309490501880644
0 0.19202190399169922 0.4833699417114258 0.19854592323303222 0.4833699417114258 0.19854592323303222 0.4924835896492004 0.19202190399169922 0.4924835896492004
0 0.14662428855895995 0.5438015747070313 0.1533783280849457 0.5438015747070313 0.1533783280849457 0.5520456689596176 0.14662428855895995 0.5520456689596176
0 0.7804976654052734 0.6336620712280273 0.7866953951120377 0.6336620712280273 0.7866953951120377 0.6416289776563644 0.7804976654052734 0.6416289776563644
0 0.2297681999206543 0.6970639038085937 0.23721012711524966 0.6970639038085937 0.23721012711524966 0.706221233010292 0.2297681999206543 0.706221233010292
0 0.17822980880737305 0.38089324951171877 0.18475949108600617 0.38089324951171877 0.18475949108600617 0.38987336337566375 0.17822980880737305 0.38987336337566375
0 0.8818695831298828 0.33690113067626953 0.8884443467855454 0.33690113067626953 0.8884443467855454 0.34481747746467595 0.8818695831298828 0.34481747746467595
0 0.881649398803711 0.3858137893676758 0.8874616372585298 0.3858137893676758 0.8874616372585298 0.39312780916690826 0.881649398803711 0.39312780916690826
0 0.8186334991455078 0.38182666778564456 0.824440414905548 0.38182666778564456 0.824440414905548 0.38942953705787664 0.8186334991455078 0.38942953705787664
0 0.1605828094482422 0.4833889389038086 0.16672195851802826 0.4833889389038086 0.16672195851802826 0.4919551676511765 0.1605828094482422 0.4919551676511765
0 0.7744978332519531 0.6850933074951173 0.7813030165433883 0.6850933074951173 0.7813030165433883 0.6939657002687455 0.7744978332519531 0.6939657002687455
0 0.8618050384521484 0.6296243667602539 0.868560128211975 0.6296243667602539 0.868560128211975 0.638752522468567 0.8618050384521484 0.638752522468567
0 0.5482620239257813 0.6400498962402343 0.5562643122673036 0.6400498962402343 0.5562643122673036 0.6488763153553008 0.5482620239257813 0.6488763153553008
0 0.4472138214111328 0.3894287490844726 0.45352090597152706 0.3894287490844726 0.45352090597152706 0.39831055045127867 0.4472138214111328 0.39831055045127867
0 0.8643095397949219 0.33400161743164064 0.8715526741743087 0.33400161743164064 0.8715526741743087 0.3439618510007858 0.8643095397949219 0.3439618510007858
0 0.16593231201171876 0.5355646896362305 0.17266180753707888 0.5355646896362305 0.17266180753707888 0.5433752924203873 0.16593231201171876 0.5433752924203873
0 0.17190378189086913 0.6962089538574219 0.177655576467514 0.6962089538574219 0.177655576467514 0.7043151658773422 0.17190378189086913 0.7043151658773422
0 0.8109837341308593 0.6923090362548828 0.8175722187757491 0.6923090362548828 0.8175722187757491 0.7009363394975663 0.8109837341308593 0.7009363394975663
0 0.19371753692626953 0.3765063095092773 0.19982063829898833 0.3765063095092773 0.19982063829898833 0.3845187944173813 0.19371753692626953 0.3845187944173813
0 0.4485128784179688 0.5305621719360352 0.4556506502628327 0.5305621719360352 0.4556506502628327 0.5390586292743683 0.4485128784179688 0.5390586292743683
0 0.21414831161499023 0.31866838455200197 0.22189090490341187 0.31866838455200197 0.22189090490341187 0.32902526736259463 0.21414831161499023 0.32902526736259463
0 0.8020013427734375 0.5493621444702148 0.8086920851469039 0.5493621444702148 0.8086920851469039 0.5579849809408187 0.8020013427734375 0.5579849809408187
0 0.4659144973754883 0.6893797302246094 0.4730647188425064 0.6893797302246094 0.4730647188425064 0.6991005277633667 0.4659144973754883 0.6991005277633667
0 0.5032968521118164 0.5404141616821289 0.5108821260929107 0.5404141616821289 0.5108821260929107 0.5502672284841537 0.5032968521118164 0.5502672284841537
0 0.4696213912963867 0.6421830749511719 0.47823784589767454 0.6421830749511719 0.47823784589767454 0.6520234918594361 0.4696213912963867 0.6520234918594361
0 0.5281111907958984 0.6445736694335937 0.5355084508657455 0.6445736694335937 0.5355084508657455 0.6556660580635071 0.5281111907958984 0.6556660580635071
0 0.1550256633758545 0.6926100158691406 0.1626032638549805 0.6926100158691406 0.1626032638549805 0.7022868549823761 0.1550256633758545 0.7022868549823761
0 0.49181987762451174 0.6418489837646484 0.49864771246910095 0.6418489837646484 0.49864771246910095 0.6518813216686248 0.49181987762451174 0.6518813216686248
0 0.8392964935302735 0.3368002700805664 0.8470956861972809 0.3368002700805664 0.8470956861972809 0.3463148367404938 0.8392964935302735 0.3463148367404938
0 0.8394158935546875 0.4926252746582031 0.847141986489296 0.4926252746582031 0.847141986489296 0.5015325731039048 0.8394158935546875 0.5015325731039048
0 0.8208834075927735 0.49563385009765626 0.8279856640100479 0.49563385009765626 0.8279856640100479 0.5056573331356049 0.8208834075927735 0.5056573331356049
0 0.8393999481201172 0.6342215728759766 0.847025734782219 0.6342215728759766 0.847025734782219 0.6438277316093445 0.8393999481201172 0.6438277316093445
0 0.5085048675537109 0.3688921737670898 0.5151294296979904 0.3688921737670898 0.5151294296979904 0.37912046432495117 0.5085048675537109 0.37912046432495117
0 0.8173708343505859 0.334527587890625 0.823605528473854 0.334527587890625 0.823605528473854 0.3441578602790833 0.8173708343505859 0.3441578602790833
0 0.18277929306030274 0.639842643737793 0.1908470231294632 0.639842643737793 0.1908470231294632 0.6501111757755279 0.18277929306030274 0.6501111757755279
0 0.4678532791137695 0.3294201278686523 0.47464743256568903 0.3294201278686523 0.47464743256568903 0.33842014491558076 0.4678532791137695 0.33842014491558076
0 0.8179638671875 0.5424361801147461 0.824647216796875 0.5424361801147461 0.824647216796875 0.5503826886415483 0.8179638671875 0.5503826886415483
0 0.17522449493408204 0.32870677947998045 0.1827510702610016 0.32870677947998045 0.1827510702610016 0.33942060351371767 0.17522449493408204 0.33942060351371767
0 0.21571212768554687 0.37077644348144534 0.2233274608850479 0.37077644348144534 0.2233274608850479 0.3807252925634384 0.21571212768554687 0.3807252925634384
0 0.5024079513549805 0.3301362991333008 0.509343780875206 0.3301362991333008 0.509343780875206 0.3385722947120666 0.5024079513549805 0.3385722947120666
0 0.15314662105450774 0.37810811102393965 0.15919188241192256 0.37810811102393965 0.15919188241192256 0.3888830846350832 0.15314662105450774 0.3888830846350832
0 0.1853880149607199 0.535018664236216 0.19244081987770384 0.535018664236216 0.19244081987770384 0.5451202019966631 0.1853880149607199 0.5451202019966631
0 0.1984860812351186 0.5377124076390019 0.20553888615210253 0.5377124076390019 0.20553888615210253 0.5457936378473595 0.1984860812351186 0.5457936378473595
0 0.2156143217477938 0.6461355796011327 0.22216335488499314 0.6461355796011327 0.22216335488499314 0.6569105532122761 0.2156143217477938 0.6569105532122761
0 0.527952825214224 0.36463939401001033 0.5339980865716388 0.36463939401001033 0.5339980865716388 0.3787815468746361 0.527952825214224 0.3787815468746361
0 0.48865862639102803 0.5323249208334302 0.49420011596865826 0.5323249208334302 0.49420011596865826 0.5457936378473595 0.48865862639102803 0.5457936378473595
0 0.8398005740285083 0.3888830846350831 0.8473571507252766 0.3888830846350831 0.8473571507252766 0.39763775069413715 0.8398005740285083 0.39763775069413715
