0 0.16604995727539062 0.2172890853881836 0.17357712388038637 0.2172890853881836 0.17357712388038637 0.22718239426612852 0.16604995727539062 0.22718239426612852
0 0.5324882507324219 0.15544146537780762 0.5401122039556504 0.15544146537780762 0.5401122039556504 0.16534386634826662 0.5324882507324219 0.16534386634826662
0 0.4761079788208008 0.32020668029785154 0.48387547135353093 0.32020668029785154 0.48387547135353093 0.3305454385280609 0.4761079788208008 0.3305454385280609
0 0.1622290802001953 0.32169136047363284 0.16935725629329682 0.32169136047363284 0.16935725629329682 0.33144214153289797 0.1622290802001953 0.33144214153289797
0 0.5230254364013672 0.5223775482177735 0.5299896544218063 0.5223775482177735 0.5299896544218063 0.5317823779582977 0.5230254364013672 0.5317823779582977
0 0.5247415924072265 0.6786510467529296 0.5317349082231521 0.6786510467529296 0.5317349082231521 0.6875145059823989 0.5247415924072265 0.6875145059823989
0 0.49790924072265624 0.6263088989257812 0.5064610821008682 0.6263088989257812 0.5064610821008682 0.636025584936142 0.49790924072265624 0.636025584936142
0 0.1971786117553711 0.8345464324951172 0.20409931540489198 0.8345464324951172 0.20409931540489198 0.8431938177347184 0.1971786117553711 0.8431938177347184
0 0.5395360946655273 0.6265191268920899 0.5481425249576568 0.6265191268920899 0.5481425249576568 0.6360949259996415 0.5395360946655273 0.6360949259996415
0 0.5088391494750977 0.20575710296630859 0.5160763102769852 0.20575710296630859 0.5160763102769852 0.2140318137407303 0.5088391494750977 0.2140318137407303
0 0.14171648025512695 0.21855773925781247 0.14947938919067383 0.21855773925781247 0.14947938919067383 0.22712165534496306 0.14171648025512695 0.22712165534496306
0 0.47769813537597655 0.4714168167114258 0.48576979815959925 0.4714168167114258 0.48576979815959925 0.4806685447692871 0.47769813537597655 0.4806685447692871
0 0.5476821899414063 0.7831218719482422 0.5552827227115631 0.7831218719482422 0.5552827227115631 0.7918125826120376 0.5476821899414063 0.7918125826120376
0 0.48583518981933593 0.20735845565795902 0.493228605389595 0.20735845565795902 0.493228605389595 0.21604244589805605 0.48583518981933593 0.21604244589805605
0 0.5551195526123047 0.31248586654663085 0.5636150902509691 0.31248586654663085 0.5636150902509691 0.3230477154254914 0.5551195526123047 0.3230477154254914
0 0.4545332717895508 0.06313019275665283 0.4618992155790329 0.06313019275665283 0.4618992155790329 0.07126905679702758 0.4545332717895508 0.07126905679702758
0 0.23347166061401367 0.2188103675842285 0.2406084567308426 0.2188103675842285 0.2406084567308426 0.22816323459148405 0.23347166061401367 0.22816323459148405
0 0.4920440673828125 0.1577826690673828 0.49830389678478243 0.1577826690673828 0.49830389678478243 0.1675938630104065 0.4920440673828125 0.1675938630104065
0 0.13954657554626465 0.320980110168457 0.14615314304828644 0.320980110168457 0.14615314304828644 0.33039531648159026 0.13954657554626465 0.33039531648159026
0 0.5027511596679688 0.7809580993652344 0.5107915949821472 0.7809580993652344 0.5107915949821472 0.7911406922340393 0.5027511596679688 0.7911406922340393
0 0.16339107513427734 0.37289478302001955 0.16986610949039457 0.37289478302001955 0.16986610949039457 0.38206760823726654 0.16339107513427734 0.38206760823726654
0 0.5293791198730469 0.7824272918701172 0.5358871114253998 0.7824272918701172 0.5358871114253998 0.7924690771102905 0.5293791198730469 0.7924690771102905
0 0.4748891448974609 0.06289012432098388 0.4817506617307663 0.06289012432098388 0.4817506617307663 0.07109102129936218 0.4748891448974609 0.07109102129936218
0 0.49505855560302736 0.4701811599731445 0.502259550690651 0.4701811599731445 0.502259550690651 0.4790197545289993 0.49505855560302736 0.4790197545289993
0 0.2182221794128418 0.021239383220672606 0.2250813007354736 0.021239383220672606 0.2250813007354736 0.02871688425540924 0.2182221794128418 0.02871688425540924
0 0.20827913284301758 0.6246123123168945 0.21621240198612213 0.6246123123168945 0.21621240198612213 0.634552543759346 0.20827913284301758 0.634552543759346
0 0.24787202835083008 0.16440244674682616 0.25501033246517185 0.16440244674682616 0.25501033246517185 0.17504676580429074 0.24787202835083008 0.17504676580429074
0 0.24890346527099613 0.8364318084716796 0.2560775208473206 0.8364318084716796 0.2560775208473206 0.8457046455144882 0.24890346527099613 0.8457046455144882
0 0.22021312713623048 0.3249232482910156 0.22749109625816347 0.3249232482910156 0.22749109625816347 0.33469458520412443 0.22021312713623048 0.33469458520412443
0 0.15921634674072266 0.531314468383789 0.16638521254062655 0.531314468383789 0.16638521254062655 0.5417300546169281 0.15921634674072266 0.5417300546169281
0 0.4979949569702148 0.6860577392578125 0.5058723366260528 0.6860577392578125 0.5058723366260528 0.6946544462442398 0.4979949569702148 0.6946544462442398
0 0.47161705017089844 0.6275424957275391 0.47942869246006015 0.6275424957275391 0.47942869246006015 0.6371524101495742 0.47161705017089844 0.6371524101495742
0 0.1723356819152832 0.7784871673583984 0.1797946572303772 0.7784871673583984 0.1797946572303772 0.7882270973920823 0.1723356819152832 0.7882270973920823
0 0.5496761703491211 0.5220646286010742 0.5576269459724426 0.5220646286010742 0.5576269459724426 0.5315819227695464 0.5496761703491211 0.5315819227695464
0 0.20389091491699218 0.22545679092407225 0.21178143858909607 0.22545679092407225 0.21178143858909607 0.23493542432785033 0.20389091491699218 0.23493542432785033
0 0.185856876373291 0.3727555847167969 0.1933418446779251 0.3727555847167969 0.1933418446779251 0.3811056208610535 0.185856876373291 0.3811056208610535
0 0.4509158706665039 0.47009567260742186 0.45818884253501896 0.47009567260742186 0.45818884253501896 0.48029439449310307 0.4509158706665039 0.48029439449310307
0 0.4790020751953125 0.7792182159423828 0.48654263734817504 0.7792182159423828 0.48654263734817504 0.7886146259307862 0.4790020751953125 0.7886146259307862
0 0.1344163417816162 0.7743273162841797 0.14075387001037598 0.7743273162841797 0.14075387001037598 0.7827043914794922 0.1344163417816162 0.7827043914794922
0 0.1782190704345703 0.8319574737548828 0.18472599744796753 0.8319574737548828 0.18472599744796753 0.8405255603790284 0.1782190704345703 0.8405255603790284
0 0.23995180130004884 0.6244723510742187 0.2470577985048294 0.6244723510742187 0.2470577985048294 0.634313400387764 0.23995180130004884 0.634313400387764
0 0.5557232666015625 0.832216567993164 0.5632631194591522 0.832216567993164 0.5632631194591522 0.8406069254875183 0.5557232666015625 0.8406069254875183
0 0.45399845123291016 0.8379844665527345 0.4609095001220703 0.8379844665527345 0.4609095001220703 0.8470195668935777 0.45399845123291016 0.8470195668935777
0 0.4709805679321289 0.010089117288589477 0.4782253283262253 0.010089117288589477 0.4782253283262253 0.01859915554523468 0.4709805679321289 0.01859915554523468
0 0.5030684661865235 0.5204301071166992 0.5106899946928024 0.5204301071166992 0.5106899946928024 0.5310542559623718 0.5030684661865235 0.5310542559623718
0 0.1712086296081543 0.16204181671142578 0.177989017367363 0.16204181671142578 0.177989017367363 0.17206097126007078 0.1712086296081543 0.17206097126007078
0 0.5431023025512696 0.4670487594604492 0.5517018127441407 0.4670487594604492 0.5517018127441407 0.47674374341964715 0.5431023025512696 0.47674374341964715
0 0.5187118530273438 0.4671142959594727 0.5272784209251404 0.4671142959594727 0.5272784209251404 0.4770189893245697 0.5187118530273438 0.4770189893245697
0 0.4511415481567383 0.6804102325439453 0.4581818234920502 0.6804102325439453 0.4581818234920502 0.6904573941230774 0.4511415481567383 0.6904573941230774
0 0.1847359848022461 0.6695954895019531 0.19224503874778745 0.6695954895019531 0.19224503874778745 0.678994666337967 0.1847359848022461 0.678994666337967
0 0.1549261474609375 0.47203842163085935 0.1616701179742813 0.47203842163085935 0.1616701179742813 0.4805084329843521 0.1549261474609375 0.4805084329843521
0 0.53182861328125 0.8278520965576172 0.5387291342020034 0.8278520965576172 0.5387291342020034 0.8374103444814681 0.53182861328125 0.8374103444814681
0 0.505655517578125 0.36174015045166014 0.5126941365003586 0.36174015045166014 0.5126941365003586 0.371114541888237 0.505655517578125 0.371114541888237
0 0.2104048728942871 0.36813419342041015 0.2172266751527786 0.36813419342041015 0.2172266751527786 0.3777090442180633 0.2104048728942871 0.3777090442180633
0 0.5497599792480469 0.3566960906982422 0.5574567371606828 0.3566960906982422 0.5574567371606828 0.3660205155611038 0.5497599792480469 0.3660205155611038
0 0.21799123764038086 0.0760419225692749 0.22553435802459718 0.0760419225692749 0.22553435802459718 0.08488471210002899 0.21799123764038086 0.08488471210002899
0 0.2321942138671875 0.3716340255737305 0.23942288756370544 0.3716340255737305 0.23942288756370544 0.3814773279428482 0.2321942138671875 0.3814773279428482
0 0.4717057418823242 0.15294404029846193 0.47869879186153413 0.15294404029846193 0.47869879186153413 0.16231582224369048 0.4717057418823242 0.16231582224369048
0 0.17088865280151366 0.07598015308380127 0.17793546319007872 0.07598015308380127 0.17793546319007872 0.08495924830436706 0.17088865280151366 0.08495924830436706
0 0.22190898895263672 0.16684625625610353 0.22934186756610872 0.16684625625610353 0.22934186756610872 0.17719373106956482 0.22190898895263672 0.17719373106956482
0 0.4681041717529297 0.21483400344848633 0.4745010644197464 0.21483400344848633 0.4745010644197464 0.22442739367485046 0.4681041717529297 0.22442739367485046
0 0.2129821014404297 0.6736444854736328 0.22057346701622013 0.6736444854736328 0.22057346701622013 0.6841407144069671 0.2129821014404297 0.6841407144069671
0 0.4796357345581055 0.8365047454833985 0.4865646439790726 0.8365047454833985 0.4865646439790726 0.8456079179048538 0.4796357345581055 0.8456079179048538
0 0.5201283645629883 0.6286972427368164 0.5272815430164338 0.6286972427368164 0.5272815430164338 0.6381150782108306 0.5201283645629883 0.6381150782108306
0 0.45590049743652344 0.6287516784667969 0.4623462414741516 0.6287516784667969 0.4623462414741516 0.6374635380506516 0.45590049743652344 0.6374635380506516
0 0.1313299560546875 0.4730243682861328 0.13936382651329043 0.4730243682861328 0.13936382651329043 0.48228218376636506 0.1313299560546875 0.48228218376636506
0 0.48242443084716796 0.3674407958984375 0.4901398777961731 0.3674407958984375 0.4901398777961731 0.3766761189699173 0.48242443084716796 0.3766761189699173
0 0.15728521347045898 0.6190250015258789 0.16356056809425354 0.6190250015258789 0.16356056809425354 0.6281858092546463 0.15728521347045898 0.6281858092546463
0 0.16583824157714844 0.02395375728607178 0.17245507061481474 0.02395375728607178 0.17245507061481474 0.03200401604175568 0.16583824157714844 0.03200401604175568
0 0.1848463249206543 0.31848089218139647 0.19272462129592896 0.31848089218139647 0.19272462129592896 0.32847397565841674 0.1848463249206543 0.32847397565841674
0 0.15462149620056154 0.6593056488037109 0.16158093810081484 0.6593056488037109 0.16158093810081484 0.6682481688261032 0.15462149620056154 0.6682481688261032
0 0.5416265869140625 0.011504294872283936 0.5494972831010819 0.011504294872283936 0.5494972831010819 0.01958270788192749 0.5416265869140625 0.01958270788192749
0 0.2346940040588379 0.6712755584716796 0.2422456258535385 0.6712755584716796 0.2422456258535385 0.6799069732427596 0.2346940040588379 0.6799069732427596
0 0.4483750152587891 0.2159330940246582 0.45574524700641633 0.2159330940246582 0.45574524700641633 0.22569091200828553 0.4483750152587891 0.22569091200828553
0 0.1515006160736084 0.7797492980957033 0.15843036830425264 0.7797492980957033 0.15843036830425264 0.7895415669679642 0.1515006160736084 0.7895415669679642
0 0.15765979766845703 0.8282239532470703 0.16411849439144136 0.8282239532470703 0.16411849439144136 0.8373381149768829 0.15765979766845703 0.8373381149768829
0 0.14001367568969728 0.3687612152099609 0.14678644895553591 0.3687612152099609 0.14678644895553591 0.3782423388957977 0.14001367568969728 0.3782423388957977
0 0.2227732467651367 0.7796670532226563 0.2301503390073776 0.7796670532226563 0.2301503390073776 0.7888290470838547 0.2227732467651367 0.7888290470838547
0 0.14597798347473145 0.07584193229675293 0.15325191617012027 0.07584193229675293 0.15325191617012027 0.08520369827747346 0.14597798347473145 0.08520369827747346
0 0.2295909309387207 0.5274161148071289 0.23851553320884705 0.5274161148071289 0.23851553320884705 0.5382972121238708 0.2295909309387207 0.5382972121238708
0 0.4484294128417969 0.3199384880065918 0.4566512680053711 0.3199384880065918 0.4566512680053711 0.32991441547870637 0.4484294128417969 0.32991441547870637
0 0.5277013778686523 0.3092474365234375 0.5356900638341904 0.3092474365234375 0.5356900638341904 0.31964869260787965 0.5277013778686523 0.31964869260787965
0 0.20961326599121094 0.8386711883544922 0.21664505422115327 0.8386711883544922 0.21664505422115327 0.8468790727853774 0.20961326599121094 0.8468790727853774
0 0.223900203704834 0.4745382308959961 0.23281750202178955 0.4745382308959961 0.23281750202178955 0.48496769189834593 0.223900203704834 0.48496769189834593
0 0.14525720596313477 0.02318207263946533 0.15090105056762695 0.02318207263946533 0.15090105056762695 0.031094004511833192 0.14525720596313477 0.031094004511833192
0 0.5267083740234375 0.20451568603515624 0.5343420267105103 0.20451568603515624 0.5343420267105103 0.21414864659309385 0.5267083740234375 0.21414864659309385
0 0.49857887268066403 0.05534401893615723 0.5058780741691589 0.05534401893615723 0.5058780741691589 0.06406498551368714 0.49857887268066403 0.06406498551368714
0 0.19431617736816406 0.026331465244293212 0.20093753099441528 0.026331465244293212 0.20093753099441528 0.03578936219215393 0.19431617736816406 0.03578936219215393
0 0.5033623123168945 0.31157995223999024 0.5113660204410553 0.31157995223999024 0.5113660204410553 0.32200328588485716 0.5033623123168945 0.32200328588485716
0 0.5111198425292969 0.15574225425720215 0.5184409266710281 0.15574225425720215 0.5184409266710281 0.16596673011779786 0.5111198425292969 0.16596673011779786
0 0.194869327545166 0.15996365547180175 0.2026207333803177 0.15996365547180175 0.2026207333803177 0.1702252697944641 0.194869327545166 0.1702252697944641
0 0.5188403701782227 0.007242797017097473 0.5262647765874864 0.007242797017097473 0.5262647765874864 0.017744705080986023 0.5188403701782227 0.017744705080986023
0 0.4525875473022461 0.004914061725139618 0.45979732513427735 0.004914061725139618 0.45979732513427735 0.01515256255865097 0.4525875473022461 0.01515256255865097
0 0.14004008293151857 0.16112300872802734 0.14804600894451145 0.16112300872802734 0.14804600894451145 0.17148172974586487 0.14004008293151857 0.17148172974586487
0 0.1974118995666504 0.47322559356689453 0.20517968773841858 0.47322559356689453 0.20517968773841858 0.48334861397743223 0.1974118995666504 0.48334861397743223
0 0.5446802520751953 0.055027279853820804 0.551554691195488 0.055027279853820804 0.551554691195488 0.0639035314321518 0.5446802520751953 0.0639035314321518
0 0.4557010269165039 0.7862332153320312 0.4629446637630462 0.7862332153320312 0.4629446637630462 0.7968483519554138 0.4557010269165039 0.7968483519554138
0 0.5423191452026367 0.6806057739257813 0.5498219156265259 0.6806057739257813 0.5498219156265259 0.6902772372961045 0.5423191452026367 0.6902772372961045
0 0.13797993659973146 0.6751477813720703 0.1450099802017212 0.6751477813720703 0.1450099802017212 0.6849407613277436 0.13797993659973146 0.6849407613277436
0 0.4732657241821289 0.5223932266235352 0.48064228415489196 0.5223932266235352 0.48064228415489196 0.5324184095859528 0.4732657241821289 0.5324184095859528
0 0.19386627197265624 0.07820434093475342 0.2007991886138916 0.07820434093475342 0.2007991886138916 0.08792323112487793 0.19386627197265624 0.08792323112487793
0 0.4756241989135742 0.6822055816650392 0.4838690608739853 0.6822055816650392 0.4838690608739853 0.6925765776634217 0.4756241989135742 0.6925765776634217
0 0.5015447998046875 0.828365478515625 0.5089554256200791 0.828365478515625 0.5089554256200791 0.8391131997108459 0.5015447998046875 0.8391131997108459
0 0.2008426856994629 0.7759001922607421 0.20834632813930512 0.7759001922607421 0.20834632813930512 0.785635694861412 0.2008426856994629 0.785635694861412
0 0.2627531814575195 0.22421550750732422 0.27045786440372466 0.22421550750732422 0.27045786440372466 0.23471622228622435 0.2627531814575195 0.23471622228622435
0 0.44945919036865234 0.15711554527282715 0.4574733960628509 0.15711554527282715 0.4574733960628509 0.1677319955825806 0.44945919036865234 0.1677319955825806
0 0.17523984909057616 0.4721678161621094 0.18290333926677704 0.4721678161621094 0.18290333926677704 0.48088370740413666 0.17523984909057616 0.48088370740413666
0 0.18155729293823242 0.525577278137207 0.18848120510578156 0.525577278137207 0.18848120510578156 0.5364046537876129 0.18155729293823242 0.5364046537876129
0 0.25333616256713865 0.3238888931274414 0.2615534937381744 0.3238888931274414 0.2615534937381744 0.3345575737953186 0.25333616256713865 0.3345575737953186
0 0.20257215499877929 0.5256970977783203 0.21036391079425812 0.5256970977783203 0.21036391079425812 0.5364114165306092 0.20257215499877929 0.5364114165306092
0 0.5281723785400391 0.35553573608398437 0.5355800473690032 0.35553573608398437 0.5355800473690032 0.3655417072772979 0.5281723785400391 0.3655417072772979
0 0.24998548507690427 0.021663830280303956 0.2564876514673233 0.021663830280303956 0.2564876514673233 0.029199300408363344 0.24998548507690427 0.029199300408363344
0 0.1362893295288086 0.8245765686035156 0.1434048044681549 0.8245765686035156 0.1434048044681549 0.8332156521081925 0.1362893295288086 0.8332156521081925
0 0.4562221908569336 0.3703805923461915 0.46423163592815403 0.3703805923461915 0.46423163592815403 0.3806677436828614 0.4562221908569336 0.3806677436828614
0 0.1350201988220215 0.5255803680419922 0.14260667085647583 0.5255803680419922 0.14260667085647583 0.5350843006372451 0.1350201988220215 0.5350843006372451
0 0.1326827049255371 0.6197774505615234 0.14012625873088835 0.6197774505615234 0.14012625873088835 0.6294321531057357 0.1326827049255371 0.6294321531057357
0 0.4498352813720703 0.5237707138061524 0.457367268204689 0.5237707138061524 0.457367268204689 0.5334553802013398 0.4498352813720703 0.5334553802013398
0 0.24659961700439453 0.07259883403778077 0.25420625627040866 0.07259883403778077 0.25420625627040866 0.08229138672351838 0.24659961700439453 0.08229138672351838
0 0.4964441902604257 0.0134687170139293 0.5023978567487888 0.0134687170139293 0.5023978567487888 0.022039718750066124 0.4964441902604257 0.022039718750066124
0 0.5184269588328433 0.05571151128488938 0.5280444200832758 0.05571151128488938 0.5280444200832758 0.06673137065992243 0.5184269588328433 0.06673137065992243
0 0.17586214857933904 0.6195609826407479 0.18364771244873687 0.6195609826407479 0.18364771244873687 0.6299686276060569 0.17586214857933904 0.6299686276060569
