0 0.1973242950439453 0.21678943634033204 0.20502681910991666 0.21678943634033204 0.20502681910991666 0.2261385875940323 0.1973242950439453 0.2261385875940323
0 0.7890101623535156 0.3136259651184082 0.796953308582306 0.3136259651184082 0.796953308582306 0.3225725370645523 0.7890101623535156 0.3225725370645523
0 0.5615647888183594 0.6856703186035156 0.5696185904741287 0.6856703186035156 0.5696185904741287 0.6967842507362365 0.5615647888183594 0.6967842507362365
0 0.210533447265625 0.8241112518310546 0.21646506488323214 0.8241112518310546 0.21646506488323214 0.8325256437063218 0.210533447265625 0.8325256437063218
0 0.5248912048339843 0.8335957336425781 0.5324356704950332 0.8335957336425781 0.5324356704950332 0.8435128396749495 0.5248912048339843 0.8435128396749495
0 0.8195217895507813 0.3140399169921875 0.8275081098079682 0.3140399169921875 0.8275081098079682 0.3237412059307098 0.8195217895507813 0.3237412059307098
0 0.47804386138916016 0.5193246459960937 0.4863156920671463 0.5193246459960937 0.4863156920671463 0.5294050920009613 0.47804386138916016 0.5294050920009613
0 0.18713396072387695 0.8224059295654297 0.19342093646526337 0.8224059295654297 0.19342093646526337 0.8307247364521027 0.18713396072387695 0.8307247364521027
0 0.5543862915039063 0.8329921722412108 0.5621033942699433 0.8329921722412108 0.5621033942699433 0.8432484507560729 0.5543862915039063 0.8432484507560729
0 0.765082015991211 0.31483715057373046 0.773060114979744 0.31483715057373046 0.773060114979744 0.3243743085861206 0.765082015991211 0.3243743085861206
0 0.830640869140625 0.5304114151000977 0.8378420710563659 0.5304114151000977 0.8378420710563659 0.5395988267660141 0.830640869140625 0.5395988267660141
0 0.4846854400634766 0.14694540023803712 0.49185171842575076 0.14694540023803712 0.49185171842575076 0.15601796627044678 0.4846854400634766 0.15601796627044678
0 0.5800298690795899 0.2086614608764648 0.5884870231151581 0.2086614608764648 0.5884870231151581 0.2191992950439453 0.5800298690795899 0.2191992950439453
0 0.7731277465820312 0.21580093383789065 0.7807748246192932 0.21580093383789065 0.7807748246192932 0.22500263571739196 0.7731277465820312 0.22500263571739196
0 0.17083826065063476 0.21815996170043944 0.1770915699005127 0.21815996170043944 0.1770915699005127 0.22626107394695283 0.17083826065063476 0.22626107394695283
0 0.2556555938720703 0.3120205307006836 0.2633295524120331 0.3120205307006836 0.2633295524120331 0.32140988409519194 0.2556555938720703 0.32140988409519194
0 0.6004892349243164 0.6868274688720704 0.6077918076515196 0.6868274688720704 0.6077918076515196 0.6955728894472122 0.6004892349243164 0.6955728894472122
0 0.7993084716796875 0.7835810852050781 0.8069756585359574 0.7835810852050781 0.8069756585359574 0.793136960864067 0.7993084716796875 0.793136960864067
0 0.5617736053466796 0.6332683563232422 0.570033459663391 0.6332683563232422 0.570033459663391 0.6423794740438461 0.5617736053466796 0.6423794740438461
0 0.5262844467163086 0.6359252166748047 0.5346166920661926 0.6359252166748047 0.5346166920661926 0.6462945914268493 0.5262844467163086 0.6462945914268493
0 0.2800439262390137 0.3666317367553711 0.28789409995079046 0.3666317367553711 0.28789409995079046 0.3755412489175796 0.2800439262390137 0.3755412489175796
0 0.8105105590820313 0.6266212463378906 0.8178499186038971 0.6266212463378906 0.8178499186038971 0.6360682153701782 0.8105105590820313 0.6360682153701782
0 0.25136789321899417 0.5236802673339844 0.25981709301471717 0.5236802673339844 0.25981709301471717 0.5337153327465058 0.25136789321899417 0.5337153327465058
0 0.5840031051635742 0.7833232116699219 0.5922112691402435 0.7833232116699219 0.5922112691402435 0.7926713943481445 0.5840031051635742 0.7926713943481445
0 0.27428689956665037 0.5133056259155273 0.281798038482666 0.5133056259155273 0.281798038482666 0.5237057948112487 0.27428689956665037 0.5237057948112487
0 0.7952729797363282 0.5341645050048828 0.8025845420360566 0.5341645050048828 0.8025845420360566 0.5437829184532165 0.7952729797363282 0.5437829184532165
0 0.5525256729125977 0.2077985954284668 0.560014130473137 0.2077985954284668 0.560014130473137 0.217418372631073 0.5525256729125977 0.217418372631073
0 0.7712966156005859 0.7814469146728515 0.7782355797290802 0.7814469146728515 0.7782355797290802 0.7908649080991745 0.7712966156005859 0.7908649080991745
0 0.16466447830200195 0.8219523620605469 0.17119541764259338 0.8219523620605469 0.17119541764259338 0.8304776769876481 0.16466447830200195 0.8304776769876481
0 0.5837982940673828 0.3196835517883301 0.5911954355239868 0.3196835517883301 0.5911954355239868 0.330214329957962 0.5837982940673828 0.330214329957962
0 0.49436565399169924 0.38215545654296873 0.5023375135660172 0.38215545654296873 0.5023375135660172 0.39171575963497157 0.49436565399169924 0.39171575963497157
0 0.8133574676513672 0.6809963226318361 0.8218077611923218 0.6809963226318361 0.8218077611923218 0.6900245451927186 0.8133574676513672 0.6900245451927186
0 0.5678851699829102 0.3765015411376953 0.5761520624160767 0.3765015411376953 0.5761520624160767 0.38593613743782046 0.5678851699829102 0.38593613743782046
0 0.4973645401000976 0.7810234832763672 0.5051052409410477 0.7810234832763672 0.5051052409410477 0.7907114702463149 0.4973645401000976 0.7907114702463149
0 0.5932537460327149 0.5226382827758789 0.6014082676172257 0.5226382827758789 0.6014082676172257 0.5320236635208129 0.5932537460327149 0.5320236635208129
0 0.45990081787109377 0.7924259948730469 0.46709033966064456 0.7924259948730469 0.46709033966064456 0.8014901107549668 0.45990081787109377 0.8014901107549668
0 0.22678377151489257 0.1513368797302246 0.2352014923095703 0.1513368797302246 0.2352014923095703 0.1613856625556946 0.22678377151489257 0.1613856625556946
0 0.5263428115844726 0.7836878967285156 0.5343272984027861 0.7836878967285156 0.5343272984027861 0.7930673080682754 0.5263428115844726 0.7930673080682754
0 0.5528478622436523 0.5281338119506835 0.5607042461633682 0.5281338119506835 0.5607042461633682 0.5380359756946563 0.5528478622436523 0.5380359756946563
0 0.2232615280151367 0.21328115463256836 0.23066804349422454 0.21328115463256836 0.23066804349422454 0.22275395691394806 0.2232615280151367 0.22275395691394806
0 0.49730552673339845 0.8336768341064453 0.5048593372106552 0.8336768341064453 0.5048593372106552 0.8431866174936296 0.49730552673339845 0.8431866174936296
0 0.7732817077636719 0.5145281219482422 0.7809462332725524 0.5145281219482422 0.7809462332725524 0.5238168507814407 0.7732817077636719 0.5238168507814407
0 0.7706930541992187 0.680374755859375 0.7785046076774597 0.680374755859375 0.7785046076774597 0.6902875924110413 0.7706930541992187 0.6902875924110413
0 0.20865520477294922 0.36614833831787114 0.21634158313274382 0.36614833831787114 0.21634158313274382 0.37559582173824313 0.20865520477294922 0.37559582173824313
0 0.8266179656982422 0.4729352569580078 0.8346291846036912 0.4729352569580078 0.8346291846036912 0.4825265520811081 0.8266179656982422 0.4825265520811081
0 0.5361843109130859 0.46343318939208983 0.5435698014497757 0.46343318939208983 0.5435698014497757 0.4725940364599228 0.5361843109130859 0.4725940364599228
0 0.5627577209472656 0.14771594047546388 0.5707952582836151 0.14771594047546388 0.5707952582836151 0.15721428990364078 0.5627577209472656 0.15721428990364078
0 0.26084800720214846 0.15149394035339356 0.2694353640079499 0.15149394035339356 0.2694353640079499 0.16243196249008177 0.26084800720214846 0.16243196249008177
0 0.5210549545288086 0.21258222579956054 0.5284445852041244 0.21258222579956054 0.5284445852041244 0.22231369614601132 0.5210549545288086 0.22231369614601132
0 0.24794960021972656 0.7747248077392578 0.255382952094078 0.7747248077392578 0.255382952094078 0.7841788530349731 0.24794960021972656 0.7841788530349731
0 0.4746303176879883 0.45883335113525386 0.4814740025997162 0.45883335113525386 0.4814740025997162 0.4676155352592468 0.4746303176879883 0.4676155352592468
0 0.815863265991211 0.16971574783325194 0.82288325548172 0.16971574783325194 0.82288325548172 0.17983805656433105 0.815863265991211 0.17983805656433105
0 0.593988037109375 0.6322860336303711 0.6026233291625976 0.6322860336303711 0.6026233291625976 0.6419090718030929 0.593988037109375 0.6419090718030929
0 0.5521255111694336 0.7859561157226563 0.5599645072221756 0.7859561157226563 0.5599645072221756 0.7949512112140656 0.5521255111694336 0.7949512112140656
0 0.5051283264160156 0.4670284652709961 0.5123593366146088 0.4670284652709961 0.5123593366146088 0.47635933339595793 0.5051283264160156 0.47635933339595793
0 0.27461889266967776 0.4593646240234375 0.2824971890449524 0.4593646240234375 0.2824971890449524 0.47039344787597653 0.27461889266967776 0.47039344787597653
0 0.5363740158081055 0.14935690879821778 0.5430437624454498 0.14935690879821778 0.5430437624454498 0.15805025815963747 0.5363740158081055 0.15805025815963747
0 0.8671151733398438 0.22683841705322264 0.8751839381456376 0.22683841705322264 0.8751839381456376 0.23569207251071927 0.8671151733398438 0.23569207251071927
0 0.5499546432495117 0.3189507293701172 0.5567102056741714 0.3189507293701172 0.5567102056741714 0.3279521101713181 0.5499546432495117 0.3279521101713181
0 0.4707326889038086 0.3784588623046875 0.4786016994714737 0.3784588623046875 0.4786016994714737 0.38785550951957704 0.4707326889038086 0.38785550951957704
0 0.8469575500488281 0.17001672744750976 0.8538604962825775 0.17001672744750976 0.8538604962825775 0.17924287915229797 0.8469575500488281 0.17924287915229797
0 0.46652442932128907 0.14574501991271974 0.473498997092247 0.14574501991271974 0.473498997092247 0.1556727594137192 0.46652442932128907 0.1556727594137192
0 0.5732873916625977 0.4601097869873047 0.5811356729269028 0.4601097869873047 0.5811356729269028 0.4698975098133087 0.5732873916625977 0.4698975098133087
0 0.8513919830322265 0.30921192169189454 0.8593649369478226 0.30921192169189454 0.8593649369478226 0.3185445684194565 0.8513919830322265 0.3185445684194565
0 0.19900463104248048 0.15198161125183104 0.2078338658809662 0.15198161125183104 0.2078338658809662 0.1625437068939209 0.19900463104248048 0.1625437068939209
0 0.4435164260864258 0.4590462112426758 0.45059795320034024 0.4590462112426758 0.45059795320034024 0.46821101129055026 0.4435164260864258 0.46821101129055026
0 0.7785834503173829 0.6255867004394531 0.7856854110956193 0.6255867004394531 0.7856854110956193 0.6352523529529571 0.7785834503173829 0.6352523529529571
0 0.2075843620300293 0.7752898406982421 0.2134680300951004 0.7752898406982421 0.2134680300951004 0.7832890039682389 0.2075843620300293 0.7832890039682389
0 0.4904913330078125 0.6325472640991211 0.49861486375331876 0.6325472640991211 0.49861486375331876 0.6418727558851243 0.4904913330078125 0.6418727558851243
0 0.4450631332397461 0.21200756072998048 0.45354403316974645 0.21200756072998048 0.45354403316974645 0.2214614874124527 0.4450631332397461 0.2214614874124527
0 0.7983506774902344 0.8276864624023438 0.805765266418457 0.8276864624023438 0.805765266418457 0.8375930535793304 0.7983506774902344 0.8375930535793304
0 0.44167949676513674 0.382920036315918 0.44798173129558566 0.382920036315918 0.44798173129558566 0.3907497322559357 0.44167949676513674 0.3907497322559357
0 0.8149004364013672 0.8151419830322265 0.8219640731811525 0.8151419830322265 0.8219640731811525 0.8235193747282028 0.8149004364013672 0.8235193747282028
0 0.4577107620239258 0.31580917358398436 0.4644578969478607 0.31580917358398436 0.4644578969478607 0.3240864539146423 0.4577107620239258 0.3240864539146423
0 0.2577579116821289 0.21173667907714844 0.2651889419555664 0.21173667907714844 0.2651889419555664 0.22207512140274047 0.2577579116821289 0.22207512140274047
0 0.5206991577148438 0.6870267486572266 0.5279395711421967 0.6870267486572266 0.5279395711421967 0.6978750360012055 0.5206991577148438 0.6978750360012055
0 0.7659465789794921 0.8282402038574219 0.7740676259994507 0.8282402038574219 0.7740676259994507 0.8371514946222305 0.7659465789794921 0.8371514946222305
0 0.16286956787109375 0.36438079833984377 0.16934134960174563 0.36438079833984377 0.16934134960174563 0.37312807679176335 0.16286956787109375 0.37312807679176335
0 0.20898454666137695 0.4696171569824219 0.21591209590435026 0.4696171569824219 0.21591209590435026 0.47955070793628696 0.20898454666137695 0.47955070793628696
0 0.49428142547607423 0.3160280990600586 0.501630454659462 0.3160280990600586 0.501630454659462 0.32594109416007994 0.49428142547607423 0.32594109416007994
0 0.8923395538330078 0.48094181060791014 0.8999653404951096 0.48094181060791014 0.8999653404951096 0.4906607896089554 0.8923395538330078 0.4906607896089554
0 0.5160498809814453 0.5249960708618164 0.5239038401842117 0.5249960708618164 0.5239038401842117 0.5343608564138412 0.5160498809814453 0.5343608564138412
0 0.7968772888183594 0.17025754928588868 0.8047999715805054 0.17025754928588868 0.8047999715805054 0.17994950890541075 0.7968772888183594 0.17994950890541075
0 0.7597272491455078 0.35982791900634764 0.7666637879610062 0.35982791900634764 0.7666637879610062 0.37001723289489746 0.7597272491455078 0.37001723289489746
0 0.7991708374023437 0.47328216552734376 0.8076117867231368 0.47328216552734376 0.8076117867231368 0.4829584121704102 0.7991708374023437 0.4829584121704102
0 0.20777067184448242 0.5187879943847656 0.2152834516763687 0.5187879943847656 0.2152834516763687 0.5298586416244506 0.20777067184448242 0.5298586416244506
0 0.7648197937011719 0.5980442428588867 0.7725366598367691 0.5980442428588867 0.7725366598367691 0.6073771667480469 0.7648197937011719 0.6073771667480469
0 0.18274169921875 0.7703626251220703 0.18915331840515137 0.7703626251220703 0.18915331840515137 0.7787680834531785 0.18274169921875 0.7787680834531785
0 0.833912124633789 0.6797793579101562 0.8407999891042709 0.6797793579101562 0.8407999891042709 0.688793112039566 0.833912124633789 0.688793112039566
0 0.5106484985351563 0.14912623405456543 0.5185589981079103 0.14912623405456543 0.5185589981079103 0.15971155524253847 0.5106484985351563 0.15971155524253847
0 0.5221720886230469 0.316407470703125 0.5303260189294815 0.316407470703125 0.5303260189294815 0.3275450432300568 0.5221720886230469 0.3275450432300568
0 0.18676618576049805 0.6585912322998047 0.19303153038024903 0.6585912322998047 0.19303153038024903 0.6669205546379089 0.18676618576049805 0.6669205546379089
0 0.7686271667480469 0.16204456329345704 0.7759717303514481 0.16204456329345704 0.7759717303514481 0.17211658954620362 0.7686271667480469 0.17211658954620362
0 0.44179683685302734 0.5299646377563476 0.44927497446537024 0.5299646377563476 0.44927497446537024 0.5398049753904343 0.44179683685302734 0.5398049753904343
0 0.13350994110107423 0.5194987487792969 0.14078414022922517 0.5194987487792969 0.14078414022922517 0.5275456649065018 0.13350994110107423 0.5275456649065018
0 0.8386882781982422 0.22240015029907226 0.8469969254732134 0.22240015029907226 0.8469969254732134 0.2323091721534729 0.8386882781982422 0.2323091721534729
0 0.21067487716674804 0.6653936767578125 0.21793811976909636 0.6653936767578125 0.21793811976909636 0.6735926270484924 0.21067487716674804 0.6735926270484924
0 0.25876182556152344 0.6108263778686523 0.26656527698040006 0.6108263778686523 0.26656527698040006 0.6206001067161561 0.25876182556152344 0.6206001067161561
0 0.9123442077636719 0.5322809600830078 0.9190432894229889 0.5322809600830078 0.9190432894229889 0.5411621284484864 0.9123442077636719 0.5411621284484864
0 0.49787258148193353 0.21394126892089846 0.5047732800245285 0.21394126892089846 0.5047732800245285 0.22397010803222658 0.49787258148193353 0.22397010803222658
0 0.8393472290039062 0.37197696685791015 0.8471158450841904 0.37197696685791015 0.8471158450841904 0.38258633136749265 0.8393472290039062 0.38258633136749265
0 0.15742812156677247 0.5125657272338867 0.16523725032806397 0.5125657272338867 0.16523725032806397 0.5211116766929627 0.15742812156677247 0.5211116766929627
0 0.4696660995483398 0.21218357086181644 0.47643934607505795 0.21218357086181644 0.47643934607505795 0.2218967390060425 0.4696660995483398 0.2218967390060425
0 0.2226473617553711 0.3033903694152832 0.23106307208538054 0.3033903694152832 0.23106307208538054 0.31467837452888486 0.2226473617553711 0.31467837452888486
0 0.17029399871826173 0.15250186920166015 0.17683200538158417 0.15250186920166015 0.17683200538158417 0.1612713837623596 0.17029399871826173 0.1612713837623596
0 0.18019758224487303 0.3153411865234375 0.18790358126163478 0.3153411865234375 0.18790358126163478 0.3239281690120697 0.18019758224487303 0.3239281690120697
0 0.8895446014404297 0.18047418594360348 0.8965651232004166 0.18047418594360348 0.8965651232004166 0.18932661592960356 0.8895446014404297 0.18932661592960356
0 0.861965560913086 0.4788454818725586 0.870389358997345 0.4788454818725586 0.870389358997345 0.48892976284027106 0.861965560913086 0.48892976284027106
0 0.5868231582641602 0.8306758117675782 0.59493580698967 0.8306758117675782 0.59493580698967 0.8400983119010926 0.5868231582641602 0.8400983119010926
0 0.7706668853759766 0.473315544128418 0.7785039293766022 0.473315544128418 0.7785039293766022 0.48450086951255805 0.7706668853759766 0.48450086951255805
0 0.14773825645446778 0.36801288604736326 0.15377788305282594 0.36801288604736326 0.15377788305282594 0.37616285800933835 0.14773825645446778 0.37616285800933835
0 0.8820639801025391 0.31850662231445315 0.8883257019519806 0.31850662231445315 0.8883257019519806 0.32638772785663606 0.8820639801025391 0.32638772785663606
0 0.15808181762695311 0.6073910140991211 0.16515833258628845 0.6073910140991211 0.16515833258628845 0.6162431675195693 0.15808181762695311 0.6162431675195693
0 0.5267255401611328 0.3806724548339844 0.5349073266983033 0.3806724548339844 0.5349073266983033 0.39179049849510195 0.5267255401611328 0.39179049849510195
0 0.7843030548095703 0.3680647659301758 0.7927492678165435 0.3680647659301758 0.7927492678165435 0.3805333709716797 0.7843030548095703 0.3805333709716797
0 0.9117296600341797 0.7749054718017577 0.917193489074707 0.7749054718017577 0.917193489074707 0.7829026585817337 0.9117296600341797 0.7829026585817337
0 0.8366431427001954 0.6298506164550781 0.844282295703888 0.6298506164550781 0.844282295703888 0.6384017443656921 0.8366431427001954 0.6384017443656921
0 0.4643185806274414 0.833820571899414 0.4722942847013474 0.833820571899414 0.4722942847013474 0.8444727087020873 0.4643185806274414 0.8444727087020873
0 0.14596255302429198 0.32065677642822266 0.15232291042804716 0.32065677642822266 0.15232291042804716 0.32984476149082187 0.14596255302429198 0.32984476149082187
0 0.907191162109375 0.8220982360839844 0.9141232061386108 0.8220982360839844 0.9141232061386108 0.8298917615413666 0.907191162109375 0.8298917615413666
0 0.8636161041259766 0.7805735778808595 0.8702701187133789 0.7805735778808595 0.8702701187133789 0.7892509269714355 0.8636161041259766 0.7892509269714355
0 0.23282663345336915 0.8179714965820312 0.24116344749927524 0.8179714965820312 0.24116344749927524 0.828827611207962 0.23282663345336915 0.828827611207962
0 0.21190505981445312 0.609007568359375 0.21900546848773955 0.609007568359375 0.21900546848773955 0.6176476401090621 0.21190505981445312 0.6176476401090621
0 0.13419233257016616 0.15318582649741502 0.14141807355471359 0.15318582649741502 0.14141807355471359 0.1637650386864859 0.13419233257016616 0.1637650386864859
0 0.13969765903458325 0.21574116813713853 0.14898789744328705 0.21574116813713853 0.14898789744328705 0.22816024331561305 0.13969765903458325 0.22816024331561305
0 0.12146126512120169 0.3155537353122857 0.13040742062587943 0.3155537353122857 0.13040742062587943 0.32567298175400566 0.12146126512120169 0.32567298175400566
0 0.12146126512120169 0.3702896592470438 0.1307515035299055 0.3702896592470438 0.1307515035299055 0.3785690426993601 0.12146126512120169 0.3785690426993601
0 0.13763316161042685 0.4604429457278217 0.14520298549900032 0.4604429457278217 0.14520298549900032 0.4687223291801381 0.13763316161042685 0.4687223291801381
0 0.15518138971575626 0.6573082855940107 0.16171896489225157 0.6573082855940107 0.16171896489225157 0.6678874977830814 0.15518138971575626 0.6678874977830814
0 0.18408435365394593 0.6149914368377271 0.18993376302238907 0.6149914368377271 0.18993376302238907 0.6255706490267979 0.18408435365394593 0.6255706490267979
0 0.2312237115055171 0.6076319848801125 0.23776128668201238 0.6076319848801125 0.23776128668201238 0.6186711628165343 0.2312237115055171 0.6186711628165343
0 0.1403858248426354 0.8173763656721267 0.1469234000191307 0.8173763656721267 0.1469234000191307 0.8297954408506013 0.1403858248426354 0.8297954408506013
0 0.14072990774666144 0.7644803047267722 0.14761156582718277 0.7644803047267722 0.14761156582718277 0.7759794484105448 0.14072990774666144 0.7759794484105448
0 0.16103079908419943 0.7644803047267722 0.16928878878082498 0.7644803047267722 0.16928878878082498 0.7713797909370359 0.16103079908419943 0.7713797909370359
0 0.4504045213701218 0.6835091005634499 0.45866251106674755 0.6835091005634499 0.45866251106674755 0.6940883127525207 0.4504045213701218 0.6940883127525207
0 0.4514367700822 0.6287731766286917 0.45763026235466925 0.6287731766286917 0.45763026235466925 0.6411922518071661 0.4514367700822 0.6411922518071661
0 0.8369047034916441 0.7787220102650879 0.8448186102842435 0.7787220102650879 0.8448186102842435 0.7874613594647552 0.8369047034916441 0.7874613594647552
0 0.8585819264452863 0.8214988247687224 0.8678721648539901 0.8214988247687224 0.8678721648539901 0.8357577629366003 0.8585819264452863 0.8357577629366003
0 0.8644313358137297 0.6296931081233935 0.8733774913184074 0.6296931081233935 0.8733774913184074 0.6407322860598155 0.8644313358137297 0.6407322860598155
0 0.866495833237886 0.6775295458478879 0.8737215742224334 0.6775295458478879 0.8737215742224334 0.6931683812578188 0.866495833237886 0.6931683812578188
0 0.8957428800801014 0.6802893403319935 0.9022804552565967 0.6802893403319935 0.9022804552565967 0.6890286895316609 0.8957428800801014 0.6890286895316609
0 0.9064094501049097 0.6214137246710772 0.912602942377379 0.6214137246710772 0.912602942377379 0.6338327998495518 0.9064094501049097 0.6338327998495518
0 0.866839916141912 0.5335602669270536 0.8750979058385375 0.5335602669270536 0.8750979058385375 0.5455193763581773 0.866839916141912 0.5455193763581773
0 0.8716570767982769 0.36797259788072667 0.8809473152069806 0.36797259788072667 0.8809473152069806 0.38085163880655204 0.8716570767982769 0.38085163880655204
0 0.897807377504258 0.3670526663860249 0.9060653672008836 0.3670526663860249 0.9060653672008836 0.37717191282774487 0.897807377504258 0.37717191282774487
0 0.8892053049036064 0.22308338746519052 0.8950547142720496 0.22308338746519052 0.8950547142720496 0.2327426681595596 0.8892053049036064 0.2327426681595596
