0 0.45291707933124054 0.31593788406919937 0.46011154005178573 0.31593788406919937 0.46011154005178573 0.32471904833680765 0.45291707933124054 0.32471904833680765
0 0.4719980403726861 0.3163560347486093 0.4788796984532075 0.3163560347486093 0.4788796984532075 0.3238827469779878 0.4719980403726861 0.3238827469779878
0 0.4932686198942975 0.3167741854280192 0.5001502779748188 0.3167741854280192 0.5001502779748188 0.32304644561916795 0.4932686198942975 0.32304644561916795
0 0.511411173015672 0.3184467881456589 0.5148520020559326 0.3184467881456589 0.5148520020559326 0.32597350037503736 0.511411173015672 0.32597350037503736
0 0.5301793314170938 0.31761048678683906 0.5376865947776623 0.31761048678683906 0.5376865947776623 0.32555534969562744 0.5301793314170938 0.32555534969562744
0 0.45760911893159606 0.37866048598068697 0.4648035796521411 0.37866048598068697 0.4648035796521411 0.388277951607115 0.45760911893159606 0.388277951607115
0 0.48294613277351545 0.3736426778277678 0.4892021855739891 0.3736426778277678 0.4892021855739891 0.3824238420953759 0.48294613277351545 0.3824238420953759
0 0.5067191334153166 0.3715519244307183 0.5123495809357429 0.3715519244307183 0.5123495809357429 0.3811693900571464 0.5067191334153166 0.3811693900571464
0 0.5270513050168569 0.36862486967484887 0.5342457657374019 0.36862486967484887 0.5342457657374019 0.37615158190422743 0.5270513050168569 0.37615158190422743
0 0.5492602924585394 0.36862486967484887 0.5558291478990371 0.36862486967484887 0.5558291478990371 0.3769878832630472 0.5492602924585394 0.3769878832630472
0 0.4594859347717383 0.4769258956420172 0.4657419875722123 0.4769258956420172 0.4657419875722123 0.48696151194785536 0.4594859347717383 0.48696151194785536
0 0.48513575125368147 0.47943479971847675 0.49358142253432125 0.47943479971847675 0.49358142253432125 0.48905226534490487 0.48513575125368147 0.48905226534490487
0 0.511411173015672 0.4844526078713957 0.5186056337362172 0.4844526078713957 0.5186056337362172 0.4936519228184139 0.511411173015672 0.4936519228184139
0 0.5442554502181604 0.47776219700083705 0.5505115030186343 0.47776219700083705 0.5505115030186343 0.48905226534490476 0.5442554502181604 0.48905226534490476
0 0.566151635019819 0.47985295039788667 0.5749101089404826 0.47985295039788667 0.5749101089404826 0.48570705990962554 0.566151635019819 0.48570705990962554
0 0.48513575125368147 0.538394045515275 0.4932686198942976 0.538394045515275 0.4932686198942976 0.5450844563858336 0.48513575125368147 0.5450844563858336
0 0.5067191334153166 0.5325399360035361 0.5139135941358616 0.5325399360035361 0.5139135941358616 0.5413211002711443 0.5067191334153166 0.5413211002711443
0 0.5323689498972597 0.5291947305682568 0.5386250026977337 0.5291947305682568 0.5386250026977337 0.5363032921182254 0.5323689498972597 0.5363032921182254
0 0.5520755162187527 0.5266858264917973 0.557705963739179 0.5266858264917973 0.557705963739179 0.5363032921182254 0.5520755162187527 0.5363032921182254
0 0.453542684611288 0.6266238388707673 0.4613627506118804 0.6266238388707673 0.4613627506118804 0.633314249741326 0.453542684611288 0.633314249741326
0 0.48044371165332594 0.628296441588407 0.4870125670938236 0.628296441588407 0.4870125670938236 0.6374957565354253 0.48044371165332594 0.6374957565354253
0 0.5067191334153166 0.6270419895501773 0.5126623835757667 0.6270419895501773 0.5126623835757667 0.6374957565354252 0.5067191334153166 0.6374957565354252
0 0.528928120856999 0.6211878800384385 0.5354969762974968 0.6211878800384385 0.5354969762974968 0.6312234963442764 0.528928120856999 0.6312234963442764
0 0.5533267267788475 0.6211878800384385 0.5598955822193451 0.6211878800384385 0.5598955822193451 0.6295508936266369 0.5533267267788475 0.6295508936266369
0 0.4544810925313591 0.6818197285528764 0.4604243426918093 0.6818197285528764 0.4604243426918093 0.6918553448587145 0.4544810925313591 0.6918553448587145
0 0.481382119573397 0.6843286326293359 0.48857658029394213 0.6843286326293359 0.48857658029394213 0.6910190434998946 0.481382119573397 0.6910190434998946
0 0.5060935281352691 0.6889282901028451 0.5107855677356246 0.6889282901028451 0.5107855677356246 0.698963906408683 0.5060935281352691 0.698963906408683
0 0.5308049366971412 0.6826560299116963 0.5361225815775441 0.6826560299116963 0.5361225815775441 0.692273495538124 0.5308049366971412 0.692273495538124
0 0.5536395294188712 0.6814015778734666 0.5611467927794399 0.6814015778734666 0.5611467927794399 0.6922734955381242 0.5536395294188712 0.6922734955381242
0 0.4648035796521411 0.7897026038406348 0.47105963245261495 0.7897026038406348 0.47105963245261495 0.7980656174288333 0.4648035796521411 0.7980656174288333
0 0.4929558172542739 0.7922115079170944 0.49858626477470036 0.7922115079170944 0.49858626477470036 0.8001563708258828 0.4929558172542739 0.8001563708258828
0 0.5207952522163829 0.7901207545200447 0.5267385023768332 0.7901207545200447 0.5267385023768332 0.799320069467063 0.5207952522163829 0.799320069467063
0 0.545506660778255 0.7880300011229953 0.5517627135787291 0.7880300011229953 0.5517627135787291 0.7980656174288333 0.545506660778255 0.7980656174288333
0 0.5667772402998663 0.7897026038406348 0.5736588983803879 0.7897026038406348 0.5736588983803879 0.7989019187876532 0.5667772402998663 0.7989019187876532
0 0.45886032949169087 0.8444803428433338 0.46730600077233064 0.8444803428433338 0.46730600077233064 0.8515889043933025 0.45886032949169087 0.8515889043933025
0 0.5148520020559326 0.8428077401256943 0.5236104759765962 0.8428077401256943 0.5236104759765962 0.8520070550727126 0.5148520020559326 0.8520070550727126
0 0.5414402264579469 0.8428077401256943 0.546445068698326 0.8428077401256943 0.546445068698326 0.8520070550727126 0.5414402264579469 0.8520070550727126
0 0.5605211874993924 0.8423895894462842 0.5692796614200559 0.8423895894462842 0.5692796614200559 0.8486618496374332 0.5605211874993924 0.8486618496374332
0 0.5824173723010514 0.8398806853698249 0.5896118330215965 0.8398806853698249 0.5896118330215965 0.8486618496374332 0.5824173723010514 0.8486618496374332
