0 0.5543855285644531 0.6865808868408203 0.5629993516206742 0.6865808868408203 0.5629993516206742 0.6968801736831665 0.5543855285644531 0.6968801736831665
0 0.4924881362915039 0.6888047790527344 0.5006984591484069 0.6888047790527344 0.5006984591484069 0.6979258191585541 0.4924881362915039 0.6979258191585541
0 0.5846888732910156 0.4492763900756836 0.5928590083122253 0.4492763900756836 0.5928590083122253 0.45935545325279237 0.5846888732910156 0.45935545325279237
0 0.4671257781982422 0.6875666046142578 0.4743818056583405 0.6875666046142578 0.4743818056583405 0.6970812106132508 0.4671257781982422 0.6970812106132508
0 0.4546744918823242 0.7708084106445312 0.46210635006427764 0.7708084106445312 0.46210635006427764 0.7803319507837295 0.4546744918823242 0.7803319507837295
0 0.529324607849121 0.2883893966674805 0.537738765478134 0.2883893966674805 0.537738765478134 0.2999674379825592 0.529324607849121 0.2999674379825592
0 0.5458097076416015 0.3746132278442383 0.554077842235565 0.3746132278442383 0.554077842235565 0.3849840259552002 0.5458097076416015 0.3849840259552002
0 0.5628612899780273 0.6064960098266602 0.5713852751255035 0.6064960098266602 0.5713852751255035 0.6172891128063203 0.5628612899780273 0.6172891128063203
0 0.4449155807495117 0.8473248291015625 0.45149747133255 0.8473248291015625 0.45149747133255 0.8554503321647644 0.4449155807495117 0.8554503321647644
0 0.48321220397949216 0.7714835357666016 0.49030623972415915 0.7714835357666016 0.49030623972415915 0.7812358784675598 0.48321220397949216 0.7812358784675598
0 0.5550125885009766 0.45021888732910154 0.5640111929178238 0.45021888732910154 0.5640111929178238 0.4604338562488555 0.5550125885009766 0.4604338562488555
0 0.539737548828125 0.7685089111328125 0.547375637292862 0.7685089111328125 0.547375637292862 0.7788146018981934 0.539737548828125 0.7788146018981934
0 0.44576831817626955 0.6846554565429687 0.45352333128452305 0.6846554565429687 0.45352333128452305 0.6945061510801315 0.44576831817626955 0.6945061510801315
0 0.4457310485839844 0.37835189819335935 0.4527549707889557 0.37835189819335935 0.4527549707889557 0.38779989540576926 0.4457310485839844 0.38779989540576926
0 0.5937247467041016 0.6838430786132812 0.6017804408073425 0.6838430786132812 0.6017804408073425 0.6945754623413086 0.5937247467041016 0.6945754623413086
0 0.49239013671875 0.3522403717041015 0.5004610604047776 0.3522403717041015 0.5004610604047776 0.3620577818155288 0.49239013671875 0.3620577818155288
0 0.5059210968017578 0.2945947265625 0.5148212879896163 0.2945947265625 0.5148212879896163 0.30517128109931946 0.5059210968017578 0.30517128109931946
0 0.5534483337402344 0.5215082931518554 0.560819748044014 0.5215082931518554 0.560819748044014 0.5309102374315261 0.5534483337402344 0.5309102374315261
0 0.5065721130371094 0.8488097381591797 0.5150326383113861 0.8488097381591797 0.5150326383113861 0.8579953712224961 0.5065721130371094 0.8579953712224961
0 0.5375226593017578 0.6099799728393555 0.5445160937309266 0.6099799728393555 0.5445160937309266 0.6195241475105285 0.5375226593017578 0.6195241475105285
0 0.44621036529541014 0.4510810470581055 0.453511813879013 0.4510810470581055 0.453511813879013 0.46118066549301157 0.44621036529541014 0.46118066549301157
0 0.47577987670898436 0.2943754005432129 0.4851912081241607 0.2943754005432129 0.4851912081241607 0.30449818372726434 0.47577987670898436 0.30449818372726434
0 0.46327816009521483 0.3762961196899414 0.47075387239456173 0.3762961196899414 0.47075387239456173 0.3865359532833099 0.46327816009521483 0.3865359532833099
0 0.47363422393798826 0.6074909973144531 0.48226357161998745 0.6074909973144531 0.48226357161998745 0.6174838441610336 0.47363422393798826 0.6174838441610336
0 0.6037145614624023 0.28746091842651367 0.6109818261861801 0.28746091842651367 0.6109818261861801 0.2987515926361084 0.6037145614624023 0.2987515926361084
0 0.44330787658691406 0.5247855758666993 0.44944643437862397 0.5247855758666993 0.44944643437862397 0.5329477232694626 0.44330787658691406 0.5329477232694626
0 0.529278564453125 0.5266195678710938 0.5372418189048768 0.5266195678710938 0.5372418189048768 0.5373927867412567 0.529278564453125 0.5373927867412567
0 0.5382183456420898 0.8483036041259766 0.5464430695772171 0.8483036041259766 0.5464430695772171 0.8590387547016144 0.5382183456420898 0.8590387547016144
0 0.5132064819335938 0.6944970703125 0.5205105328559875 0.6944970703125 0.5205105328559875 0.7045670807361604 0.5132064819335938 0.7045670807361604
0 0.56413330078125 0.765718994140625 0.5721007543802261 0.765718994140625 0.5721007543802261 0.7750716829299927 0.56413330078125 0.7750716829299927
0 0.5627585601806641 0.2865017127990723 0.5707129430770874 0.2865017127990723 0.5707129430770874 0.2968834602832794 0.5627585601806641 0.2968834602832794
0 0.4799174118041992 0.8523143005371093 0.48730396687984473 0.8523143005371093 0.48730396687984473 0.8623809111118316 0.4799174118041992 0.8623809111118316
0 0.828906021118164 0.0 0.8361084061861038 0.0 0.8361084061861038 0.007339891791343688 0.828906021118164 0.007339891791343688
0 0.5143950653076171 0.6102058792114258 0.5226533824205397 0.6102058792114258 0.5226533824205397 0.6205587303638458 0.5143950653076171 0.6205587303638458
0 0.6126461791992187 0.36757373809814453 0.6208115237951278 0.36757373809814453 0.6208115237951278 0.3772030222415924 0.6126461791992187 0.3772030222415924
0 0.4620669174194336 0.8493980407714845 0.46915344238281254 0.8493980407714845 0.46915344238281254 0.858804886341095 0.4620669174194336 0.858804886341095
0 0.4681177549034561 0.4534717048609713 0.48048306222544085 0.4534717048609713 0.48048306222544085 0.4632671354165563 0.4681177549034561 0.4632671354165563
0 0.5816953925276126 0.28450052777713103 0.589938930742269 0.28450052777713103 0.589938930742269 0.2967448159716122 0.5816953925276126 0.2967448159716122
0 0.50887747163148 0.7675376970494137 0.5194108815724301 0.7675376970494137 0.5194108815724301 0.7767209131952746 0.50887747163148 0.7767209131952746
