0 0.12625852015501965 0.1682357906894415 0.13422076917380468 0.1682357906894415 0.13422076917380468 0.1773590782402033 0.12625852015501965 0.1773590782402033
0 0.16720722939448546 0.1773590782402033 0.17346328219495943 0.1773590782402033 0.17346328219495943 0.18610222880968336 0.16720722939448546 0.18610222880968336
0 0.12455232393670859 0.2275371597693933 0.1308083767371825 0.2275371597693933 0.1308083767371825 0.23437962543246466 0.12455232393670859 0.23437962543246466
0 0.1518514634296858 0.22677688580682986 0.156970052084619 0.22677688580682986 0.156970052084619 0.2332392144886195 0.1518514634296858 0.2332392144886195
0 0.2001936896151663 0.22563647486298458 0.20787157259756614 0.22563647486298458 0.20787157259756614 0.2339994884511829 0.2001936896151663 0.2339994884511829
0 0.20417481412455882 0.17241729748354065 0.2115683310705735 0.17241729748354065 0.2115683310705735 0.18230085899686593 0.20417481412455882 0.18230085899686593
0 0.25479196860112074 0.17013647559585024 0.2610480214015947 0.17013647559585024 0.2610480214015947 0.18002003710917552 0.25479196860112074 0.18002003710917552
0 0.248820281837032 0.22259537901273066 0.2547919686011208 0.22259537901273066 0.2547919686011208 0.2328590775073377 0.248820281837032 0.2328590775073377
0 0.28664096467626077 0.22525633788170285 0.29545631180420134 0.22525633788170285 0.29545631180420134 0.2313385295822108 0.28664096467626077 0.2313385295822108
0 0.2997218023499791 0.17469811937123114 0.30654658722322337 0.17469811937123114 0.30654658722322337 0.1819207220155842 0.2997218023499791 0.1819207220155842
0 0.137917527646812 0.30964674772624967 0.14673287477475258 0.30964674772624967 0.14673287477475258 0.3172494873518845 0.137917527646812 0.3172494873518845
0 0.16891342561279657 0.30964674772624967 0.17687567463158158 0.30964674772624967 0.17687567463158158 0.31686935037060276 0.16891342561279657 0.31686935037060276
0 0.21043086692503274 0.30888647376368616 0.2166869197255067 0.30888647376368616 0.2166869197255067 0.3176296243331662 0.21043086692503274 0.3176296243331662
0 0.2559294327466614 0.30964674772624967 0.263038583656291 0.30964674772624967 0.263038583656291 0.31800976131444797 0.2559294327466614 0.31800976131444797
0 0.3017123646046753 0.31534880244547575 0.30825278344153445 0.31534880244547575 0.30825278344153445 0.32561250094008276 0.3017123646046753 0.32561250094008276
0 0.14531104459282668 0.3632460620869753 0.15270456153884135 0.3632460620869753 0.15270456153884135 0.3723693496377371 0.14531104459282668 0.3723693496377371
0 0.17460074634050013 0.36210565114313004 0.18370045950482586 0.36210565114313004 0.18370045950482586 0.3712289386938919 0.17460074634050013 0.3712289386938919
0 0.201331153760707 0.35716387038646746 0.20787157259756617 0.35716387038646746 0.20787157259756617 0.36742756888107453 0.201331153760707 0.36742756888107453
0 0.2508108440917282 0.3586844183115944 0.25564506671027626 0.3586844183115944 0.25564506671027626 0.36856797982491973 0.2508108440917282 0.36856797982491973
0 0.3076840513687641 0.351841952648523 0.31564630038754915 0.351841952648523 0.31564630038754915 0.3628659251056936 0.3076840513687641 0.3628659251056936
0 0.14275175026536008 0.4799481153404702 0.14929216910221924 0.4799481153404702 0.14929216910221924 0.48679058100354156 0.14275175026536008 0.48679058100354156
0 0.1754538444496557 0.48222893722816074 0.18170989725012962 0.48222893722816074 0.18170989725012962 0.49249263572276764 0.1754538444496557 0.49249263572276764
0 0.20189988583347737 0.48222893722816074 0.20929340277949204 0.48222893722816074 0.20929340277949204 0.4905919508163589 0.20189988583347737 0.4905919508163589
0 0.22777719514452868 0.4769070194902163 0.23318014983584712 0.4769070194902163 0.23318014983584712 0.48412962213456934 0.22777719514452868 0.48412962213456934
0 0.2755506892572388 0.47842756741534326 0.28265984016686835 0.47842756741534326 0.28265984016686835 0.48755085496610506 0.2755506892572388 0.48755085496610506
0 0.29886870424082357 0.4837494851532876 0.3062622211868382 0.4837494851532876 0.3062622211868382 0.49591386855430336 0.29886870424082357 0.49591386855430336
0 0.1336520371010343 0.5270851010194063 0.14246738422897484 0.5270851010194063 0.14246738422897484 0.5327871557386324 0.1336520371010343 0.5327871557386324
0 0.15782315019377458 0.5286056489445333 0.16493230110340407 0.5286056489445333 0.16493230110340407 0.534687840645041 0.15782315019377458 0.534687840645041
0 0.18227862932289998 0.5251844161129976 0.19052524437807022 0.5251844161129976 0.19052524437807022 0.5331672927199141 0.18227862932289998 0.5331672927199141
0 0.21043086692503274 0.5251844161129976 0.21754001783466223 0.5251844161129976 0.21754001783466223 0.533547429701196 0.21043086692503274 0.533547429701196
0 0.4453172129791909 0.14352688690612825 0.4521419978524352 0.14352688690612825 0.4521419978524352 0.15379058540073529 0.4453172129791909 0.15379058540073529
0 0.513565061711634 0.15074948955048134 0.5212429446940336 0.15074948955048134 0.5212429446940336 0.15949264011996142 0.513565061711634 0.15949264011996142
0 0.5641822161881959 0.1458077087938187 0.5695851708795143 0.1458077087938187 0.5695851708795143 0.15797209219483446 0.5641822161881959 0.15797209219483446
0 0.6173586649922244 0.1477083937002274 0.6253209140110093 0.1477083937002274 0.6253209140110093 0.15645154426970748 0.6173586649922244 0.15645154426970748
0 0.4382080620695615 0.1883830506973738 0.44474848090642055 0.1883830506973738 0.44474848090642055 0.1997871601358261 0.4382080620695615 0.1997871601358261
0 0.47688184301794584 0.20054743409838963 0.4831378958184197 0.20054743409838963 0.4831378958184197 0.21081113259299666 0.47688184301794584 0.21081113259299666
0 0.5220960428031893 0.20396866692992527 0.5300582918219743 0.20396866692992527 0.5300582918219743 0.21195154353684187 0.5220960428031893 0.21195154353684187
0 0.5582105294241071 0.1959857903230087 0.5673102425884329 0.1959857903230087 0.5673102425884329 0.20434880391120702 0.5582105294241071 0.20434880391120702
0 0.6028559971365803 0.19256455749147303 0.6105338801189802 0.19256455749147303 0.6105338801189802 0.20168784504223486 0.6028559971365803 0.20168784504223486
0 0.4507201676705094 0.2902597616808808 0.458113684616524 0.2902597616808808 0.458113684616524 0.3001433231942061 0.4507201676705094 0.3001433231942061
0 0.48711902032781235 0.2807563371488373 0.4959343674557529 0.2807563371488373 0.4959343674557529 0.28949948771831735 0.48711902032781235 0.28949948771831735
0 0.5385892729135296 0.2853179809242182 0.5451296917503888 0.2853179809242182 0.5451296917503888 0.29748236432523395 0.5385892729135296 0.29748236432523395
0 0.592903185863099 0.28759880281190864 0.5991592386635729 0.28759880281190864 0.5991592386635729 0.29786250130651565 0.592903185863099 0.29786250130651565
0 0.6349893592481056 0.28455770696165467 0.642098510157735 0.28455770696165467 0.642098510157735 0.29672209036267044 0.6349893592481056 0.29672209036267044
0 0.43678623188763555 0.3449994869854517 0.4461703110883465 0.3449994869854517 0.4461703110883465 0.3552631854800588 0.43678623188763555 0.3552631854800588
0 0.47858803923625687 0.34537962396673344 0.4876877524005827 0.34537962396673344 0.4876877524005827 0.35336250057365004 0.47858803923625687 0.35336250057365004
0 0.5428547634593075 0.34347893906032473 0.548257718150626 0.34347893906032473 0.548257718150626 0.3537426375549318 0.5428547634593075 0.3537426375549318
0 0.5892064273900917 0.3427186650977613 0.5974530424452619 0.3427186650977613 0.5974530424452619 0.35108167868595963 0.5892064273900917 0.35108167868595963
0 0.6301551366295575 0.3423385281164795 0.638686117721113 0.3423385281164795 0.638686117721113 0.3537426375549318 0.6301551366295575 0.3537426375549318
0 0.6116713442645209 0.4799481153404702 0.6184961291377652 0.4799481153404702 0.6184961291377652 0.489071402891232 0.6116713442645209 0.489071402891232
0 0.44332665072449456 0.5369686625327316 0.45157326577966483 0.5369686625327316 0.45157326577966483 0.5457118131022116 0.44332665072449456 0.5457118131022116
0 0.4874033863641975 0.524424142150434 0.496218733492138 0.524424142150434 0.496218733492138 0.5335474297011957 0.4874033863641975 0.5335474297011957
0 0.5280677295672781 0.5278453749819697 0.5354612465132929 0.5278453749819697 0.5354612465132929 0.539249484420422 0.5280677295672781 0.539249484420422
0 0.5712913670978254 0.5225234572440254 0.5789692500802254 0.5225234572440254 0.5789692500802254 0.5350679776263229 0.5712913670978254 0.5350679776263229
0 0.6128088084100616 0.5335474297011958 0.6187804951741503 0.5335474297011958 0.6187804951741503 0.5445714021583664 0.6128088084100616 0.5445714021583664
0 0.7722721576386455 0.16903899222695018 0.778147488968918 0.16903899222695018 0.778147488968918 0.1784638760603819 0.7722721576386455 0.1784638760603819
0 0.814809556469817 0.1721806201714274 0.8216249408129328 0.1721806201714274 0.8216249408129328 0.18254799238820218 0.814809556469817 0.18254799238820218
0 0.8620472203652063 0.18191966679930674 0.8693326312147439 0.18191966679930674 0.8693326312147439 0.1900878994549475 0.8620472203652063 0.1900878994549475
0 0.8994143276257383 0.17437975973256148 0.9064647252220649 0.17437975973256148 0.9064647252220649 0.1809771784159636 0.8994143276257383 0.1809771784159636
0 0.9396015939248007 0.18254799238820218 0.9464169782679166 0.18254799238820218 0.9464169782679166 0.19228703901608152 0.9396015939248007 0.19228703901608152
0 0.7703920516129584 0.22087585331082416 0.7790875419817614 0.22087585331082416 0.7790875419817614 0.22998657434980804 0.7703920516129584 0.22998657434980804
0 0.8124594239377081 0.22810159758312176 0.8202148612936677 0.22810159758312176 0.8202148612936677 0.23532734185541931 0.8124594239377081 0.23532734185541931
0 0.8521766637303488 0.22872992317201718 0.8585220215670429 0.22872992317201718 0.8585220215670429 0.23595566744431473 0.8521766637303488 0.23595566744431473
0 0.8949490758147312 0.24349557451106002 0.9012944336514254 0.24349557451106002 0.9012944336514254 0.251349644372253 0.8949490758147312 0.251349644372253
0 0.9325511963284739 0.23407069067762842 0.9384265276587461 0.23407069067762842 0.9384265276587461 0.24223892333326916 0.9325511963284739 0.24223892333326916
0 0.7692169853469041 0.3270628778341538 0.7762673829432307 0.3270628778341538 0.7762673829432307 0.3330319709286605 0.7692169853469041 0.3330319709286605
0 0.8058790528478031 0.324549575478572 0.8119893974312862 0.324549575478572 0.8119893974312862 0.33585943607868995 0.8058790528478031 0.33585943607868995
0 0.8430111468551241 0.33020450577863103 0.8484164516789746 0.33020450577863103 0.8484164516789746 0.3408860407898536 0.8430111468551241 0.3408860407898536
0 0.9349013288605829 0.3308328313675265 0.9412466866972768 0.3308328313675265 0.9412466866972768 0.3412002035843012 0.9349013288605829 0.3412002035843012
0 0.7743872769175436 0.3810988784791618 0.7812026612606594 0.3810988784791618 0.7812026612606594 0.38989543672369803 0.7743872769175436 0.38989543672369803
0 0.8061140661010141 0.3723023202346256 0.8141045167101844 0.3723023202346256 0.8141045167101844 0.38015639009581853 0.8061140661010141 0.38015639009581853
0 0.8444212263743894 0.3657049015512235 0.8495915179450292 0.3657049015512235 0.8495915179450292 0.37607227376799823 0.8444212263743894 0.37607227376799823
0 0.9349013288605829 0.37607227376799823 0.9426567662165423 0.37607227376799823 0.9426567662165423 0.38266969245140037 0.9349013288605829 0.38266969245140037
