0 0.4923936080932617 0.6336151885986329 0.5000673598051072 0.6336151885986329 0.5000673598051072 0.6433009225130082 0.4923936080932617 0.6433009225130082
0 0.4700497055053711 0.5308990097045898 0.4775236439704895 0.5308990097045898 0.4775236439704895 0.5399288529157638 0.4700497055053711 0.5399288529157638
0 0.5156688690185547 0.633223876953125 0.523196952342987 0.633223876953125 0.523196952342987 0.6431509053707123 0.5156688690185547 0.6431509053707123
0 0.4670402526855469 0.6347480010986328 0.47452791213989265 0.6347480010986328 0.47452791213989265 0.6444864290952682 0.4670402526855469 0.6444864290952682
0 0.5169564819335938 0.312579345703125 0.5242768561840058 0.312579345703125 0.5242768561840058 0.32185629427433016 0.5169564819335938 0.32185629427433016
0 0.5395373153686523 0.2279847717285156 0.5471626883745193 0.2279847717285156 0.5471626883745193 0.23752040803432464 0.5395373153686523 0.23752040803432464
0 0.49378292083740233 0.162957820892334 0.5013283920288086 0.162957820892334 0.5013283920288086 0.17310147643089294 0.49378292083740233 0.17310147643089294
0 0.49082130432128906 0.3142050170898438 0.4979808109998703 0.3142050170898438 0.4979808109998703 0.32277231335639955 0.49082130432128906 0.32277231335639955
0 0.4927964782714844 0.5343206405639649 0.49953725516796116 0.5343206405639649 0.49953725516796116 0.5436946362257005 0.4927964782714844 0.5436946362257005
0 0.5163580322265625 0.3519475936889648 0.5231680059432983 0.3519475936889648 0.5231680059432983 0.3608563148975372 0.5163580322265625 0.3608563148975372
0 0.47655410766601564 0.35706764221191406 0.48346728563308716 0.35706764221191406 0.48346728563308716 0.36540123403072355 0.47655410766601564 0.36540123403072355
0 0.5451175308227539 0.31026491165161135 0.5525933909416199 0.31026491165161135 0.5525933909416199 0.32062513470649723 0.5451175308227539 0.32062513470649723
0 0.45116065979003905 0.21852762222290037 0.4580042266845703 0.21852762222290037 0.4580042266845703 0.22740556895732877 0.45116065979003905 0.22740556895732877
0 0.4678106689453125 0.3094446563720703 0.4751517432928085 0.3094446563720703 0.4751517432928085 0.3184728193283081 0.4678106689453125 0.3184728193283081
0 0.4470867156982422 0.312348804473877 0.4547690427303314 0.312348804473877 0.4547690427303314 0.3210923081636429 0.4470867156982422 0.3210923081636429
0 0.44520599365234376 0.6331050109863281 0.45293803036212926 0.6331050109863281 0.45293803036212926 0.642143827676773 0.44520599365234376 0.642143827676773
0 0.5264129638671875 0.4709282302856445 0.5327337104082107 0.4709282302856445 0.5327337104082107 0.47926055669784545 0.5264129638671875 0.47926055669784545
0 0.49804763793945317 0.35576328277587893 0.5049297660589218 0.35576328277587893 0.5049297660589218 0.36437354862689975 0.49804763793945317 0.36437354862689975
0 0.544329719543457 0.5273971939086914 0.5527623885869979 0.5273971939086914 0.5527623885869979 0.5377182233333588 0.544329719543457 0.5377182233333588
0 0.4521662902832031 0.35783485412597654 0.45889272511005397 0.35783485412597654 0.45889272511005397 0.3665099895000458 0.4521662902832031 0.3665099895000458
0 0.5084634780883789 0.2247187423706055 0.5158949816226959 0.2247187423706055 0.5158949816226959 0.23463922798633577 0.5084634780883789 0.23463922798633577
0 0.5030347061157227 0.47024524688720704 0.510798768401146 0.47024524688720704 0.510798768401146 0.480131796002388 0.5030347061157227 0.480131796002388
0 0.545786247253418 0.46580078125 0.553328406214714 0.46580078125 0.553328406214714 0.4746849542856217 0.545786247253418 0.4746849542856217
0 0.5186234664916992 0.5281822204589843 0.5259384000301361 0.5281822204589843 0.5259384000301361 0.5384239518642425 0.5186234664916992 0.5384239518642425
0 0.45471683502197263 0.472660255432129 0.462886734008789 0.472660255432129 0.462886734008789 0.4810569375753403 0.45471683502197263 0.4810569375753403
0 0.44861373901367185 0.5303133773803711 0.4562075001001358 0.5303133773803711 0.4562075001001358 0.5403623175621033 0.44861373901367185 0.5403623175621033
0 0.5406375122070313 0.34770496368408205 0.5477823513746262 0.34770496368408205 0.5477823513746262 0.356339105963707 0.5406375122070313 0.356339105963707
0 0.44857322692871093 0.16495677947998047 0.45637129604816434 0.16495677947998047 0.45637129604816434 0.1748036789894104 0.44857322692871093 0.1748036789894104
0 0.49033096313476565 0.22113864898681643 0.4968349039554596 0.22113864898681643 0.4968349039554596 0.23078455567359923 0.49033096313476565 0.23078455567359923
0 0.47085567474365236 0.16174352645874024 0.47837991356849674 0.16174352645874024 0.47837991356849674 0.17171548128128053 0.47085567474365236 0.17171548128128053
0 0.5445385360717774 0.6296660995483399 0.551826263666153 0.6296660995483399 0.551826263666153 0.6398126804828644 0.5445385360717774 0.6398126804828644
0 0.4797088623046875 0.4724290466308594 0.4880376476049424 0.4724290466308594 0.4880376476049424 0.48200468778610234 0.4797088623046875 0.48200468778610234
0 0.4720907211303711 0.2175703239440918 0.4794926530122757 0.2175703239440918 0.4794926530122757 0.22571831941604614 0.4720907211303711 0.22571831941604614
0 0.6416635131835937 0.5917660522460938 0.6526775205135344 0.5917660522460938 0.6526775205135344 0.6047838151454926 0.6416635131835937 0.6047838151454926
0 0.5420939636230468 0.15947811126708986 0.5507166582345963 0.15947811126708986 0.5507166582345963 0.1701506757736206 0.5420939636230468 0.1701506757736206
