0 0.4863996887207031 0.3319332885742188 0.4927553290128707 0.3319332885742188 0.4927553290128707 0.3416993486881257 0.4863996887207031 0.3416993486881257
0 0.15865641593933105 0.3232794952392578 0.16505654633045197 0.3232794952392578 0.16505654633045197 0.33201068520545957 0.15865641593933105 0.33201068520545957
0 0.836575698852539 0.6976988220214844 0.8443996131420135 0.6976988220214844 0.8443996131420135 0.7069639110565185 0.836575698852539 0.7069639110565185
0 0.5163578796386719 0.4812778472900391 0.5241699063777924 0.4812778472900391 0.5241699063777924 0.4906188750267029 0.5163578796386719 0.4906188750267029
0 0.4906610870361328 0.699659423828125 0.49824174821376804 0.699659423828125 0.49824174821376804 0.7081614154577255 0.4906610870361328 0.7081614154577255
0 0.49229930877685546 0.4806927490234375 0.4999887037277222 0.4806927490234375 0.4999887037277222 0.4891388446092606 0.49229930877685546 0.4891388446092606
0 0.2116087532043457 0.697121047973633 0.21779704988002777 0.697121047973633 0.21779704988002777 0.7054286283254625 0.2116087532043457 0.7054286283254625
0 0.8753680419921875 0.5427165603637696 0.8815545344352723 0.5427165603637696 0.8815545344352723 0.5502552717924118 0.8753680419921875 0.5502552717924118
0 0.49144798278808594 0.37477405548095705 0.49750989139080054 0.37477405548095705 0.49750989139080054 0.3832790517807007 0.49144798278808594 0.3832790517807007
0 0.5076844406127929 0.6447882843017578 0.5148157954216003 0.6447882843017578 0.5148157954216003 0.6534002107381821 0.5076844406127929 0.6534002107381821
0 0.4680967330932617 0.5332276153564454 0.4741898101568222 0.5332276153564454 0.4741898101568222 0.5422884505987168 0.4680967330932617 0.5422884505987168
0 0.8386304473876953 0.5408119201660156 0.8448507696390153 0.5408119201660156 0.8448507696390153 0.5490836858749389 0.8386304473876953 0.5490836858749389
0 0.8761489105224609 0.48934322357177734 0.8823384785652161 0.48934322357177734 0.8823384785652161 0.4971719706058502 0.8761489105224609 0.4971719706058502
0 0.5327285385131836 0.6897061157226562 0.5403162968158721 0.6897061157226562 0.5403162968158721 0.6998681533336639 0.5327285385131836 0.6998681533336639
0 0.19531488418579102 0.324370231628418 0.20114989221096038 0.324370231628418 0.20114989221096038 0.3322097110748291 0.19531488418579102 0.3322097110748291
0 0.20406709671020506 0.6454726409912109 0.2099878323078155 0.6454726409912109 0.2099878323078155 0.6541904693841935 0.20406709671020506 0.6541904693841935
0 0.4473392868041992 0.3314072036743164 0.4545260584354401 0.3314072036743164 0.4545260584354401 0.34038976788520814 0.4473392868041992 0.34038976788520814
0 0.13933347702026366 0.3248471832275391 0.14673469960689542 0.3248471832275391 0.14673469960689542 0.3334654933214188 0.13933347702026366 0.3334654933214188
0 0.8610661315917969 0.6895379638671875 0.8676864945888519 0.6895379638671875 0.8676864945888519 0.6984677553176879 0.8610661315917969 0.6984677553176879
0 0.8196121215820312 0.633143310546875 0.8260086888074873 0.633143310546875 0.8260086888074873 0.6423873299360275 0.8196121215820312 0.6423873299360275
0 0.7951287078857422 0.6896614074707033 0.8017999333143233 0.6896614074707033 0.8017999333143233 0.6977472215890885 0.7951287078857422 0.6977472215890885
0 0.14124791145324708 0.37734710693359375 0.147799106836319 0.37734710693359375 0.147799106836319 0.38499650418758385 0.14124791145324708 0.38499650418758385
0 0.21946426391601562 0.5390458679199219 0.2270931702852249 0.5390458679199219 0.2270931702852249 0.5481537050008775 0.21946426391601562 0.5481537050008775
0 0.4529548645019531 0.4819701385498047 0.4599634391069412 0.4819701385498047 0.4599634391069412 0.49141521036624913 0.4529548645019531 0.49141521036624913
0 0.7988700103759766 0.6333297729492188 0.806341080069542 0.6333297729492188 0.806341080069542 0.6421227091550827 0.7988700103759766 0.6421227091550827
0 0.7991745758056641 0.49271408081054685 0.8054731434583664 0.49271408081054685 0.8054731434583664 0.5011508077383041 0.7991745758056641 0.5011508077383041
0 0.8619971466064453 0.4880001831054688 0.8683564537763596 0.4880001831054688 0.8683564537763596 0.49647782385349276 0.8619971466064453 0.49647782385349276
0 0.20915456771850585 0.48061908721923824 0.21615233421325686 0.48061908721923824 0.21615233421325686 0.48930505394935603 0.20915456771850585 0.48930505394935603
0 0.7958546447753906 0.38298290252685546 0.802277648448944 0.38298290252685546 0.802277648448944 0.39140033841133115 0.7958546447753906 0.39140033841133115
0 0.13990217208862304 0.47213451385498045 0.14684605956077573 0.47213451385498045 0.14684605956077573 0.4810556477308274 0.13990217208862304 0.4810556477308274
0 0.19413949966430663 0.6970995330810547 0.19997854411602017 0.6970995330810547 0.19997854411602017 0.7053620487451553 0.19413949966430663 0.7053620487451553
0 0.5533409500122071 0.6990666198730469 0.559725747704506 0.6990666198730469 0.559725747704506 0.7077190649509429 0.5533409500122071 0.7077190649509429
0 0.8618716430664063 0.3853341674804687 0.8674718552827836 0.3853341674804687 0.8674718552827836 0.3922271871566772 0.8618716430664063 0.3922271871566772
0 0.5227887725830078 0.326287841796875 0.5301680529117584 0.326287841796875 0.5301680529117584 0.3341562777757644 0.5227887725830078 0.3341562777757644
0 0.47656124114990234 0.4877082061767578 0.4838958692550659 0.4877082061767578 0.4838958692550659 0.49637594938278196 0.47656124114990234 0.49637594938278196
0 0.8548605346679687 0.5432320022583008 0.8616466742753982 0.5432320022583008 0.8616466742753982 0.5517364448308946 0.8548605346679687 0.5517364448308946
0 0.2284358787536621 0.6493279266357422 0.23516547799110413 0.6493279266357422 0.23516547799110413 0.6577827191352844 0.2284358787536621 0.6577827191352844
0 0.17480478286743165 0.48219169616699215 0.181315997838974 0.48219169616699215 0.181315997838974 0.48997087180614474 0.17480478286743165 0.48997087180614474
0 0.5454545211791992 0.472659912109375 0.5530730336904526 0.472659912109375 0.5530730336904526 0.4819689989089966 0.5454545211791992 0.4819689989089966
0 0.15947288513183594 0.6356288528442383 0.16658151447772981 0.6356288528442383 0.16658151447772981 0.6446585375070573 0.15947288513183594 0.6446585375070573
0 0.5349935913085937 0.526858901977539 0.5420306134223937 0.526858901977539 0.5420306134223937 0.5356285154819488 0.5349935913085937 0.5356285154819488
0 0.5111114501953125 0.6982974243164063 0.5185091239213944 0.6982974243164063 0.5185091239213944 0.7076528012752532 0.5111114501953125 0.7076528012752532
0 0.46642810821533204 0.37382686614990235 0.4733168601989746 0.37382686614990235 0.4733168601989746 0.3831341743469239 0.46642810821533204 0.3831341743469239
0 0.7974540710449218 0.3287855911254883 0.8050960040092469 0.3287855911254883 0.8050960040092469 0.33902408003807066 0.7974540710449218 0.33902408003807066
0 0.192017822265625 0.48336402893066405 0.19854509472846985 0.48336402893066405 0.19854509472846985 0.4924826973676682 0.192017822265625 0.4924826973676682
0 0.1466200542449951 0.5437731170654296 0.15336965858936308 0.5437731170654296 0.15336965858936308 0.5520260661840438 0.1466200542449951 0.5520260661840438
0 0.7805040740966797 0.6336088180541992 0.786723746061325 0.6336088180541992 0.786723746061325 0.641626244187355 0.7805040740966797 0.641626244187355
0 0.22976951599121093 0.6970755767822266 0.23718762338161467 0.6970755767822266 0.23718762338161467 0.7062110847234726 0.22976951599121093 0.7062110847234726
0 0.1782233428955078 0.3808790588378906 0.1847630202770233 0.3808790588378906 0.1847630202770233 0.38986636698246 0.1782233428955078 0.38986636698246
0 0.8818690490722656 0.33689754486083984 0.8884545767307281 0.33689754486083984 0.8884545767307281 0.34481776535511016 0.8818690490722656 0.34481776535511016
0 0.8816333770751953 0.3858277130126953 0.8874617022275924 0.3858277130126953 0.8874617022275924 0.39315560817718503 0.8816333770751953 0.39315560817718503
0 0.818626937866211 0.38182285308837893 0.8244374608993531 0.38182285308837893 0.8244374608993531 0.38942758083343515 0.818626937866211 0.38942758083343515
0 0.44721317291259766 0.38940006256103515 0.4535102915763855 0.38940006256103515 0.4535102915763855 0.3982586199045181 0.44721317291259766 0.3982586199045181
0 0.5482670593261719 0.6400411224365234 0.556259471178055 0.6400411224365234 0.556259471178055 0.6488517683744431 0.5482670593261719 0.6488517683744431
0 0.1605907440185547 0.4833773422241211 0.16674152910709383 0.4833773422241211 0.16674152910709383 0.49195270240306854 0.1605907440185547 0.49195270240306854
0 0.86184814453125 0.6296047592163085 0.8685332685709 0.6296047592163085 0.8685332685709 0.6387263524532317 0.86184814453125 0.6387263524532317
0 0.7744932556152344 0.6849826049804687 0.7812789219617844 0.6849826049804687 0.7812789219617844 0.6939441788196563 0.7744932556152344 0.6939441788196563
0 0.8643057250976562 0.3339888763427734 0.8715510475635527 0.3339888763427734 0.8715510475635527 0.34394140183925626 0.8643057250976562 0.34394140183925626
0 0.16595182418823243 0.5355574417114258 0.17265418827533724 0.5355574417114258 0.17265418827533724 0.5433395034074784 0.16595182418823243 0.5433395034074784
0 0.17190534591674805 0.6962007904052734 0.17766148746013644 0.6962007904052734 0.17766148746013644 0.7043219447135924 0.17190534591674805 0.7043219447135924
0 0.8109791564941407 0.6923039245605468 0.8175656896829605 0.6923039245605468 0.8175656896829605 0.7009117788076401 0.8109791564941407 0.7009117788076401
0 0.44849369049072263 0.5305805206298828 0.45561596691608425 0.5305805206298828 0.45561596691608425 0.5390773731470108 0.44849369049072263 0.5390773731470108
0 0.19371208190917968 0.3764944076538086 0.19981715023517607 0.3764944076538086 0.19981715023517607 0.38452657878398894 0.19371208190917968 0.38452657878398894
0 0.21415170669555664 0.3186544609069824 0.22190439879894258 0.3186544609069824 0.22190439879894258 0.3290227484703064 0.21415170669555664 0.3290227484703064
0 0.8019971466064453 0.5493646240234376 0.8086809694766998 0.5493646240234376 0.8086809694766998 0.5579831910133363 0.8019971466064453 0.5579831910133363
0 0.46593120574951175 0.6893904113769531 0.47306995332241064 0.6893904113769531 0.47306995332241064 0.6991032236814498 0.46593120574951175 0.6991032236814498
0 0.5032975769042969 0.540394287109375 0.5108749848604203 0.540394287109375 0.5108749848604203 0.5502443492412568 0.5032975769042969 0.5502443492412568
0 0.46962608337402345 0.6421773529052734 0.4782363283634186 0.6421773529052734 0.4782363283634186 0.6520180070400238 0.46962608337402345 0.6520180070400238
0 0.528100471496582 0.6445566558837891 0.535508376955986 0.6445566558837891 0.535508376955986 0.6556560409069061 0.528100471496582 0.6556560409069061
0 0.15503887176513673 0.6926062774658203 0.16260696470737457 0.6926062774658203 0.16260696470737457 0.7022809028625487 0.15503887176513673 0.7022809028625487
0 0.49181392669677737 0.6418366241455078 0.49864667057991036 0.6418366241455078 0.49864667057991036 0.651874258518219 0.49181392669677737 0.651874258518219
0 0.8392969512939453 0.33679054260253904 0.8470937192440033 0.33679054260253904 0.8470937192440033 0.3462998515367508 0.8392969512939453 0.3462998515367508
0 0.83941650390625 0.4926058959960937 0.8471389889717102 0.4926058959960937 0.8471389889717102 0.5015073835849762 0.83941650390625 0.5015073835849762
0 0.8208773040771484 0.4956287002563477 0.8279936367273331 0.4956287002563477 0.8279936367273331 0.505656887292862 0.8208773040771484 0.505656887292862
0 0.8394013214111328 0.6342148971557617 0.8470285868644714 0.6342148971557617 0.8470285868644714 0.6438117265701294 0.8394013214111328 0.6438117265701294
0 0.5085107421875 0.36888938903808594 0.515129212141037 0.36888938903808594 0.515129212141037 0.37910827159881594 0.5085107421875 0.37910827159881594
0 0.8173578643798828 0.33449817657470704 0.8236063385009765 0.33449817657470704 0.8236063385009765 0.3441538274288178 0.8173578643798828 0.3441538274288178
0 0.18277917861938475 0.6398416137695313 0.19084409892559048 0.6398416137695313 0.19084409892559048 0.6500935435295105 0.18277917861938475 0.6500935435295105
0 0.8179692077636719 0.542398681640625 0.8246489495038987 0.542398681640625 0.8246489495038987 0.5503462576866149 0.8179692077636719 0.5503462576866149
0 0.4678514862060547 0.3294094467163086 0.47465045928955085 0.3294094467163086 0.47465045928955085 0.3384161841869355 0.4678514862060547 0.3384161841869355
0 0.17522600173950195 0.32871082305908206 0.18275177836418152 0.32871082305908206 0.18275177836418152 0.3394251418113709 0.17522600173950195 0.3394251418113709
0 0.21571182250976562 0.3707753372192383 0.22332458317279813 0.3707753372192383 0.22332458317279813 0.38073102533817293 0.21571182250976562 0.38073102533817293
0 0.502408790588379 0.3301364517211914 0.5093458026647568 0.3301364517211914 0.5093458026647568 0.3385679602622985 0.502408790588379 0.3385679602622985
0 0.15414914100367808 0.38040890568876373 0.15965446746809514 0.38040890568876373 0.15965446746809514 0.38776835764637835 0.15414914100367808 0.38776835764637835
0 0.1854606852700502 0.5363372940407217 0.19131009463849333 0.5363372940407217 0.19131009463849333 0.5441567117456872 0.1854606852700502 0.5441567117456872
0 0.19784766981498858 0.5377171912827745 0.2067938253196663 0.5377171912827745 0.2067938253196663 0.5455366089877398 0.19784766981498858 0.5455366089877398
0 0.21642814663239618 0.6467290734049397 0.22262163890486542 0.6467290734049397 0.22262163890486542 0.6577682513413615 0.21642814663239618 0.6577682513413615
0 0.4885977237170153 0.5321976023145636 0.4941030501814324 0.5321976023145636 0.4941030501814324 0.5469165062297926 0.4885977237170153 0.5469165062297926
0 0.5281672576800129 0.3661499675208856 0.5336725841444301 0.3661499675208856 0.5336725841444301 0.37672917970995656 0.5281672576800129 0.37672917970995656
0 0.8400014496278787 0.3900681863831328 0.846539024804374 0.3900681863831328 0.846539024804374 0.3969676725933963 0.8400014496278787 0.3969676725933963
