0 0.49247840881347654 0.6336585998535156 0.5001157873868942 0.6336585998535156 0.5001157873868942 0.6433822828531265 0.49247840881347654 0.6433822828531265
0 0.4700238800048828 0.5308342742919921 0.47752954840660095 0.5308342742919921 0.47752954840660095 0.5399005252122878 0.4700238800048828 0.5399005252122878
0 0.515634651184082 0.6331927490234375 0.5231839668750763 0.6331927490234375 0.5231839668750763 0.6431580030918121 0.515634651184082 0.6431580030918121
0 0.46704524993896485 0.634749641418457 0.47455127298831934 0.634749641418457 0.47455127298831934 0.6444957381486892 0.46704524993896485 0.6444957381486892
0 0.5169651412963867 0.3125836181640625 0.5242807841300964 0.3125836181640625 0.5242807841300964 0.3218712198734283 0.5169651412963867 0.3218712198734283
0 0.5396036911010742 0.22796783447265628 0.5472614741325378 0.22796783447265628 0.5472614741325378 0.2375354510545731 0.5396036911010742 0.2375354510545731
0 0.49380748748779296 0.1629029655456543 0.5013002330064774 0.1629029655456543 0.5013002330064774 0.17310358405113221 0.49380748748779296 0.17310358405113221
0 0.4907952880859375 0.31420129776000977 0.4980249381065368 0.31420129776000977 0.4980249381065368 0.3228206557035446 0.4907952880859375 0.3228206557035446
0 0.4927797698974609 0.53431640625 0.49953681111335746 0.53431640625 0.49953681111335746 0.543674550652504 0.4927797698974609 0.543674550652504
0 0.5163568878173828 0.3519752883911133 0.5231889808177947 0.3519752883911133 0.5231889808177947 0.3609445708990097 0.5163568878173828 0.3609445708990097
0 0.4765652847290039 0.357059326171875 0.4834977722167969 0.357059326171875 0.4834977722167969 0.36540584444999696 0.4765652847290039 0.36540584444999696
0 0.5451269149780273 0.3103265380859375 0.5526208728551865 0.3103265380859375 0.5526208728551865 0.3206417953968048 0.5451269149780273 0.3206417953968048
0 0.4511878967285156 0.2185528564453125 0.45801168024539946 0.2185528564453125 0.45801168024539946 0.22739291310310364 0.4511878967285156 0.22739291310310364
0 0.46783668518066407 0.3094469451904297 0.475175541639328 0.3094469451904297 0.475175541639328 0.31844322681427006 0.46783668518066407 0.31844322681427006
0 0.4470809555053711 0.31237125396728516 0.454754381775856 0.31237125396728516 0.454754381775856 0.3210744363069534 0.4470809555053711 0.3210744363069534
0 0.4452286911010742 0.6331597518920898 0.4529403531551361 0.6331597518920898 0.4529403531551361 0.6421494317054749 0.4452286911010742 0.6421494317054749
0 0.5263837814331055 0.4709524917602539 0.5327381205558778 0.4709524917602539 0.5327381205558778 0.4793719834089279 0.5263837814331055 0.4793719834089279
0 0.4980401229858398 0.3557966232299804 0.5049527090787886 0.3557966232299804 0.5049527090787886 0.3644401741027832 0.4980401229858398 0.3644401741027832
0 0.5084542083740234 0.2246986770629883 0.5159799259901046 0.2246986770629883 0.5159799259901046 0.2346539694070816 0.5084542083740234 0.2346539694070816
0 0.5443230056762696 0.527352066040039 0.5527284103631974 0.527352066040039 0.5527284103631974 0.5376258170604705 0.5443230056762696 0.5376258170604705
0 0.4522279739379883 0.357854232788086 0.45890005707740783 0.357854232788086 0.45890005707740783 0.36648853302001955 0.4522279739379883 0.36648853302001955
0 0.5030330276489258 0.4702568435668945 0.5107859116792679 0.4702568435668945 0.5107859116792679 0.4801148909330368 0.5030330276489258 0.4801148909330368
0 0.5457673263549805 0.46575462341308593 0.5533313685655593 0.46575462341308593 0.5533313685655593 0.474674334526062 0.5457673263549805 0.474674334526062
0 0.5186203002929688 0.5281775665283203 0.525939018726349 0.5281775665283203 0.525939018726349 0.5384320652484894 0.5186203002929688 0.5384320652484894
0 0.4546565246582031 0.4726345825195313 0.46290049970149993 0.4726345825195313 0.46290049970149993 0.4810696887969971 0.4546565246582031 0.4810696887969971
0 0.5406692123413086 0.3477127075195313 0.5478037607669831 0.3477127075195313 0.5478037607669831 0.3563319075107575 0.5406692123413086 0.3563319075107575
0 0.4485735702514648 0.1650022315979004 0.45635567069053645 0.1650022315979004 0.45635567069053645 0.17481900930404662 0.4485735702514648 0.17481900930404662
0 0.4902987289428711 0.22113143920898437 0.4968316787481308 0.22113143920898437 0.4968316787481308 0.23077542901039122 0.4902987289428711 0.23077542901039122
0 0.4486801528930664 0.5303629302978515 0.4562554317712784 0.5303629302978515 0.4562554317712784 0.5403254961967469 0.4486801528930664 0.5403254961967469
0 0.4708787155151367 0.16175321578979493 0.4783903276920318 0.16175321578979493 0.4783903276920318 0.17171864807605747 0.4708787155151367 0.17171864807605747
0 0.5445563888549805 0.6296720123291015 0.5518357777595521 0.6296720123291015 0.5518357777595521 0.6398432993888854 0.5445563888549805 0.6398432993888854
0 0.4797154235839844 0.47243011474609375 0.4880415177345276 0.47243011474609375 0.4880415177345276 0.48200255393981933 0.4797154235839844 0.48200255393981933
0 0.4720905685424805 0.21764356613159178 0.47944208145141604 0.21764356613159178 0.47944208145141604 0.2257533359527588 0.4720905685424805 0.2257533359527588
0 0.6416521453857422 0.5917754745483399 0.6526869702339173 0.5917754745483399 0.6526869702339173 0.6048188924789429 0.6416521453857422 0.6048188924789429
0 0.5420928955078125 0.15947792053222656 0.5507134014368056 0.15947792053222656 0.5507134014368056 0.1701291787624359 0.5420928955078125 0.1701291787624359
