0 0.142638003850806 0.02425273940577516 0.1482684513712325 0.02425273940577516 0.1482684513712325 0.033033903673383415 0.142638003850806 0.033033903673383415
0 0.1651597939325122 0.02425273940577516 0.17047743881291502 0.02425273940577516 0.17047743881291502 0.034706506391023066 0.1651597939325122 0.034706506391023066
0 0.19331203153464493 0.026761643482234664 0.1995680843351189 0.026761643482234664 0.1995680843351189 0.037633561146892494 0.19331203153464493 0.037633561146892494
0 0.21645942689639855 0.021743835329315668 0.22396669025696725 0.021743835329315668 0.22396669025696725 0.02927054755869416 0.21645942689639855 0.02927054755869416
0 0.24867809881883937 0.02258013668813549 0.2549341516193133 0.02258013668813549 0.2549341516193133 0.030943150276333826 0.24867809881883937 0.030943150276333826
0 0.14388921441090077 0.07777602637024449 0.15077087249142213 0.07777602637024449 0.15077087249142213 0.08488458792021307 0.14388921441090077 0.08488458792021307
0 0.16891342561279657 0.07652157433201473 0.17485667577324684 0.07652157433201473 0.17485667577324684 0.0857208892790329 0.16891342561279657 0.0857208892790329
0 0.19237362361457386 0.08028493044670398 0.1989424790550715 0.08028493044670398 0.1989424790550715 0.08739349199667258 0.19237362361457386 0.08739349199667258
0 0.21614662425637485 0.07693972501142465 0.22396669025696728 0.07693972501142465 0.22396669025696728 0.08488458792021307 0.21614662425637485 0.08488458792021307
0 0.2461756776986498 0.07317636889673541 0.25086771729900526 0.07317636889673541 0.25086771729900526 0.0827938345231635 0.2461756776986498 0.0827938345231635
0 0.1401355827306164 0.16140616225222781 0.14701724081113773 0.16140616225222781 0.14701724081113773 0.16935102516101622 0.1401355827306164 0.16935102516101622
0 0.17110304409296245 0.16140616225222781 0.17735909689343637 0.16140616225222781 0.17735909689343637 0.1710236278786559 0.17110304409296245 0.1710236278786559
0 0.19550165001481085 0.16015171021399804 0.2017577028152848 0.16015171021399804 0.2017577028152848 0.16976917584042614 0.19550165001481085 0.16976917584042614
0 0.22146426913677772 0.1660058197257369 0.22865872985732275 0.1660058197257369 0.22865872985732275 0.17645958671098477 0.22146426913677772 0.17645958671098477
0 0.2477396908987683 0.16140616225222781 0.2536829410592186 0.16140616225222781 0.2536829410592186 0.17436883331393518 0.2477396908987683 0.17436883331393518
0 0.1420123985707586 0.21785650397256656 0.14858125401125627 0.21785650397256656 0.14858125401125627 0.22621951756076483 0.1420123985707586 0.22621951756076483
0 0.15077087249142213 0.21283869581964754 0.1589037411320382 0.21283869581964754 0.1589037411320382 0.22078355872843594 0.15077087249142213 0.22078355872843594
0 0.20457292657549808 0.2245469148431252 0.21145458465601938 0.2245469148431252 0.21145458465601938 0.23458253114896324 0.20457292657549808 0.23458253114896324
0 0.2330379668176545 0.21869280533138638 0.23929401961812846 0.21869280533138638 0.23929401961812846 0.22747396959899463 0.2330379668176545 0.22747396959899463
0 0.2627542176199058 0.22371061348430532 0.2693230730604034 0.22371061348430532 0.2693230730604034 0.23290992843132352 0.2627542176199058 0.23290992843132352
0 0.139509977450569 0.3203034204279961 0.14639163553109036 0.3203034204279961 0.14639163553109036 0.33033903673383413 0.139509977450569 0.33033903673383413
0 0.16203176753227522 0.32281232450445563 0.16922622825282024 0.32281232450445563 0.16922622825282024 0.3290845846956043 0.16203176753227522 0.3290845846956043
0 0.18455355761398143 0.3177945163515366 0.19331203153464493 0.3177945163515366 0.19331203153464493 0.32908458469560437 0.18455355761398143 0.32908458469560437
0 0.21990025593665924 0.3244849272220953 0.22772032193725164 0.3244849272220953 0.22772032193725164 0.335774995566163 0.21990025593665924 0.335774995566163
0 0.25337013841919487 0.32281232450445563 0.26119020441978724 0.32281232450445563 0.26119020441978724 0.335774995566163 0.25337013841919487 0.335774995566163
0 0.14076118801066378 0.3683907485601365 0.14639163553109036 0.3683907485601365 0.14639163553109036 0.37842636486597464 0.14076118801066378 0.37842636486597464
0 0.16265737281232262 0.3717359539954159 0.16985183353286765 0.3717359539954159 0.16985183353286765 0.38177157030125386 0.16265737281232262 0.38177157030125386
0 0.18455355761398143 0.36797259788072656 0.19550165001481085 0.36797259788072656 0.19550165001481085 0.37633561146892486 0.18455355761398143 0.37633561146892486
0 0.2102033740959246 0.3675544472013167 0.21708503217644595 0.3675544472013167 0.21708503217644595 0.3775900635071547 0.2102033740959246 0.3775900635071547
0 0.23116115097751233 0.370899652636596 0.23804280905803368 0.370899652636596 0.23804280905803368 0.3821897209806639 0.23116115097751233 0.3821897209806639
0 0.13294112201007138 0.47334656909202555 0.1416995959307349 0.47334656909202555 0.1416995959307349 0.4825458840390438 0.13294112201007138 0.4825458840390438
0 0.15608851737182497 0.47334656909202555 0.16422138601244107 0.47334656909202555 0.16422138601244107 0.4792006786037644 0.15608851737182497 0.4792006786037644
0 0.17673349161338903 0.4720921170537958 0.18392795233393405 0.4720921170537958 0.18392795233393405 0.47961882928317434 0.17673349161338903 0.47961882928317434
0 0.1980040711350004 0.4737647197714355 0.20770095297573501 0.4737647197714355 0.20770095297573501 0.48296403471845367 0.1980040711350004 0.48296403471845367
0 0.22365388761694358 0.47418287045084545 0.23522758529782037 0.47418287045084545 0.23522758529782037 0.4833821853978636 0.22365388761694358 0.4833821853978636
0 0.13669475369035572 0.5247791026594454 0.14388921441090077 0.5247791026594454 0.14388921441090077 0.536487321682923 0.13669475369035572 0.536487321682923
0 0.16046775433215676 0.5306332121711842 0.16672380713263069 0.5306332121711842 0.16672380713263069 0.541923280515252 0.16046775433215676 0.541923280515252
0 0.18267674177383925 0.5247791026594454 0.1886199919342895 0.5247791026594454 0.1886199919342895 0.536487321682923 0.18267674177383925 0.536487321682923
0 0.20519853185554543 0.526451705377085 0.2105161767359483 0.526451705377085 0.2105161767359483 0.5356510203241032 0.20519853185554543 0.5356510203241032
0 0.23116115097751233 0.5285424587741346 0.23960682225815216 0.5285424587741346 0.23960682225815216 0.536069171003513 0.23116115097751233 0.536069171003513
0 0.1335951638937573 0.6197373205836246 0.13928248462146092 0.6197373205836246 0.13928248462146092 0.628100334171823 0.1335951638937573 0.628100334171823
0 0.13729192236676463 0.674096908906914 0.14525417138554966 0.674096908906914 0.14525417138554966 0.6839804704202392 0.13729192236676463 0.6839804704202392
0 0.15350078644071985 0.6581311556930807 0.16174740149589006 0.6581311556930807 0.16174740149589006 0.6683948541876878 0.15350078644071985 0.6683948541876878
0 0.15719754491372717 0.6170763617146525 0.16231613356866045 0.6170763617146525 0.16231613356866045 0.6284804711531048 0.15719754491372717 0.6284804711531048
0 0.17710316746068971 0.6201174575649064 0.18307485422477848 0.6201174575649064 0.18307485422477848 0.6303811560595135 0.17710316746068971 0.6303811560595135
0 0.18449668440670444 0.6676345802251241 0.1927432994618746 0.6676345802251241 0.1927432994618746 0.6801791006074217 0.18449668440670444 0.6801791006074217
0 0.20866779749944464 0.6242989643590057 0.2160613144454593 0.6242989643590057 0.2160613144454593 0.6345626628536126 0.20866779749944464 0.6345626628536126
0 0.21293328804522232 0.6733366349443503 0.22032680499123702 0.6733366349443503 0.22032680499123702 0.6824599224951121 0.21293328804522232 0.6824599224951121
0 0.23511383888326634 0.67105581305666 0.24222298979289578 0.67105581305666 0.24222298979289578 0.6816996485325487 0.23511383888326634 0.6816996485325487
0 0.24080115961096993 0.6235386903964422 0.24734157844782906 0.6235386903964422 0.24734157844782906 0.6357030737974579 0.24080115961096993 0.6357030737974579
0 0.134732628039298 0.7721722500776035 0.14098868083977198 0.7721722500776035 0.14098868083977198 0.7835763595160556 0.134732628039298 0.7835763595160556
0 0.15065712607686807 0.7790147157406747 0.1583350090592679 0.7790147157406747 0.1583350090592679 0.7907989621604088 0.15065712607686807 0.7907989621604088
0 0.17340640898768242 0.7771140308342662 0.179093729715386 0.7771140308342662 0.179093729715386 0.788898277254 0.17340640898768242 0.788898277254
0 0.20127428055343 0.7759736198904207 0.20809906542667433 0.7759736198904207 0.20809906542667433 0.7850969074411824 0.20127428055343 0.7850969074411824
0 0.22288609931870362 0.7782544417781114 0.22914215211917757 0.7782544417781114 0.22914215211917757 0.7907989621604088 0.22288609931870362 0.7907989621604088
0 0.13729192236676463 0.8250112904757656 0.1432636091308534 0.8250112904757656 0.1432636091308534 0.8329941670826821 0.13729192236676463 0.8329941670826821
0 0.15748191095011235 0.8280523863260195 0.1640223297869715 0.8280523863260195 0.1640223297869715 0.8375558108580631 0.15748191095011235 0.8375558108580631
0 0.17738753349707495 0.8322338931201186 0.1850654164794748 0.8322338931201186 0.1850654164794748 0.8409770436895987 0.17738753349707495 0.8409770436895987
0 0.1972931560440375 0.8337544410452457 0.2041179409172818 0.8337544410452457 0.2041179409172818 0.843638002558571 0.1972931560440375 0.843638002558571
0 0.2095208956086002 0.8375558108580631 0.2163456804818445 0.8375558108580631 0.2163456804818445 0.8470592353901066 0.2095208956086002 0.8470592353901066
0 0.2496165067389105 0.8367955368954996 0.2555881935029993 0.8367955368954996 0.2555881935029993 0.8455386874649796 0.2496165067389105 0.8455386874649796
0 0.4506632944632323 0.0 0.45748807933647656 0.0 0.45748807933647656 0.009503424532043558 0.4506632944632323 0.009503424532043558
0 0.4700001849374245 0.0022808218876904543 0.4762562377378985 0.0022808218876904543 0.4762562377378985 0.014445205288706207 0.4700001849374245 0.014445205288706207
0 0.49530876217570546 0.006082191700507878 0.5004273508306388 0.006082191700507878 0.5004273508306388 0.01634589019511492 0.49530876217570546 0.01634589019511492
0 0.516920580940979 0.0015205479251269695 0.5254515620325345 0.0015205479251269695 0.5254515620325345 0.011023972457170529 0.516920580940979 0.011023972457170529
0 0.5391011317790231 0.005321917737944394 0.5482008449433488 0.005321917737944394 0.5482008449433488 0.012544520382297497 0.5391011317790231 0.012544520382297497
0 0.45322258879069893 0.05740068417354309 0.461184837809484 0.05740068417354309 0.461184837809484 0.06652397172430491 0.45322258879069893 0.06652397172430491
0 0.47369694341043184 0.05740068417354309 0.48137482639283163 0.05740068417354309 0.48137482639283163 0.06538356078045969 0.47369694341043184 0.06538356078045969
0 0.49701495839401644 0.04941780756662652 0.5055459394855718 0.04941780756662652 0.5055459394855718 0.05702054719226136 0.49701495839401644 0.05702054719226136
0 0.518342411122905 0.05017808152919 0.5245984639233789 0.05017808152919 0.5245984639233789 0.05968150606123355 0.518342411122905 0.05968150606123355
0 0.5430822562884156 0.04941780756662652 0.5496226751252747 0.04941780756662652 0.5496226751252747 0.05816095813610659 0.5430822562884156 0.05816095813610659
0 0.4495258303176916 0.15471575138166915 0.456350615190936 0.15471575138166915 0.456350615190936 0.16383903893243096 0.4495258303176916 0.16383903893243096
0 0.47170638115573554 0.14901369666244302 0.4782467999925946 0.14901369666244302 0.4782467999925946 0.1577568472319231 0.47170638115573554 0.1577568472319231
0 0.4916120037026982 0.15509588836295088 0.49786805650317206 0.15509588836295088 0.49786805650317206 0.16459931289499447 0.4916120037026982 0.16459931289499447
0 0.511801992286046 0.15319520345654217 0.5177736790501347 0.15319520345654217 0.5177736790501347 0.16155821704474055 0.511801992286046 0.16155821704474055
0 0.5328450789785492 0.15281506647526044 0.5388167657426379 0.15281506647526044 0.5388167657426379 0.16117808006345874 0.5328450789785492 0.16117808006345874
0 0.448672732208536 0.21211643555521223 0.4552131510453951 0.21211643555521223 0.4552131510453951 0.22276027103110108 0.448672732208536 0.22276027103110108
0 0.46829398871911354 0.2117362985739305 0.4745500415195875 0.2117362985739305 0.4745500415195875 0.2208595861246923 0.46829398871911354 0.2208595861246923
0 0.4847872188294539 0.20451369592957735 0.4933181999210092 0.20451369592957735 0.4933181999210092 0.21211643555521223 0.4847872188294539 0.21211643555521223
0 0.5072521357038831 0.20261301102316867 0.516636214904594 0.20261301102316867 0.516636214904594 0.21097602461136694 0.5072521357038831 0.21097602461136694
0 0.527726490323616 0.20071232611675996 0.5334138110513195 0.20071232611675996 0.5334138110513195 0.21059588763008527 0.527726490323616 0.21059588763008527
0 0.44867273220853604 0.3193150642766635 0.45635061519093595 0.3193150642766635 0.45635061519093595 0.32805821484614356 0.44867273220853604 0.32805821484614356
0 0.47654060377428364 0.31855479031410006 0.4825122905383724 0.31855479031410006 0.4825122905383724 0.3295787627712706 0.47654060377428364 0.3295787627712706
0 0.45635061519093595 0.36987328278713516 0.46374413213695054 0.36987328278713516 0.46374413213695054 0.37899657033789697 0.45635061519093595 0.37899657033789697
0 0.4827966565747576 0.36645204995559955 0.4890527093752316 0.36645204995559955 0.4890527093752316 0.3774760224127701 0.4827966565747576 0.3774760224127701
0 0.5046928413764165 0.31057191370718346 0.5112332602132755 0.31057191370718346 0.5112332602132755 0.3208356122017905 0.5046928413764165 0.3208356122017905
0 0.5046928413764165 0.361510269198937 0.5123707243588163 0.361510269198937 0.5123707243588163 0.370253419768417 0.5046928413764165 0.370253419768417
0 0.5288639544691567 0.30867122880077474 0.5339825431240898 0.30867122880077474 0.5339825431240898 0.3193150642766635 0.5288639544691567 0.3193150642766635
0 0.5274421242872307 0.3554280774984291 0.5351200072696307 0.3554280774984291 0.5351200072696307 0.36531163901175434 0.5274421242872307 0.36531163901175434
0 0.5493383090888897 0.3565684884422742 0.557869290180445 0.3565684884422742 0.557869290180445 0.3649315020304725 0.5493383090888897 0.3649315020304725
0 0.5561630939621339 0.3117123246510287 0.5624191467626078 0.3117123246510287 0.5624191467626078 0.32311643408948093 0.5561630939621339 0.32311643408948093
0 0.4506632944632324 0.47060958282679705 0.45691934726370637 0.47060958282679705 0.45691934726370637 0.4801130073588405 0.4506632944632324 0.4801130073588405
0 0.4782467999925948 0.47213013075192395 0.4853559509022242 0.47213013075192395 0.4853559509022242 0.4804931443401223 0.4782467999925948 0.4804931443401223
0 0.49474003010293516 0.4713698567893605 0.500996082903409 0.4713698567893605 0.500996082903409 0.47783218547115014 0.49474003010293516 0.47783218547115014
0 0.45094766049961754 0.5226883492623957 0.45663498122732105 0.5226883492623957 0.45663498122732105 0.5352328696446932 0.45094766049961754 0.5352328696446932
0 0.47455004151958746 0.520787664355987 0.47938426413813545 0.520787664355987 0.47938426413813545 0.5329520477570028 0.47455004151958746 0.5329520477570028
0 0.5027022791217203 0.5200273903934235 0.5092426979585793 0.5200273903934235 0.5092426979585793 0.5306712258693123 0.5027022791217203 0.5306712258693123
0 0.5180580450865199 0.4671883499952613 0.5280108563600011 0.4671883499952613 0.5280108563600011 0.47707191150858663 0.5180580450865199 0.47707191150858663
0 0.5226079016686828 0.5200273903934235 0.5305701506874677 0.5200273903934235 0.5305701506874677 0.5329520477570028 0.5226079016686828 0.5329520477570028
0 0.5427978902520305 0.4675684869765431 0.551613237379971 0.4675684869765431 0.551613237379971 0.47555136358345973 0.5427978902520305 0.47555136358345973
0 0.5504757732344303 0.5223082122811139 0.5570161920712895 0.5223082122811139 0.5570161920712895 0.5321917737944393 0.5504757732344303 0.5321917737944393
0 0.45635061519093595 0.6276061560961567 0.46203793591863956 0.6276061560961567 0.46203793591863956 0.6386301285533271 0.45635061519093595 0.6386301285533271
0 0.4503789284268471 0.6800650595130371 0.45777244537286177 0.6800650595130371 0.45777244537286177 0.6910890319702078 0.4503789284268471 0.6910890319702078
0 0.47568750566512813 0.683106155363291 0.4830810226111428 0.683106155363291 0.4830810226111428 0.6929897168766163 0.47568750566512813 0.6929897168766163
0 0.4714220151193505 0.6279862930774384 0.4776780679198245 0.6279862930774384 0.4776780679198245 0.6367294436469184 0.4714220151193505 0.6367294436469184
0 0.49616186028486103 0.6880479361199536 0.5066834036311126 0.6880479361199536 0.5066834036311126 0.6941301278204615 0.49616186028486103 0.6941301278204615
0 0.4981524225395573 0.6241849232646209 0.5058303055219571 0.6241849232646209 0.5058303055219571 0.6355890327030731 0.4981524225395573 0.6355890327030731
0 0.5206173394139865 0.6287465670400019 0.52630466014169 0.6287465670400019 0.52630466014169 0.6393904025158905 0.5206173394139865 0.6393904025158905
0 0.5251671959961494 0.6785445115879101 0.5302857846510824 0.6785445115879101 0.5302857846510824 0.6872876621573901 0.5251671959961494 0.6872876621573901
0 0.5427978902520305 0.6793047855504736 0.5487695770161193 0.6793047855504736 0.5487695770161193 0.6907088949889257 0.5427978902520305 0.6907088949889257
0 0.5402385959245639 0.6264657451523113 0.5473477468341934 0.6264657451523113 0.5473477468341934 0.6359691696843549 0.5402385959245639 0.6359691696843549
0 0.4557818831181656 0.7852226055758156 0.46289103402779497 0.7852226055758156 0.46289103402779497 0.7970068519955497 0.4557818831181656 0.7970068519955497
0 0.4535069548270842 0.8354006871050058 0.4606161057367137 0.8354006871050058 0.4606161057367137 0.8502260293749936 0.4535069548270842 0.8502260293749936
0 0.47909989810175024 0.8346404131424421 0.4856403169386094 0.8346404131424421 0.4856403169386094 0.8468047965434579 0.47909989810175024 0.8468047965434579
0 0.47938426413813573 0.779140413875307 0.4856403169386095 0.779140413875307 0.4856403169386095 0.7882637014260688 0.47938426413813573 0.7882637014260688
0 0.5021335470489499 0.7821815097255616 0.5106645281405052 0.7821815097255616 0.5106645281405052 0.7897842493511964 0.5021335470489499 0.7897842493511964
0 0.5015648149761794 0.828938358423216 0.5092426979585791 0.828938358423216 0.5092426979585791 0.8395821938991048 0.5015648149761794 0.8395821938991048
0 0.5314232487966233 0.8270376735168075 0.5382480336698676 0.8270376735168075 0.5382480336698676 0.8373013720114143 0.5314232487966233 0.8373013720114143
0 0.5294326865419271 0.781421235762998 0.535688739342401 0.781421235762998 0.535688739342401 0.7943458931265773 0.5294326865419271 0.7943458931265773
0 0.5476321128705786 0.7833219206694069 0.5547412637802079 0.7833219206694069 0.5547412637802079 0.7913047972763234 0.5476321128705786 0.7913047972763234
0 0.5555943618893636 0.83197945427347 0.5627035127989931 0.83197945427347 0.5627035127989931 0.8414828788055133 0.5555943618893636 0.8414828788055133
