0 0.5169161605834961 0.45720222473144534 0.5254455870389938 0.45720222473144534 0.5254455870389938 0.4675641286373139 0.5169161605834961 0.4675641286373139
0 0.8296550750732422 0.615576171875 0.8369903534650803 0.615576171875 0.8369903534650803 0.6248495626449585 0.8296550750732422 0.6248495626449585
0 0.7810297393798828 0.678770523071289 0.7878549718856812 0.678770523071289 0.7878549718856812 0.6866724413633346 0.7810297393798828 0.6866724413633346
0 0.8351830291748047 0.6780995178222656 0.8430897432565688 0.6780995178222656 0.8430897432565688 0.6869250273704529 0.8351830291748047 0.6869250273704529
0 0.8144184875488282 0.5194845962524414 0.8225232702493669 0.5194845962524414 0.8225232702493669 0.5306252908706665 0.8144184875488282 0.5306252908706665
0 0.7907903289794922 0.6166387557983398 0.7980934339761734 0.6166387557983398 0.7980934339761734 0.6272641706466674 0.7907903289794922 0.6272641706466674
0 0.7659676361083985 0.7835303497314453 0.7742219310998917 0.7835303497314453 0.7742219310998917 0.7930328595638275 0.7659676361083985 0.7930328595638275
0 0.5540254211425781 0.7289373016357422 0.5619747769832611 0.7289373016357422 0.5619747769832611 0.7384878015518188 0.5540254211425781 0.7384878015518188
0 0.5474470901489258 0.46035045623779297 0.5554834449291229 0.46035045623779297 0.5554834449291229 0.46945022881031034 0.5474470901489258 0.46945022881031034
0 0.5793090057373047 0.4673787307739258 0.5872474205493927 0.4673787307739258 0.5872474205493927 0.47749969601631165 0.5793090057373047 0.47749969601631165
0 0.46006404876708984 0.8260140228271484 0.46757370889186856 0.8260140228271484 0.46757370889186856 0.8345067644119262 0.46006404876708984 0.8345067644119262
0 0.4756248092651367 0.5195499801635742 0.48256315231323244 0.5195499801635742 0.48256315231323244 0.5296908295154571 0.4756248092651367 0.5296908295154571
0 0.5071103668212891 0.8341607666015625 0.5141236728429794 0.8341607666015625 0.5141236728429794 0.843486732840538 0.5071103668212891 0.843486732840538
0 0.7945454406738282 0.4547818756103516 0.8035387814044953 0.4547818756103516 0.8035387814044953 0.46587268352508543 0.7945454406738282 0.46587268352508543
0 0.5805551147460938 0.5209678649902344 0.5882280975580216 0.5209678649902344 0.5882280975580216 0.5304693865776062 0.5805551147460938 0.5304693865776062
0 0.5377068328857422 0.8245937347412109 0.5443918979167938 0.8245937347412109 0.5443918979167938 0.8339576506614685 0.5377068328857422 0.8339576506614685
0 0.5233392715454102 0.5237532806396484 0.531649574637413 0.5237532806396484 0.531649574637413 0.5340165555477142 0.5233392715454102 0.5340165555477142
0 0.5176857757568359 0.6789164733886719 0.5257183456420899 0.6789164733886719 0.5257183456420899 0.6899389326572418 0.5176857757568359 0.6899389326572418
0 0.5784415054321289 0.824055938720703 0.5866804826259613 0.824055938720703 0.5866804826259613 0.8339628458023072 0.5784415054321289 0.8339628458023072
0 0.4537266540527344 0.7822760772705079 0.46106737375259405 0.7822760772705079 0.46106737375259405 0.7913862067461014 0.4537266540527344 0.7913862067461014
0 0.7997420501708984 0.7817893218994141 0.8078133583068846 0.7817893218994141 0.8078133583068846 0.791855299472809 0.7997420501708984 0.791855299472809
0 0.5871736526489257 0.6886563110351562 0.5952826344966888 0.6886563110351562 0.5952826344966888 0.6991990280151367 0.5871736526489257 0.6991990280151367
0 0.9008225250244141 0.46876235961914064 0.9083374786376953 0.46876235961914064 0.9083374786376953 0.4779636859893799 0.9008225250244141 0.4779636859893799
0 0.5136602020263672 0.631976318359375 0.521214485168457 0.631976318359375 0.521214485168457 0.6424938929080963 0.5136602020263672 0.6424938929080963
0 0.7716446685791015 0.8482614898681641 0.7793130379915236 0.8482614898681641 0.7793130379915236 0.8578232955932618 0.7716446685791015 0.8578232955932618
0 0.5416395568847656 0.6284666442871094 0.5492727363109589 0.6284666442871094 0.5492727363109589 0.6386612546443939 0.5416395568847656 0.6386612546443939
0 0.8462642669677735 0.520779037475586 0.8544732588529587 0.520779037475586 0.8544732588529587 0.5312754237651826 0.8462642669677735 0.5312754237651826
0 0.8986666870117187 0.6167219543457031 0.9053965228796005 0.6167219543457031 0.9053965228796005 0.624824331998825 0.8986666870117187 0.624824331998825
0 0.5455352783203125 0.7711699676513671 0.5528406900167465 0.7711699676513671 0.5528406900167465 0.7799160206317901 0.5455352783203125 0.7799160206317901
0 0.8080255126953125 0.6149962997436523 0.815513733625412 0.6149962997436523 0.815513733625412 0.6248837184906006 0.8080255126953125 0.6248837184906006
0 0.9131158447265625 0.7720408630371094 0.9196220624446869 0.7720408630371094 0.9196220624446869 0.7799376422166825 0.9131158447265625 0.7799376422166825
0 0.4509540557861328 0.4598210144042969 0.4586157423257828 0.4598210144042969 0.4586157423257828 0.46936475455760956 0.4509540557861328 0.46936475455760956
0 0.4997314834594727 0.5169394302368164 0.5071709710359573 0.5169394302368164 0.5071709710359573 0.5273354482650757 0.4997314834594727 0.5273354482650757
0 0.7687625122070313 0.6788130950927734 0.7750244706869126 0.6788130950927734 0.7750244706869126 0.687655839920044 0.7687625122070313 0.687655839920044
0 0.8179607391357422 0.8387690734863281 0.8254471862316132 0.8387690734863281 0.8254471862316132 0.8483286654949188 0.8179607391357422 0.8483286654949188
0 0.5978842926025391 0.6287429809570313 0.6046644586324692 0.6287429809570313 0.6046644586324692 0.6374013161659241 0.5978842926025391 0.6374013161659241
0 0.9155952453613281 0.6786974334716797 0.9221188509464263 0.6786974334716797 0.9221188509464263 0.6869842207431793 0.9155952453613281 0.6869842207431793
0 0.9089175415039062 0.5237688827514648 0.9161586648225785 0.5237688827514648 0.9161586648225785 0.5333043611049652 0.9089175415039062 0.5333043611049652
0 0.809554443359375 0.6812778472900389 0.8173610883951187 0.6812778472900389 0.8173610883951187 0.6910560429096221 0.809554443359375 0.6910560429096221
0 0.8489801788330078 0.6098997116088867 0.8551408851146698 0.6098997116088867 0.8551408851146698 0.6185191488265991 0.8489801788330078 0.6185191488265991
0 0.488620491027832 0.46057380676269527 0.49583180665969845 0.46057380676269527 0.49583180665969845 0.4700682920217514 0.488620491027832 0.4700682920217514
0 0.5480987548828125 0.5147890472412109 0.5562772291898727 0.5147890472412109 0.5562772291898727 0.525279939174652 0.5480987548828125 0.525279939174652
0 0.4892525863647461 0.779354248046875 0.4967983829975129 0.779354248046875 0.4967983829975129 0.7879977589845657 0.4892525863647461 0.7879977589845657
0 0.9171045684814453 0.8224205780029297 0.9243737256526947 0.8224205780029297 0.9243737256526947 0.8312993746995926 0.9171045684814453 0.8312993746995926
0 0.7761710357666015 0.5146523284912109 0.7846506643295287 0.5146523284912109 0.7846506643295287 0.5247337627410888 0.7761710357666015 0.5247337627410888
0 0.8907966613769531 0.6572978210449218 0.8978814709186553 0.6572978210449218 0.8978814709186553 0.665745813846588 0.8907966613769531 0.665745813846588
0 0.8507484436035156 0.7776911926269531 0.8573051095008851 0.7776911926269531 0.8573051095008851 0.7859538662433624 0.8507484436035156 0.7859538662433624
0 0.43681671142578127 0.8282996368408203 0.4455582529306412 0.8282996368408203 0.4455582529306412 0.8377491754293441 0.43681671142578127 0.8377491754293441
0 0.4811797332763672 0.6295675659179687 0.48941102206707005 0.6295675659179687 0.48941102206707005 0.6386823600530624 0.4811797332763672 0.6386823600530624
0 0.6037019348144531 0.5166379928588867 0.611097006201744 0.5166379928588867 0.611097006201744 0.5267804622650146 0.6037019348144531 0.5267804622650146
0 0.8835792541503906 0.5146845626831055 0.8907866072654724 0.5146845626831055 0.8907866072654724 0.5237268185615539 0.8835792541503906 0.5237268185615539
0 0.8343106842041016 0.4718069839477539 0.842202080488205 0.4718069839477539 0.842202080488205 0.48123905003070827 0.8343106842041016 0.48123905003070827
0 0.44408363342285156 0.618639907836914 0.4518735408782959 0.618639907836914 0.4518735408782959 0.6279400211572647 0.44408363342285156 0.6279400211572647
0 0.8788755798339843 0.7765528106689453 0.884431671500206 0.7765528106689453 0.884431671500206 0.7839251774549484 0.8788755798339843 0.7839251774549484
0 0.4829345703125 0.8299614715576172 0.4904769068956375 0.8299614715576172 0.4904769068956375 0.839789475798607 0.4829345703125 0.839789475798607
0 0.4479531478881836 0.5187225341796875 0.45557313859462734 0.5187225341796875 0.45557313859462734 0.527442062497139 0.4479531478881836 0.527442062497139
0 0.5528673934936523 0.8282170867919922 0.5603689217567444 0.8282170867919922 0.5603689217567444 0.8391639637947083 0.5528673934936523 0.8391639637947083
0 0.8607884979248047 0.6691360473632812 0.8688884311914443 0.6691360473632812 0.8688884311914443 0.6784176605939866 0.8607884979248047 0.6784176605939866
0 0.47696380615234374 0.6646443939208985 0.4849464297294616 0.6646443939208985 0.4849464297294616 0.6737561839818954 0.47696380615234374 0.6737561839818954
0 0.6160564810118396 0.4627845895325173 0.6273173760526929 0.4627845895325173 0.6273173760526929 0.47156575380012544 0.6160564810118396 0.47156575380012544
0 0.47529529300117573 0.6823136962227235 0.48405376692183927 0.6823136962227235 0.48405376692183927 0.6923493125285615 0.47529529300117573 0.6923493125285615
0 0.853295561828886 0.8236486258632751 0.8651820621497865 0.8236486258632751 0.8651820621497865 0.8336842421691132 0.853295561828886 0.8336842421691132
0 0.8751917466305447 0.6885859564138722 0.8839502205512081 0.6885859564138722 0.8839502205512081 0.7007123261167596 0.8751917466305447 0.7007123261167596
0 0.7613315856619188 0.6250270531435648 0.769464454302535 0.6250270531435648 0.769464454302535 0.639244176243502 0.7613315856619188 0.639244176243502
0 0.8755045492705684 0.6195910943112359 0.8830118126311373 0.6195910943112359 0.8830118126311373 0.6271178065406144 0.8755045492705684 0.6271178065406144
0 0.9205481294339809 0.6078828752877583 0.9283681954345734 0.6078828752877583 0.9283681954345734 0.6204273956700557 0.9205481294339809 0.6204273956700557
0 0.8748789439905209 0.4586030827384181 0.8839502205512081 0.4586030827384181 0.8839502205512081 0.4703113017618957 0.8748789439905209 0.4703113017618957
