0 0.5169222259521484 0.45722801208496094 0.5254440230131149 0.45722801208496094 0.5254440230131149 0.4675615727901459 0.5169222259521484 0.4675615727901459
0 0.8296561431884766 0.6155642318725586 0.8370442360639572 0.6155642318725586 0.8370442360639572 0.6249151813983918 0.8296561431884766 0.6249151813983918
0 0.7810530090332031 0.6786978149414062 0.7878236532211303 0.6786978149414062 0.7878236532211303 0.6866138058900833 0.7810530090332031 0.6866138058900833
0 0.8353117370605468 0.6781388854980469 0.8431211614608765 0.6781388854980469 0.8431211614608765 0.6868901568651199 0.8353117370605468 0.6868901568651199
0 0.7906840515136718 0.616607551574707 0.7981070977449416 0.616607551574707 0.7981070977449416 0.6273245584964753 0.7906840515136718 0.6273245584964753
0 0.8144673919677734 0.5194657135009766 0.8225705188512802 0.5194657135009766 0.8225705188512802 0.5304640984535217 0.8144673919677734 0.5304640984535217
0 0.5474660873413086 0.46033683776855466 0.5554432994127274 0.46033683776855466 0.5554432994127274 0.4693253320455551 0.5474660873413086 0.4693253320455551
0 0.7659546661376954 0.7835383605957031 0.7742404252290728 0.7835383605957031 0.7742404252290728 0.7930434000492097 0.7659546661376954 0.7930434000492097
0 0.5793811416625977 0.4673578262329102 0.5873493051528931 0.4673578262329102 0.5873493051528931 0.47742748022079473 0.5793811416625977 0.47742748022079473
0 0.4600988006591797 0.8260091400146484 0.4676482045650482 0.8260091400146484 0.4676482045650482 0.8346071118116378 0.4600988006591797 0.8346071118116378
0 0.7944496154785157 0.45481056213378906 0.803541961312294 0.45481056213378906 0.803541961312294 0.465960191488266 0.7944496154785157 0.465960191488266
0 0.5071442031860351 0.8342121887207031 0.5141458582878112 0.8342121887207031 0.5141458582878112 0.84351253926754 0.5071442031860351 0.84351253926754
0 0.47557167053222654 0.5194359207153321 0.48266452372074126 0.5194359207153321 0.48266452372074126 0.5298172736167908 0.47557167053222654 0.5298172736167908
0 0.5377261734008789 0.8246063232421876 0.5444464874267579 0.8246063232421876 0.5444464874267579 0.8339794099330903 0.5377261734008789 0.8339794099330903
0 0.5805512619018555 0.5209953308105468 0.5882673001289368 0.5209953308105468 0.5882673001289368 0.5305225473642349 0.5805512619018555 0.5305225473642349
0 0.5533647155761718 0.7290442657470703 0.5615772563219069 0.7290442657470703 0.5615772563219069 0.7386346912384033 0.5533647155761718 0.7386346912384033
0 0.5233636856079101 0.5236911010742188 0.5317071676254271 0.5236911010742188 0.5317071676254271 0.5340012991428376 0.5233636856079101 0.5340012991428376
0 0.5783800888061523 0.8241351318359375 0.5866842412948609 0.8241351318359375 0.5866842412948609 0.8340551632642745 0.5783800888061523 0.8340551632642745
0 0.5177432250976562 0.6788983154296875 0.5257724237442017 0.6788983154296875 0.5257724237442017 0.689904488325119 0.5177432250976562 0.689904488325119
0 0.587151222229004 0.6885925292968749 0.5953108894824982 0.6885925292968749 0.5953108894824982 0.6993045151233672 0.587151222229004 0.6993045151233672
0 0.7997781372070313 0.7818663787841796 0.8079093563556672 0.7818663787841796 0.8079093563556672 0.7920136320590973 0.7997781372070313 0.7920136320590973
0 0.45372676849365234 0.7823445129394532 0.46095836997032164 0.7823445129394532 0.46095836997032164 0.7915616118907929 0.45372676849365234 0.7915616118907929
0 0.5136166763305664 0.6320884323120117 0.5211945575475693 0.6320884323120117 0.5211945575475693 0.6425446557998657 0.5136166763305664 0.6425446557998657
0 0.9008747863769532 0.46874576568603515 0.9084202575683594 0.46874576568603515 0.9084202575683594 0.4780137014389038 0.9008747863769532 0.4780137014389038
0 0.5416659164428711 0.6286209106445313 0.5492097318172455 0.6286209106445313 0.5492097318172455 0.6386301231384278 0.5416659164428711 0.6386301231384278
0 0.8986411285400391 0.6168045806884765 0.9053455919027329 0.6168045806884765 0.9053455919027329 0.6249415475130081 0.8986411285400391 0.6249415475130081
0 0.8462755584716797 0.5207815551757813 0.8545083850622177 0.5207815551757813 0.8545083850622177 0.5312586903572084 0.8462755584716797 0.5312586903572084
0 0.7717058563232422 0.8483681488037109 0.779289356470108 0.8483681488037109 0.779289356470108 0.857834922671318 0.7717058563232422 0.857834922671318
0 0.5455985641479493 0.771212158203125 0.552831348180771 0.771212158203125 0.552831348180771 0.7797894161939621 0.5455985641479493 0.7797894161939621
0 0.9130348968505859 0.7719390869140625 0.9196164619922638 0.7719390869140625 0.9196164619922638 0.780023241043091 0.9130348968505859 0.780023241043091
0 0.8080389404296875 0.6149378967285156 0.8155253279209137 0.6149378967285156 0.8155253279209137 0.6248718428611755 0.8080389404296875 0.6248718428611755
0 0.7687541961669921 0.6787730407714844 0.7750587373971939 0.6787730407714844 0.7750587373971939 0.6876004481315613 0.7687541961669921 0.6876004481315613
0 0.9155767822265625 0.6786161804199219 0.9222098016738892 0.6786161804199219 0.9222098016738892 0.6870191085338594 0.9155767822265625 0.6870191085338594
0 0.5979118347167969 0.6290021896362304 0.6046558052301407 0.6290021896362304 0.6046558052301407 0.6375450557470321 0.5979118347167969 0.6375450557470321
0 0.4997787857055664 0.5169551467895508 0.5071834975481033 0.5169551467895508 0.5071834975481033 0.5272950720787049 0.4997787857055664 0.5272950720787049
0 0.8095885467529297 0.6812651062011719 0.8174032348394393 0.6812651062011719 0.8174032348394393 0.6910248017311096 0.8095885467529297 0.6910248017311096
0 0.45099979400634765 0.45984222412109377 0.45853154420852665 0.45984222412109377 0.45853154420852665 0.46918933928012846 0.45099979400634765 0.46918933928012846
0 0.8180915069580078 0.838798141479492 0.8254781800508499 0.838798141479492 0.8254781800508499 0.8482595396041869 0.8180915069580078 0.8482595396041869
0 0.9089550018310547 0.5236333084106445 0.9163490676879883 0.5236333084106445 0.9163490676879883 0.5333138638734817 0.9089550018310547 0.5333138638734817
0 0.4886865997314453 0.46053783416748045 0.4958641445636749 0.46053783416748045 0.4958641445636749 0.47002888023853306 0.4886865997314453 0.47002888023853306
0 0.9170904541015625 0.8224636840820313 0.9243781816959381 0.8224636840820313 0.9243781816959381 0.8314677929878236 0.9170904541015625 0.8314677929878236
0 0.489197998046875 0.77931884765625 0.49676683068275457 0.77931884765625 0.49676683068275457 0.7879888439178466 0.489197998046875 0.7879888439178466
0 0.8488692474365235 0.6100430679321289 0.8550573962926865 0.6100430679321289 0.8550573962926865 0.6186777240037918 0.8488692474365235 0.6186777240037918
0 0.7760509490966797 0.5146194839477539 0.7845429384708406 0.5146194839477539 0.7845429384708406 0.5247971749305725 0.7760509490966797 0.5247971749305725
0 0.5480903244018555 0.5148742294311524 0.5562146830558776 0.5148742294311524 0.5562146830558776 0.5252713549137116 0.5480903244018555 0.5252713549137116
0 0.8908232879638672 0.6572316741943359 0.8978682947158815 0.6572316741943359 0.8978682947158815 0.6657291197776795 0.8908232879638672 0.6657291197776795
0 0.8507526397705079 0.7776296997070312 0.8573785024881363 0.7776296997070312 0.8573785024881363 0.7859631329774857 0.8507526397705079 0.7859631329774857
0 0.48116626739501955 0.6295987319946289 0.48934497833251955 0.6295987319946289 0.48934497833251955 0.6387283504009247 0.48116626739501955 0.6387283504009247
0 0.4368175506591797 0.8283130645751953 0.44557263553142545 0.8283130645751953 0.44557263553142545 0.8377086049318313 0.4368175506591797 0.8377086049318313
0 0.8342694854736328 0.47181594848632813 0.8422453373670576 0.47181594848632813 0.8422453373670576 0.48127987623214724 0.8342694854736328 0.48127987623214724
0 0.4440439987182617 0.6186799240112305 0.45173022925853734 0.6186799240112305 0.45173022925853734 0.6278865081071854 0.4440439987182617 0.6278865081071854
0 0.8835748291015625 0.5146732711791993 0.890812285542488 0.5146732711791993 0.890812285542488 0.5236877369880677 0.8835748291015625 0.5236877369880677
0 0.8787993621826172 0.7765559387207032 0.8844074404239655 0.7765559387207032 0.8844074404239655 0.7839695757627487 0.8787993621826172 0.7839695757627487
0 0.6031583404541015 0.5150484848022461 0.6112515902519225 0.5150484848022461 0.6112515902519225 0.5261663711071014 0.6031583404541015 0.5261663711071014
0 0.4829442596435547 0.8299890899658203 0.49046820282936093 0.8299890899658203 0.49046820282936093 0.8397909247875214 0.4829442596435547 0.8397909247875214
0 0.5528889465332031 0.8282293701171874 0.5604004698991775 0.8282293701171874 0.5604004698991775 0.839238862991333 0.5528889465332031 0.839238862991333
0 0.8608429718017578 0.669109115600586 0.8688515883684159 0.669109115600586 0.8688515883684159 0.6783866173028946 0.8608429718017578 0.6783866173028946
0 0.44793922424316407 0.5186666488647461 0.4554800230264664 0.5186666488647461 0.4554800230264664 0.5273193311691284 0.44793922424316407 0.5273193311691284
0 0.6160434684220149 0.46081827777766005 0.62474498098193 0.46081827777766005 0.62474498098193 0.47183813715269307 0.6160434684220149 0.47183813715269307
0 0.4763612931181126 0.6622368185768753 0.48552078002328647 0.6622368185768753 0.48552078002328647 0.6714200347227364 0.4763612931181126 0.6714200347227364
0 0.4763612931181126 0.6824398940977695 0.48506280567802773 0.6824398940977695 0.48506280567802773 0.6934597534728026 0.4763612931181126 0.6934597534728026
0 0.8543641582077348 0.8236822499994709 0.8653555424939434 0.8236822499994709 0.8653555424939434 0.8340898949647799 0.8543641582077348 0.8340898949647799
0 0.8749730037443761 0.6883828654504539 0.8841324906495499 0.6883828654504539 0.8841324906495499 0.6994027248254868 0.8749730037443761 0.6994027248254868
0 0.7627692891559957 0.6271614244780479 0.769638904334876 0.6271614244780479 0.769638904334876 0.6387934982628051 0.7627692891559957 0.6387934982628051
0 0.8749730037443761 0.6155293506932908 0.8827585676137739 0.6155293506932908 0.8827585676137739 0.626549210068324 0.8749730037443761 0.626549210068324
0 0.9180225921986935 0.6069583489571541 0.9294719508301608 0.6069583489571541 0.9294719508301608 0.6185904227419111 0.9180225921986935 0.6185904227419111
0 0.8726831320180826 0.45512917534558744 0.8859643880305847 0.45512917534558744 0.8859643880305847 0.4710467499984129 0.8726831320180826 0.4710467499984129
