0 0.16604742050170898 0.21730653762817384 0.17356612980365754 0.21730653762817384 0.17356612980365754 0.22718784868717193 0.16604742050170898 0.22718784868717193
0 0.5324756240844727 0.15542279243469237 0.5401214599609374 0.15542279243469237 0.5401214599609374 0.165341203212738 0.5324756240844727 0.165341203212738
0 0.4761314392089844 0.32025245666503904 0.4839127117395401 0.32025245666503904 0.4839127117395401 0.3306396198272705 0.4761314392089844 0.3306396198272705
0 0.16223539352416994 0.32168758392333985 0.16936634898185732 0.32168758392333985 0.16936634898185732 0.3314429706335068 0.16223539352416994 0.3314429706335068
0 0.5230406951904297 0.5223789215087891 0.5299951547384263 0.5223789215087891 0.5299951547384263 0.5317689669132233 0.5230406951904297 0.5317689669132233
0 0.5247295761108398 0.6786444854736328 0.5317309945821762 0.6786444854736328 0.5317309945821762 0.68750557243824 0.5247295761108398 0.68750557243824
0 0.5395248031616211 0.6264989852905274 0.5481457823514938 0.6264989852905274 0.5481457823514938 0.636096328496933 0.5395248031616211 0.636096328496933
0 0.19717931747436523 0.8345391082763672 0.20410284519195557 0.8345391082763672 0.20410284519195557 0.8431912368535996 0.19717931747436523 0.8431912368535996
0 0.49791622161865234 0.6263324737548828 0.506448250412941 0.6263324737548828 0.506448250412941 0.6360505831241607 0.49791622161865234 0.6360505831241607
0 0.5088587570190429 0.20577838897705078 0.5160862773656845 0.20577838897705078 0.5160862773656845 0.21402005255222323 0.5088587570190429 0.21402005255222323
0 0.1417258358001709 0.21856035232543947 0.14948146998882292 0.21856035232543947 0.14948146998882292 0.2271276092529297 0.1417258358001709 0.2271276092529297
0 0.4777152633666992 0.4714431381225586 0.48576350569725035 0.4714431381225586 0.48576350569725035 0.4806737565994263 0.4777152633666992 0.4806737565994263
0 0.48582862854003905 0.20735466003417968 0.4932251489162445 0.20735466003417968 0.4932251489162445 0.2160378003120422 0.48582862854003905 0.2160378003120422
0 0.5476972579956054 0.7831258392333984 0.5552969628572464 0.7831258392333984 0.5552969628572464 0.7918211352825165 0.5476972579956054 0.7918211352825165
0 0.5552285766601562 0.3125727653503418 0.56355224609375 0.3125727653503418 0.56355224609375 0.32302207112312314 0.5552285766601562 0.32302207112312314
0 0.4545322036743164 0.06312940120697022 0.4618924105167389 0.06312940120697022 0.4618924105167389 0.07127380430698395 0.4545322036743164 0.07127380430698395
0 0.13955191612243653 0.3210060501098633 0.14615770041942597 0.3210060501098633 0.14615770041942597 0.33041738271713256 0.13955191612243653 0.33041738271713256
0 0.23347957611083983 0.2188117790222168 0.2405995166301727 0.2188117790222168 0.2405995166301727 0.2281581038236618 0.23347957611083983 0.2281581038236618
0 0.4920896911621094 0.15778402328491212 0.49831388711929314 0.15778402328491212 0.49831388711929314 0.1675641167163849 0.4920896911621094 0.1675641167163849
0 0.16335660934448243 0.3728926086425781 0.16986084580421448 0.3728926086425781 0.16986084580421448 0.3821050035953521 0.16335660934448243 0.3821050035953521
0 0.5027431869506835 0.7809548187255859 0.5107861065864563 0.7809548187255859 0.5107861065864563 0.7911336171627044 0.5027431869506835 0.7911336171627044
0 0.5293730163574218 0.7824154663085937 0.5358884012699127 0.7824154663085937 0.5358884012699127 0.7924588334560395 0.5293730163574218 0.7924588334560395
0 0.4748976516723633 0.0628658390045166 0.4817368417978287 0.0628658390045166 0.4817368417978287 0.07108016192913055 0.4748976516723633 0.07108016192913055
0 0.49500450134277346 0.4702080535888672 0.5023418200016022 0.4702080535888672 0.5023418200016022 0.4791175657510757 0.49500450134277346 0.4791175657510757
0 0.20827829360961914 0.6246146392822266 0.2162155991792679 0.6246146392822266 0.2162155991792679 0.6345510363578797 0.20827829360961914 0.6345510363578797
0 0.2182305335998535 0.021242496967315675 0.22507939398288726 0.021242496967315675 0.22507939398288726 0.02871036946773529 0.2182305335998535 0.02871036946773529
0 0.24787151336669921 0.1643943977355957 0.25501023113727567 0.1643943977355957 0.25501023113727567 0.17504688143730163 0.24787151336669921 0.17504688143730163
0 0.24889783859252926 0.8364388275146485 0.2560775130987167 0.8364388275146485 0.2560775130987167 0.845718859434128 0.24889783859252926 0.845718859434128
0 0.22020187377929687 0.3249409866333008 0.22748812317848205 0.3249409866333008 0.22748812317848205 0.33470352828502653 0.22020187377929687 0.33470352828502653
0 0.15922043800354005 0.5313056182861328 0.16637880623340606 0.5313056182861328 0.16637880623340606 0.5417112827301025 0.15922043800354005 0.5417112827301025
0 0.49799358367919927 0.6860972595214844 0.5058703124523163 0.6860972595214844 0.5058703124523163 0.6946779960393905 0.49799358367919927 0.6946779960393905
0 0.471611328125 0.6276426315307617 0.4791811364889145 0.6276426315307617 0.4791811364889145 0.6371015387773513 0.471611328125 0.6371015387773513
0 0.5496745300292969 0.5220763397216797 0.5576176762580871 0.5220763397216797 0.5576176762580871 0.5315600329637528 0.5496745300292969 0.5315600329637528
0 0.17233705520629883 0.7784870147705079 0.17979586780071258 0.7784870147705079 0.17979586780071258 0.788221173286438 0.17233705520629883 0.788221173286438
0 0.2038852882385254 0.22545969009399414 0.21177226364612578 0.22545969009399414 0.21177226364612578 0.2349367618560791 0.2038852882385254 0.2349367618560791
0 0.185860595703125 0.37273746490478515 0.19332916676998138 0.37273746490478515 0.19332916676998138 0.3810861968994141 0.185860595703125 0.3810861968994141
0 0.45095760345458985 0.47011020660400393 0.45818728268146514 0.47011020660400393 0.45818728268146514 0.4802486836910248 0.45095760345458985 0.4802486836910248
0 0.47900272369384767 0.779223403930664 0.48654698252677914 0.779223403930664 0.48654698252677914 0.7886315149068833 0.47900272369384767 0.7886315149068833
0 0.13441842079162597 0.7743579864501953 0.14075111389160155 0.7743579864501953 0.14075111389160155 0.7827107107639313 0.13441842079162597 0.7827107107639313
0 0.17821359634399414 0.8319818878173828 0.18471879363059995 0.8319818878173828 0.18471879363059995 0.8405359017848968 0.17821359634399414 0.8405359017848968
0 0.5557196044921875 0.8322258758544921 0.5632729417085648 0.8322258758544921 0.5632729417085648 0.8406131500005722 0.5557196044921875 0.8406131500005722
0 0.23995452880859375 0.6245034790039062 0.24704443931579587 0.6245034790039062 0.24704443931579587 0.6343009263277054 0.23995452880859375 0.6343009263277054
0 0.47094451904296875 0.0100697124004364 0.478232986330986 0.0100697124004364 0.478232986330986 0.018617171049118038 0.47094451904296875 0.018617171049118038
0 0.4540022659301758 0.8379881286621094 0.4609102094173432 0.8379881286621094 0.4609102094173432 0.8470290797948837 0.4540022659301758 0.8470290797948837
0 0.5030783462524414 0.5204520034790039 0.5107160800695419 0.5204520034790039 0.5107160800695419 0.5310584425926208 0.5030783462524414 0.5310584425926208
0 0.5431287384033203 0.4670583343505859 0.5517074900865555 0.4670583343505859 0.5517074900865555 0.47671659469604494 0.5431287384033203 0.47671659469604494
0 0.17121305465698242 0.16203643798828124 0.17798878490924833 0.16203643798828124 0.17798878490924833 0.17205756902694702 0.17121305465698242 0.17205756902694702
0 0.5187073516845703 0.4670987319946289 0.5272803074121475 0.4670987319946289 0.5272803074121475 0.4770131498575211 0.5187073516845703 0.4770131498575211
0 0.45115234375 0.6803999328613282 0.4581558912992478 0.6803999328613282 0.4581558912992478 0.6904439318180083 0.45115234375 0.6904439318180083
0 0.5056841278076172 0.36172359466552734 0.5127223920822144 0.36172359466552734 0.5127223920822144 0.3711411529779434 0.5056841278076172 0.3711411529779434
0 0.1847277069091797 0.6695906066894531 0.19223609566688538 0.6695906066894531 0.19223609566688538 0.6789881235361099 0.1847277069091797 0.6789881235361099
0 0.531812515258789 0.8278639221191406 0.5387206655740737 0.8278639221191406 0.5387206655740737 0.8374439907073975 0.531812515258789 0.8374439907073975
0 0.15494373321533203 0.47208942413330074 0.1616675513982773 0.47208942413330074 0.1616675513982773 0.48053512454032893 0.15494373321533203 0.48053512454032893
0 0.21038768768310548 0.3681387710571289 0.21721723794937137 0.3681387710571289 0.21721723794937137 0.3777327936887741 0.21038768768310548 0.3777327936887741
0 0.5497663116455078 0.35667728424072265 0.5574605858325958 0.35667728424072265 0.5574605858325958 0.3659989023208618 0.5497663116455078 0.3659989023208618
0 0.2321881866455078 0.37162315368652343 0.23942954659461974 0.37162315368652343 0.23942954659461974 0.3814892256259918 0.2321881866455078 0.3814892256259918
0 0.2179996871948242 0.07603930950164794 0.2255479526519775 0.07603930950164794 0.2255479526519775 0.0848617798089981 0.2179996871948242 0.0848617798089981
0 0.4717009735107422 0.1529778480529785 0.4786891442537308 0.1529778480529785 0.4786891442537308 0.1623608374595642 0.4717009735107422 0.1623608374595642
0 0.1708913803100586 0.07597978591918945 0.17793853104114535 0.07597978591918945 0.17793853104114535 0.08495855093002319 0.1708913803100586 0.08495855093002319
0 0.2129795455932617 0.6736466979980469 0.22057215332984922 0.6736466979980469 0.22057215332984922 0.6841477489471436 0.2129795455932617 0.6841477489471436
0 0.46805721282958984 0.21482011795043945 0.4744637751579285 0.21482011795043945 0.4744637751579285 0.22441807389259338 0.46805721282958984 0.22441807389259338
0 0.2219145965576172 0.16683395385742186 0.22936363577842714 0.16683395385742186 0.22936363577842714 0.1772023606300354 0.2219145965576172 0.1772023606300354
0 0.47961700439453125 0.8365039825439453 0.4865505570173264 0.8365039825439453 0.4865505570173264 0.8456071549654007 0.47961700439453125 0.8456071549654007
0 0.4558990859985352 0.6287303543090821 0.46236984729766856 0.6287303543090821 0.46236984729766856 0.6374516612291337 0.4558990859985352 0.6374516612291337
0 0.5201099014282227 0.6287173461914063 0.5272834247350693 0.6287173461914063 0.5272834247350693 0.6381759768724441 0.5201099014282227 0.6381759768724441
0 0.482418098449707 0.367452392578125 0.49015217542648315 0.367452392578125 0.49015217542648315 0.3766863715648651 0.482418098449707 0.3766863715648651
0 0.13133159637451172 0.4730291748046875 0.13936635434627534 0.4730291748046875 0.13936635434627534 0.48228608131408696 0.13133159637451172 0.48228608131408696
0 0.15729153633117676 0.619020767211914 0.16355121791362762 0.619020767211914 0.16355121791362762 0.6281741034984588 0.15729153633117676 0.6281741034984588
0 0.16584318161010742 0.023957748413085938 0.17245487987995148 0.023957748413085938 0.17245487987995148 0.03201931536197663 0.16584318161010742 0.03201931536197663
0 0.18483739852905273 0.3184833145141602 0.19272308766841886 0.3184833145141602 0.19272308766841886 0.3284768331050873 0.18483739852905273 0.3284768331050873
0 0.15462194442749022 0.6593107604980468 0.1615830278396606 0.6593107604980468 0.1615830278396606 0.66825213432312 0.15462194442749022 0.66825213432312
0 0.4483759689331055 0.21597219467163087 0.45575270652771 0.21597219467163087 0.45575270652771 0.22573368847370145 0.4483759689331055 0.22573368847370145
0 0.23469659805297852 0.6712789154052734 0.24224439084529875 0.6712789154052734 0.24224439084529875 0.6799146783351898 0.23469659805297852 0.6799146783351898
0 0.5416573333740234 0.011540489196777344 0.5494818985462189 0.011540489196777344 0.5494818985462189 0.019584661722183226 0.5416573333740234 0.019584661722183226
0 0.15150434494018555 0.7797217559814453 0.15843665540218355 0.7797217559814453 0.15843665540218355 0.7895371896028519 0.15150434494018555 0.7895371896028519
0 0.15765181541442871 0.8282301330566406 0.16412231087684634 0.8282301330566406 0.16412231087684634 0.8373718076944351 0.15765181541442871 0.8373718076944351
0 0.14002180099487305 0.36876220703125007 0.14679855167865755 0.36876220703125007 0.14679855167865755 0.3782645589113236 0.14002180099487305 0.3782645589113236
0 0.22277904510498048 0.7796786499023437 0.23015076994895936 0.7796786499023437 0.23015076994895936 0.7888311564922332 0.22277904510498048 0.7888311564922332
0 0.14596166610717773 0.07584566116333008 0.15325017750263212 0.07584566116333008 0.15325017750263212 0.08522387206554412 0.14596166610717773 0.08522387206554412
0 0.4484239196777344 0.31990236282348633 0.4566479337215424 0.31990236282348633 0.4566479337215424 0.32988833129405976 0.4484239196777344 0.32988833129405976
0 0.22959217071533203 0.5274311447143555 0.23850241661071778 0.5274311447143555 0.23850241661071778 0.5383064317703247 0.22959217071533203 0.5383064317703247
0 0.22388809204101562 0.47453792572021486 0.2328336751461029 0.47453792572021486 0.2328336751461029 0.4849694037437439 0.22388809204101562 0.4849694037437439
0 0.2096134376525879 0.8386715698242188 0.21664076030254364 0.8386715698242188 0.21664076030254364 0.8468765288591384 0.2096134376525879 0.8468765288591384
0 0.14527207374572754 0.023221619129180908 0.15089363634586334 0.023221619129180908 0.15089363634586334 0.031098694801330568 0.14527207374572754 0.031098694801330568
0 0.5276781463623047 0.309266357421875 0.5356732785701752 0.309266357421875 0.5356732785701752 0.31965399503707886 0.5276781463623047 0.31965399503707886
0 0.19431865692138672 0.026362864971160888 0.2009311091899872 0.026362864971160888 0.2009311091899872 0.03578808009624481 0.19431865692138672 0.03578808009624481
0 0.49860511779785155 0.05535870552062988 0.5058800119161606 0.05535870552062988 0.5058800119161606 0.06407531797885894 0.49860511779785155 0.06407531797885894
0 0.5267277908325195 0.20449108123779297 0.5343560028076173 0.20449108123779297 0.5343560028076173 0.21417349457740784 0.5267277908325195 0.21417349457740784
0 0.5111212158203124 0.1557421112060547 0.5184474456310272 0.1557421112060547 0.5184474456310272 0.16597330689430237 0.5111212158203124 0.16597330689430237
0 0.19486587524414062 0.15996550559997558 0.20262637436389921 0.15996550559997558 0.20262637436389921 0.17022410631179807 0.19486587524414062 0.17022410631179807
0 0.5188498687744141 0.007286035418510437 0.5262179124355316 0.007286035418510437 0.5262179124355316 0.017733606696128848 0.5188498687744141 0.017733606696128848
0 0.5033742141723633 0.31154516220092776 0.511396552324295 0.31154516220092776 0.511396552324295 0.32204059958457953 0.5033742141723633 0.32204059958457953
0 0.1974090576171875 0.4732178115844727 0.20517471671104429 0.4732178115844727 0.20517471671104429 0.48332802414894105 0.1974090576171875 0.48332802414894105
0 0.5447037887573242 0.05502819538116455 0.5515587109327315 0.05502819538116455 0.5515587109327315 0.0639052677154541 0.5447037887573242 0.0639052677154541
0 0.1400371265411377 0.16112445831298827 0.14805072605609895 0.16112445831298827 0.14805072605609895 0.1714811038970947 0.1400371265411377 0.1714811038970947
0 0.5423210906982422 0.6806171417236329 0.5498188930749893 0.6806171417236329 0.5498188930749893 0.6902739787101746 0.5423210906982422 0.6902739787101746
0 0.45253822326660154 0.004933283925056458 0.45966529011726376 0.004933283925056458 0.45966529011726376 0.015143333077430725 0.45253822326660154 0.015143333077430725
0 0.13797830581665038 0.6751513671875 0.14500945806503293 0.6751513671875 0.14500945806503293 0.6849672752618791 0.13797830581665038 0.6849672752618791
0 0.45569007873535156 0.7862447357177734 0.46291919648647306 0.7862447357177734 0.46291919648647306 0.7968744194507599 0.45569007873535156 0.7968744194507599
0 0.47326480865478515 0.5223894882202148 0.480643852353096 0.5223894882202148 0.480643852353096 0.5324194145202636 0.47326480865478515 0.5324194145202636
0 0.19387121200561525 0.07821573734283448 0.20080139338970185 0.07821573734283448 0.20080139338970185 0.08792355358600618 0.19387121200561525 0.08792355358600618
0 0.4755738830566406 0.6822203826904297 0.48384725153446195 0.6822203826904297 0.48384725153446195 0.6926502788066864 0.4755738830566406 0.6926502788066864
0 0.5015494918823242 0.8283723449707031 0.5089652633666992 0.8283723449707031 0.5089652633666992 0.839125759601593 0.5015494918823242 0.839125759601593
0 0.2008378028869629 0.7759040832519533 0.20834208130836487 0.7759040832519533 0.20834208130836487 0.7856513661146165 0.2008378028869629 0.7856513661146165
0 0.26274742126464845 0.22422222137451173 0.2704563331604004 0.22422222137451173 0.2704563331604004 0.23471615672111512 0.26274742126464845 0.23471615672111512
0 0.181563663482666 0.5255736923217773 0.18848643720149993 0.5255736923217773 0.18848643720149993 0.5363805127143859 0.181563663482666 0.5363805127143859
0 0.17524019241333008 0.47218086242675783 0.18290244042873383 0.47218086242675783 0.18290244042873383 0.48088335275650024 0.17524019241333008 0.48088335275650024
0 0.4494354248046875 0.15719539642333985 0.45746823072433473 0.15719539642333985 0.45746823072433473 0.16776606082916262 0.4494354248046875 0.16776606082916262
0 0.25333690643310547 0.3238991165161133 0.261554474234581 0.3238991165161133 0.261554474234581 0.3345568859577179 0.25333690643310547 0.3345568859577179
0 0.20257078170776366 0.5256966400146484 0.21035050213336942 0.5256966400146484 0.21035050213336942 0.5364003646373748 0.20257078170776366 0.5364003646373748
0 0.5281613540649414 0.3555486679077148 0.5355774801969527 0.3555486679077148 0.5355774801969527 0.365555864572525 0.5281613540649414 0.365555864572525
0 0.25000078201293946 0.021664888858795167 0.2564771914482117 0.021664888858795167 0.2564771914482117 0.02919061005115509 0.25000078201293946 0.02919061005115509
0 0.13629024505615234 0.8245792388916016 0.14341700136661528 0.8245792388916016 0.14341700136661528 0.8332301026582718 0.13629024505615234 0.8332301026582718
0 0.45621227264404296 0.3704300308227539 0.46422993838787074 0.3704300308227539 0.46422993838787074 0.3806813681125641 0.45621227264404296 0.3806813681125641
0 0.13500826835632324 0.5255836486816406 0.14261144816875457 0.5255836486816406 0.14261144816875457 0.5350984126329422 0.13500826835632324 0.5350984126329422
0 0.13268911361694335 0.6197781372070312 0.14011632919311523 0.6197781372070312 0.14011632919311523 0.6294259214401245 0.13268911361694335 0.6294259214401245
0 0.4498404312133789 0.5237821197509765 0.45736957907676695 0.5237821197509765 0.45736957907676695 0.5334713715314865 0.4498404312133789 0.5334713715314865
0 0.24660907745361327 0.07259446144104004 0.2542064315080642 0.07259446144104004 0.2542064315080642 0.0822890943288803 0.24660907745361327 0.0822890943288803
0 0.1743050358054595 0.620545017274667 0.1838766996213662 0.620545017274667 0.1838766996213662 0.630646555035114 0.1743050358054595 0.630646555035114
0 0.4952076595282274 0.0134687170139293 0.5022604644452112 0.0134687170139293 0.5022604644452112 0.024917126475769207 0.4952076595282274 0.024917126475769207
0 0.5178773896185328 0.054548303906413666 0.5269452816546549 0.054548303906413666 0.5269452816546549 0.06869045677103942 0.5178773896185328 0.06869045677103942
