0 0.16531696319580078 0.21718793869018554 0.17296226680278776 0.21718793869018554 0.17296226680278776 0.22715902388095854 0.16531696319580078 0.22715902388095854
0 0.19658927917480468 0.8348731231689454 0.20333647310733793 0.8348731231689454 0.20333647310733793 0.8432403945922852 0.19658927917480468 0.8432403945922852
0 0.1411585521697998 0.21799972534179687 0.1488909137248993 0.21799972534179687 0.1488909137248993 0.22666023433208465 0.1411585521697998 0.22666023433208465
0 0.15846959114074707 0.531645278930664 0.16527566134929655 0.531645278930664 0.16527566134929655 0.5415658241510392 0.15846959114074707 0.5415658241510392
0 0.2329050064086914 0.2184113883972168 0.23999108731746674 0.2184113883972168 0.23999108731746674 0.2278438299894333 0.2329050064086914 0.2278438299894333
0 0.21938133239746094 0.3244802093505859 0.2271654587984085 0.3244802093505859 0.2271654587984085 0.3344873070716857 0.21938133239746094 0.3344873070716857
0 0.16199928283691406 0.32145511627197265 0.16888022780418394 0.32145511627197265 0.16888022780418394 0.3311630856990814 0.16199928283691406 0.3311630856990814
0 0.17167442321777343 0.7786711883544922 0.17901425540447236 0.7786711883544922 0.17901425540447236 0.7887132108211516 0.17167442321777343 0.7887132108211516
0 0.22152988433837892 0.16681621551513673 0.22862414181232454 0.16681621551513673 0.22862414181232454 0.17686187505722048 0.22152988433837892 0.17686187505722048
0 0.13909358024597168 0.3207130432128906 0.14570326805114747 0.3207130432128906 0.14570326805114747 0.33014151215553283 0.13909358024597168 0.33014151215553283
0 0.16278371810913086 0.3724612808227539 0.16943338572978975 0.3724612808227539 0.16943338572978975 0.38176744222640996 0.16278371810913086 0.38176744222640996
0 0.15042248725891114 0.7802230834960937 0.15736934661865234 0.7802230834960937 0.15736934661865234 0.7901108580827713 0.15042248725891114 0.7901108580827713
0 0.20352994918823242 0.22489526748657226 0.21137017250061035 0.22489526748657226 0.21137017250061035 0.23489926218986512 0.20352994918823242 0.23489926218986512
0 0.2480137825012207 0.8365325164794922 0.25541082084178923 0.8365325164794922 0.25541082084178923 0.8461685603857041 0.2480137825012207 0.8461685603857041
0 0.21744918823242188 0.020987377166748047 0.22468918800354004 0.020987377166748047 0.22468918800354004 0.0287831860780716 0.21744918823242188 0.0287831860780716
0 0.1855190849304199 0.37225589752197263 0.19306915462017057 0.37225589752197263 0.19306915462017057 0.38111872375011446 0.1855190849304199 0.38111872375011446
0 0.1653603744506836 0.023431110382080074 0.17206866741180424 0.023431110382080074 0.17206866741180424 0.031386421322822565 0.1653603744506836 0.031386421322822565
0 0.17773933410644532 0.8322962188720703 0.18436658680438994 0.8322962188720703 0.18436658680438994 0.8407552015781402 0.17773933410644532 0.8407552015781402
0 0.2473621368408203 0.16412038803100587 0.25467502951622006 0.16412038803100587 0.25467502951622006 0.17504895210266114 0.2473621368408203 0.17504895210266114
0 0.13345983505249023 0.7743711853027344 0.14004740297794344 0.7743711853027344 0.14004740297794344 0.783210135102272 0.13345983505249023 0.783210135102272
0 0.21793563842773436 0.07593488216400146 0.22533573687076566 0.07593488216400146 0.22533573687076566 0.08465797305107116 0.21793563842773436 0.08465797305107116
0 0.22880725860595702 0.5277499008178711 0.23760298967361448 0.5277499008178711 0.23760298967361448 0.5381456422805786 0.22880725860595702 0.5381456422805786
0 0.20741479873657226 0.6240977096557617 0.21557669818401337 0.6240977096557617 0.21557669818401337 0.6345912897586823 0.20741479873657226 0.6345912897586823
0 0.2217559814453125 0.7794253540039063 0.22895675480365754 0.7794253540039063 0.22895675480365754 0.7896628952026368 0.2217559814453125 0.7896628952026368
0 0.1563527011871338 0.6187805557250976 0.1625910472869873 0.6187805557250976 0.1625910472869873 0.6279088693857192 0.1563527011871338 0.6279088693857192
0 0.20988168716430664 0.36812458038330076 0.21665959119796752 0.36812458038330076 0.21665959119796752 0.37776477515697476 0.20988168716430664 0.37776477515697476
0 0.17496328353881835 0.472234115600586 0.18244548678398134 0.472234115600586 0.18244548678398134 0.48096787512302397 0.17496328353881835 0.48096787512302397
0 0.23387092590332031 0.6711727905273438 0.24118494272232058 0.6711727905273438 0.24118494272232058 0.6798324298858643 0.23387092590332031 0.6798324298858643
0 0.17058815002441408 0.07596359252929688 0.17759274721145632 0.07596359252929688 0.17759274721145632 0.08456240415573121 0.17058815002441408 0.08456240415573121
0 0.1944268226623535 0.1597633743286133 0.20210466980934144 0.1597633743286133 0.20210466980934144 0.1697869956493378 0.1944268226623535 0.1697869956493378
0 0.13079244613647462 0.4729353713989258 0.1385712641477585 0.4729353713989258 0.1385712641477585 0.4824034106731414 0.13079244613647462 0.4824034106731414
0 0.1706005859375 0.1616177749633789 0.177442067861557 0.1616177749633789 0.177442067861557 0.17184441447257995 0.1706005859375 0.17184441447257995
0 0.18429323196411132 0.3182013702392578 0.19281300365924833 0.3182013702392578 0.19281300365924833 0.3284115159511566 0.18429323196411132 0.3284115159511566
0 0.19691072463989256 0.4731185913085937 0.20450614154338836 0.4731185913085937 0.20450614154338836 0.4831904590129852 0.19691072463989256 0.4831904590129852
0 0.25313491821289064 0.3246003723144531 0.2606906509399414 0.3246003723144531 0.2606906509399414 0.3344063186645508 0.25313491821289064 0.3344063186645508
0 0.2117966079711914 0.6730515289306641 0.2192734146118164 0.6730515289306641 0.2192734146118164 0.6835725820064544 0.2117966079711914 0.6835725820064544
0 0.13614296913146973 0.8248619842529297 0.1430037021636963 0.8248619842529297 0.1430037021636963 0.8333264219760894 0.13614296913146973 0.8333264219760894
0 0.1839897918701172 0.6694853210449219 0.19189872384071352 0.6694853210449219 0.19189872384071352 0.6791949707269668 0.1839897918701172 0.6791949707269668
0 0.13953874588012696 0.36878917694091795 0.14615663945674898 0.36878917694091795 0.14615663945674898 0.3780674296617508 0.13953874588012696 0.3780674296617508
0 0.14452638626098632 0.022681057453155518 0.15056386947631833 0.022681057453155518 0.15056386947631833 0.03111738443374634 0.14452638626098632 0.03111738443374634
0 0.15402965545654296 0.6585108947753906 0.16094153225421903 0.6585108947753906 0.16094153225421903 0.6680535674095154 0.15402965545654296 0.6680535674095154
0 0.23889673233032227 0.6240709686279297 0.2465790891647339 0.6240709686279297 0.2465790891647339 0.6344841825962066 0.23889673233032227 0.6344841825962066
0 0.14558714866638184 0.07567201137542724 0.15305923879146577 0.07567201137542724 0.15305923879146577 0.08512264728546141 0.14558714866638184 0.08512264728546141
0 0.19455116271972656 0.026762344837188718 0.20033743739128113 0.026762344837188718 0.20033743739128113 0.03432690441608429 0.19455116271972656 0.03432690441608429
0 0.15391462326049804 0.4722486877441406 0.160919708609581 0.4722486877441406 0.160919708609581 0.4809806680679321 0.15391462326049804 0.4809806680679321
0 0.22308000564575195 0.47448970794677736 0.2320062494277954 0.47448970794677736 0.2320062494277954 0.4849957001209259 0.22308000564575195 0.4849957001209259
0 0.23113082885742187 0.37139896392822264 0.23895749330520627 0.37139896392822264 0.23895749330520627 0.3810412138700485 0.23113082885742187 0.3810412138700485
0 0.15675407409667969 0.8284162139892578 0.16339225351810455 0.8284162139892578 0.16339225351810455 0.8382352054119109 0.15675407409667969 0.8382352054119109
0 0.20990638732910155 0.8380123901367188 0.21661429584026337 0.8380123901367188 0.21661429584026337 0.8467989224195481 0.20990638732910155 0.8467989224195481
0 0.13929179191589355 0.16006973266601562 0.14769827604293825 0.16006973266601562 0.14769827604293825 0.1709629964828491 0.13929179191589355 0.1709629964828491
0 0.13423645973205567 0.5256163024902344 0.14144163906574247 0.5256163024902344 0.14144163906574247 0.5348345082998276 0.13423645973205567 0.5348345082998276
0 0.1813035774230957 0.5255490112304687 0.1881404167413711 0.5255490112304687 0.1881404167413711 0.5361644637584686 0.1813035774230957 0.5361644637584686
0 0.24950519561767578 0.021376526355743407 0.2558777213096619 0.021376526355743407 0.2558777213096619 0.028846279382705686 0.24950519561767578 0.028846279382705686
0 0.1936948013305664 0.07764971733093262 0.2007406061887741 0.07764971733093262 0.2007406061887741 0.08790826797485352 0.1936948013305664 0.08790826797485352
0 0.2020638656616211 0.5266963195800781 0.2092418098449707 0.5266963195800781 0.2092418098449707 0.53692014336586 0.2020638656616211 0.53692014336586
0 0.13169702529907226 0.6197168350219726 0.1393592292070389 0.6197168350219726 0.1393592292070389 0.6293102252483367 0.13169702529907226 0.6293102252483367
0 0.24565673828125 0.07241544723510743 0.25331285059452063 0.07241544723510743 0.25331285059452063 0.08191755712032318 0.24565673828125 0.08191755712032318
0 0.261959400177002 0.22424257278442383 0.2702099400758744 0.22424257278442383 0.2702099400758744 0.2347472608089447 0.261959400177002 0.2347472608089447
0 0.13614633560180664 0.6738004302978515 0.14404185712337494 0.6738004302978515 0.14404185712337494 0.6847226393222808 0.13614633560180664 0.6847226393222808
0 0.17448444063161866 0.6208157691995211 0.1816757733257635 0.6208157691995211 0.1816757733257635 0.6299230909970691 0.17448444063161866 0.6299230909970691
0 0.20022184185276848 0.776146202079923 0.2074131745469133 0.776146202079923 0.2074131745469133 0.7852535238774709 0.20022184185276848 0.7852535238774709
