0 0.49185493469238284 0.15525111198425293 0.49809134364128116 0.15525111198425293 0.49809134364128116 0.16494387269020083 0.49185493469238284 0.16494387269020083
0 0.5229148101806641 0.5225872421264648 0.5298286974430084 0.5225872421264648 0.5298286974430084 0.5317809790372847 0.5229148101806641 0.5317809790372847
0 0.5247441101074218 0.6785107421875 0.5316959077119827 0.6785107421875 0.5316959077119827 0.6873870879411696 0.5247441101074218 0.6873870879411696
0 0.16221200942993164 0.32161693572998046 0.16926288604736328 0.32161693572998046 0.16926288604736328 0.33133136868476865 0.16221200942993164 0.33133136868476865
0 0.1972052764892578 0.8343843841552734 0.20406151473522186 0.8343843841552734 0.20406151473522186 0.8429999077320098 0.1972052764892578 0.8429999077320098
0 0.5393560409545899 0.6264268112182617 0.5478548908233644 0.6264268112182617 0.5478548908233644 0.6358034163713455 0.5393560409545899 0.6358034163713455
0 0.4978895568847656 0.6261163330078126 0.5061607074737549 0.6261163330078126 0.5061607074737549 0.6356169450283051 0.4978895568847656 0.6356169450283051
0 0.47762523651123046 0.4714594650268555 0.4855252379179001 0.4714594650268555 0.4855252379179001 0.48053528189659117 0.47762523651123046 0.48053528189659117
0 0.5476672744750977 0.7830351257324218 0.5550663679838181 0.7830351257324218 0.5550663679838181 0.7915706396102906 0.5476672744750977 0.7915706396102906
0 0.47618560791015624 0.3194343948364258 0.4838610154390335 0.3194343948364258 0.4838610154390335 0.3296430778503418 0.47618560791015624 0.3296430778503418
0 0.5026096343994141 0.7809142303466797 0.5106006860733033 0.7809142303466797 0.5106006860733033 0.7909766507148742 0.5026096343994141 0.7909766507148742
0 0.5552851104736328 0.3122482681274414 0.5635291737318039 0.3122482681274414 0.5635291737318039 0.32260570526123045 0.5552851104736328 0.32260570526123045
0 0.23318202972412108 0.21859933853149413 0.240413025021553 0.21859933853149413 0.240413025021553 0.22817169845104215 0.23318202972412108 0.22817169845104215
0 0.13950794219970702 0.32070270538330076 0.14614867985248564 0.32070270538330076 0.14614867985248564 0.3301805680990219 0.13950794219970702 0.3301805680990219
0 0.494952507019043 0.4701616668701172 0.5020629549026489 0.4701616668701172 0.5020629549026489 0.4788026481866836 0.494952507019043 0.4788026481866836
0 0.20854419708251953 0.624260025024414 0.2165497535467148 0.624260025024414 0.2165497535467148 0.6342034584283829 0.20854419708251953 0.6342034584283829
0 0.5185900115966797 0.051247878074646 0.5249598461389542 0.051247878074646 0.5249598461389542 0.06047798275947571 0.5185900115966797 0.06047798275947571
0 0.5292567825317382 0.7821685028076172 0.5358280569314956 0.7821685028076172 0.5358280569314956 0.7922599387168884 0.5292567825317382 0.7922599387168884
0 0.4714176559448242 0.6275360107421875 0.4789612936973572 0.6275360107421875 0.4789612936973572 0.6368687760829925 0.4714176559448242 0.6368687760829925
0 0.2201496696472168 0.32477436065673826 0.22747257232666016 0.32477436065673826 0.22747257232666016 0.33453992664814 0.2201496696472168 0.33453992664814
0 0.24890241622924802 0.8362086486816406 0.2560839241743088 0.8362086486816406 0.2560839241743088 0.8454376858472824 0.24890241622924802 0.8454376858472824
0 0.16331052780151367 0.37266658782958983 0.1698420584201813 0.37266658782958983 0.1698420584201813 0.3817416143417358 0.16331052780151367 0.3817416143417358
0 0.24785789489746093 0.16430242538452147 0.2549787962436676 0.16430242538452147 0.2549787962436676 0.17492934226989745 0.24785789489746093 0.17492934226989745
0 0.15633460998535156 0.47219909667968746 0.1634658020734787 0.47219909667968746 0.1634658020734787 0.4801167875528335 0.15633460998535156 0.4801167875528335
0 0.5325122451782227 0.1522446346282959 0.5399564051628113 0.1522446346282959 0.5399564051628113 0.16181779503822327 0.5325122451782227 0.16181779503822327
0 0.5496635055541992 0.52207763671875 0.5574585586786269 0.52207763671875 0.5574585586786269 0.5313463628292083 0.5496635055541992 0.5313463628292083
0 0.49793727874755866 0.6859031677246092 0.5058012330532075 0.6859031677246092 0.5058012330532075 0.6945967245101927 0.49793727874755866 0.6945967245101927
0 0.13454407691955567 0.7742748260498047 0.1408152323961258 0.7742748260498047 0.1408152323961258 0.7826696109771728 0.13454407691955567 0.7826696109771728
0 0.5029911041259766 0.5205067062377929 0.5104438400268556 0.5205067062377929 0.5104438400268556 0.530924071073532 0.5029911041259766 0.530924071073532
0 0.1575174617767334 0.6184146118164062 0.16364498913288117 0.6184146118164062 0.16364498913288117 0.6271458017826079 0.1575174617767334 0.6271458017826079
0 0.5186161804199219 0.4671014785766602 0.5271670758724213 0.4671014785766602 0.5271670758724213 0.4769009810686112 0.5186161804199219 0.4769009810686112
0 0.20384542465209962 0.22516191482543946 0.21182671785354615 0.22516191482543946 0.21182671785354615 0.23479507327079777 0.20384542465209962 0.23479507327079777
0 0.17236263275146485 0.7783160400390625 0.17986268222332003 0.7783160400390625 0.17986268222332003 0.7881292599439621 0.17236263275146485 0.7881292599439621
0 0.45092529296875 0.4701532745361328 0.4580592793226242 0.4701532745361328 0.4580592793226242 0.4802693772315979 0.45092529296875 0.4802693772315979
0 0.47863853454589844 0.7789186096191406 0.48651206970214844 0.7789186096191406 0.48651206970214844 0.7884400939941406 0.47863853454589844 0.7884400939941406
0 0.4538554000854492 0.8378793334960938 0.460815891623497 0.8378793334960938 0.460815891623497 0.8468640720844268 0.4538554000854492 0.8468640720844268
0 0.24009370803833008 0.6244667434692383 0.24726557552814482 0.6244667434692383 0.24726557552814482 0.6341214060783386 0.24009370803833008 0.6341214060783386
0 0.17826025009155275 0.8326690673828125 0.18465916812419894 0.8326690673828125 0.18465916812419894 0.8404696291685105 0.17826025009155275 0.8404696291685105
0 0.23125028610229492 0.527784309387207 0.23984735667705534 0.527784309387207 0.23984735667705534 0.5378700137138366 0.23125028610229492 0.5378700137138366
0 0.18488632202148436 0.6688836669921875 0.19228319764137267 0.6688836669921875 0.19228319764137267 0.6783913946151733 0.18488632202148436 0.6783913946151733
0 0.4980286788940429 0.0497808027267456 0.504926598072052 0.0497808027267456 0.504926598072052 0.05747950375080108 0.4980286788940429 0.05747950375080108
0 0.21038051605224609 0.368077621459961 0.2171662712097168 0.368077621459961 0.2171662712097168 0.37756463527679446 0.21038051605224609 0.37756463527679446
0 0.1861111640930176 0.3680642700195313 0.19334943413734434 0.3680642700195313 0.19334943413734434 0.3761799693107605 0.1861111640930176 0.3761799693107605
0 0.555516242980957 0.832028579711914 0.5630290085077286 0.832028579711914 0.5630290085077286 0.8405127829313278 0.555516242980957 0.8405127829313278
0 0.482263069152832 0.3665036392211914 0.4899459874629974 0.3665036392211914 0.4899459874629974 0.3760218423604965 0.482263069152832 0.3760218423604965
0 0.4795244216918945 0.8363563537597656 0.48630216300487517 0.8363563537597656 0.48630216300487517 0.8454016530513764 0.4795244216918945 0.8454016530513764
0 0.5316610336303711 0.8277364349365235 0.5385943788290024 0.8277364349365235 0.5385943788290024 0.837333580851555 0.5316610336303711 0.837333580851555
0 0.5497397994995117 0.3559801101684571 0.5573059707880019 0.3559801101684571 0.5573059707880019 0.3653549361228944 0.5497397994995117 0.3653549361228944
0 0.2218541145324707 0.16675395965576173 0.22926755011081695 0.16675395965576173 0.22926755011081695 0.17701320290565492 0.2218541145324707 0.17701320290565492
0 0.46854385375976565 0.21102916717529296 0.47499255537986756 0.21102916717529296 0.47499255537986756 0.22001700878143307 0.46854385375976565 0.22001700878143307
0 0.4947272491455078 0.006079433560371399 0.5016836011409759 0.006079433560371399 0.5016836011409759 0.016931187510490418 0.4947272491455078 0.016931187510490418
0 0.24525278091430663 0.0743495273590088 0.25184349834918973 0.0743495273590088 0.25184349834918973 0.08255963504314423 0.24525278091430663 0.08255963504314423
0 0.15469276428222656 0.6586099243164063 0.16169708073139188 0.6586099243164063 0.16169708073139188 0.6675346159934997 0.15469276428222656 0.6675346159934997
0 0.5429141998291016 0.4670082092285156 0.5516659432649612 0.4670082092285156 0.5516659432649612 0.4764966064691543 0.5429141998291016 0.4764966064691543
0 0.15765588760375976 0.82804931640625 0.16409753620624543 0.82804931640625 0.16409753620624543 0.8370205354690552 0.15765588760375976 0.8370205354690552
0 0.17122627258300782 0.16182592391967773 0.1780012047290802 0.16182592391967773 0.1780012047290802 0.17183772563934327 0.17122627258300782 0.17183772563934327
0 0.45107593536376955 0.6803586578369141 0.4579392856359482 0.6803586578369141 0.4579392856359482 0.6902397912740708 0.45107593536376955 0.6902397912740708
0 0.2320635986328125 0.37141754150390627 0.23938922226428985 0.37141754150390627 0.23938922226428985 0.38122712433338163 0.2320635986328125 0.38122712433338163
0 0.23489723205566407 0.6711772918701173 0.24222127318382264 0.6711772918701173 0.24222127318382264 0.6795204496383669 0.23489723205566407 0.6795204496383669
0 0.519985580444336 0.6284413528442383 0.5271434903144837 0.6284413528442383 0.5271434903144837 0.6378483963012695 0.519985580444336 0.6378483963012695
0 0.45594593048095705 0.62868896484375 0.4622113192081452 0.62868896484375 0.4622113192081452 0.6373127502202989 0.45594593048095705 0.6373127502202989
0 0.18476831436157226 0.3183934783935547 0.19272321522235872 0.3183934783935547 0.19272321522235872 0.3284695768356323 0.18476831436157226 0.3284695768356323
0 0.14197757720947266 0.21790838241577148 0.1489722388982773 0.21790838241577148 0.1489722388982773 0.22614186286926272 0.14197757720947266 0.22614186286926272
0 0.17785282135009767 0.4724098205566406 0.18478782296180724 0.4724098205566406 0.18478782296180724 0.48110337734222414 0.17785282135009767 0.48110337734222414
0 0.505245361328125 0.36072811126708987 0.5127152484655381 0.36072811126708987 0.5127152484655381 0.37058627724647525 0.505245361328125 0.37058627724647525
0 0.14003342628479004 0.3687356185913086 0.14669538080692293 0.3687356185913086 0.14669538080692293 0.3779603469371796 0.14003342628479004 0.3779603469371796
0 0.2168552589416504 0.0231679368019104 0.22365798771381376 0.0231679368019104 0.22365798771381376 0.030528281927108766 0.2168552589416504 0.030528281927108766
0 0.15153297424316406 0.7795696258544922 0.15838863551616666 0.7795696258544922 0.15838863551616666 0.7891085827350617 0.15153297424316406 0.7891085827350617
0 0.19488250732421875 0.1598896026611328 0.20251293659210207 0.1598896026611328 0.20251293659210207 0.1700804281234741 0.19488250732421875 0.1700804281234741
0 0.5171926498413086 0.0007678516954183578 0.5253424990177155 0.0007678516954183578 0.5253424990177155 0.01161460720002651 0.5171926498413086 0.01161460720002651
0 0.22289985656738281 0.7795796203613281 0.2302581709623337 0.7795796203613281 0.2302581709623337 0.7886624735593796 0.22289985656738281 0.7886624735593796
0 0.4715121841430664 0.14856721878051757 0.4789603954553604 0.14856721878051757 0.4789603954553604 0.15822324514389038 0.4715121841430664 0.15822324514389038
0 0.133591947555542 0.4731937026977539 0.14129118919372557 0.4731937026977539 0.14129118919372557 0.48190485060214994 0.133591947555542 0.48190485060214994
0 0.20973587036132812 0.8386051177978515 0.21666520893573762 0.8386051177978515 0.21666520893573762 0.8467250072956085 0.20973587036132812 0.8467250072956085
0 0.19353961944580078 0.028178873062133788 0.19903977692127228 0.028178873062133788 0.19903977692127228 0.03517899036407471 0.19353961944580078 0.03517899036407471
0 0.5422519302368164 0.6805010986328125 0.5494313085079193 0.6805010986328125 0.5494313085079193 0.6900587141513823 0.5422519302368164 0.6900587141513823
0 0.21333812713623046 0.6732479858398438 0.22062558889389036 0.6732479858398438 0.22062558889389036 0.6839443969726563 0.21333812713623046 0.6839443969726563
0 0.1434677791595459 0.024592366218566895 0.14966222643852234 0.024592366218566895 0.14966222643852234 0.032041192054748535 0.1434677791595459 0.032041192054748535
0 0.4554777145385742 0.7862723541259765 0.46263790130615234 0.7862723541259765 0.46263790130615234 0.7965071272850036 0.4554777145385742 0.7965071272850036
0 0.5111182022094727 0.15285076141357423 0.5186566352844239 0.15285076141357423 0.5186566352844239 0.16253296732902528 0.5111182022094727 0.16253296732902528
0 0.163836669921875 0.024248106479644774 0.17118073105812073 0.024248106479644774 0.17118073105812073 0.03365286648273468 0.163836669921875 0.03365286648273468
0 0.5033943939208985 0.31107856750488283 0.5113934296369553 0.31107856750488283 0.5113934296369553 0.3212448143959046 0.5033943939208985 0.3212448143959046
0 0.4755913543701172 0.6821613311767578 0.48372035622596743 0.6821613311767578 0.48372035622596743 0.6923423433303832 0.4755913543701172 0.6923423433303832
0 0.20436468124389648 0.5270115280151367 0.2119453716278076 0.5270115280151367 0.2119453716278076 0.5361025643348694 0.20436468124389648 0.5361025643348694
0 0.44833877563476565 0.2118046760559082 0.4558702594041825 0.2118046760559082 0.4558702594041825 0.22108150601387025 0.44833877563476565 0.22108150601387025
0 0.20099260330200194 0.7758370971679688 0.20834818243980407 0.7758370971679688 0.20834818243980407 0.7852280515432358 0.20099260330200194 0.7852280515432358
0 0.44846817016601564 0.31870685577392577 0.45667825639247894 0.31870685577392577 0.45667825639247894 0.3291328978538513 0.44846817016601564 0.3291328978538513
0 0.508739013671875 0.20182689666748047 0.5162722420692444 0.20182689666748047 0.5162722420692444 0.2108144026994705 0.508739013671875 0.2108144026994705
0 0.13346858978271484 0.6195849990844726 0.14046441912651064 0.6195849990844726 0.14046441912651064 0.6282098913192748 0.13346858978271484 0.6282098913192748
0 0.4731993103027344 0.5223835372924804 0.4804996943473816 0.5223835372924804 0.4804996943473816 0.5323845267295837 0.4731993103027344 0.5323845267295837
0 0.5015512847900391 0.8283702850341796 0.5087980270385742 0.8283702850341796 0.5087980270385742 0.8388199460506439 0.5015512847900391 0.8388199460506439
0 0.16028324127197266 0.5300102233886719 0.16808644115924837 0.5300102233886719 0.16808644115924837 0.5409351205825805 0.16028324127197266 0.5409351205825805
0 0.2163526725769043 0.0763396978378296 0.2239317661523819 0.0763396978378296 0.2239317661523819 0.08605132400989532 0.2163526725769043 0.08605132400989532
0 0.13792591094970702 0.6738343811035157 0.14515247046947477 0.6738343811035157 0.14515247046947477 0.6839670073986054 0.13792591094970702 0.6839670073986054
0 0.4691785430908203 0.0017007941007614136 0.4770823001861572 0.0017007941007614136 0.4770823001861572 0.012574900984764098 0.4691785430908203 0.012574900984764098
0 0.5424966430664062 0.04971408367156983 0.5502345049381254 0.04971408367156983 0.5502345049381254 0.05870881855487823 0.5424966430664062 0.05870881855487823
0 0.5275612640380859 0.3087030601501465 0.5356693589687347 0.3087030601501465 0.5356693589687347 0.3190353751182556 0.5275612640380859 0.3190353751182556
0 0.2252230453491211 0.47443672180175783 0.23429958522319794 0.47443672180175783 0.23429958522319794 0.4848053848743439 0.2252230453491211 0.4848053848743439
0 0.19213125228881836 0.0788040542602539 0.1999204498529434 0.0788040542602539 0.1999204498529434 0.08840451598167419 0.19213125228881836 0.08840451598167419
0 0.13967374801635743 0.1601187515258789 0.14816088736057284 0.1601187515258789 0.14816088736057284 0.1710480856895447 0.13967374801635743 0.1710480856895447
0 0.45121776580810546 0.0 0.45826167821884156 0.0 0.45826167821884156 0.009211687445640564 0.45121776580810546 0.009211687445640564
0 0.14367323875427246 0.07609520435333252 0.1515636444091797 0.07609520435333252 0.1515636444091797 0.08570882499217987 0.14367323875427246 0.08570882499217987
0 0.26265735626220704 0.22419694900512696 0.27041526794433596 0.22419694900512696 0.27041526794433596 0.23467515110969545 0.26265735626220704 0.23467515110969545
0 0.2533360290527344 0.3238835906982422 0.2614777755737305 0.3238835906982422 0.2614777755737305 0.33446787357330326 0.2533360290527344 0.33446787357330326
0 0.5267607116699219 0.2012895584106445 0.5343509536981583 0.2012895584106445 0.5343509536981583 0.21045556426048279 0.5267607116699219 0.21045556426048279
0 0.4496819686889648 0.1536765193939209 0.4573392784595489 0.1536765193939209 0.4573392784595489 0.16514294624328615 0.4496819686889648 0.16514294624328615
0 0.13629255294799805 0.824420166015625 0.14345976293087007 0.824420166015625 0.14345976293087007 0.8331491422653198 0.13629255294799805 0.8331491422653198
0 0.52810791015625 0.35484321594238283 0.5355243915319443 0.35484321594238283 0.5355243915319443 0.3649089562892914 0.52810791015625 0.3649089562892914
0 0.1984742546081543 0.47279239654541017 0.20679246842861174 0.47279239654541017 0.20679246842861174 0.48367298007011417 0.1984742546081543 0.48367298007011417
0 0.4498088836669922 0.5237896728515625 0.4573681646585464 0.5237896728515625 0.4573681646585464 0.5334272980690002 0.4498088836669922 0.5334272980690002
0 0.17621936856864084 0.6200062685941099 0.18453160293508614 0.6200062685941099 0.18453160293508614 0.6296364012590694 0.17621936856864084 0.6296364012590694
0 0.1368747925674663 0.5281496185591121 0.14463287797614857 0.5281496185591121 0.14463287797614857 0.5348166334810072 0.1368747925674663 0.5348166334810072
0 0.18342330501956008 0.5274088391233459 0.1884106456394273 0.5274088391233459 0.1884106456394273 0.5348166334810072 0.18342330501956008 0.5348166334810072
0 0.15128266546930486 0.21257757892274853 0.15904075087798716 0.21257757892274853 0.15904075087798716 0.22146693215194185 0.15128266546930486 0.22146693215194185
0 0.4566187411967297 0.3711304973188218 0.463822677647649 0.3711304973188218 0.463822677647649 0.3800198505480152 0.4566187411967297 0.3800198505480152
0 0.48488033804264374 0.20445512427144677 0.4943008703246151 0.20445512427144677 0.4943008703246151 0.212603698064874 0.48488033804264374 0.212603698064874
0 0.1684612831599585 0.07630028188390948 0.17621936856864084 0.07630028188390948 0.17621936856864084 0.08667119398463506 0.1684612831599585 0.08667119398463506
0 0.45495629432344065 0.05704001655399059 0.4599436349433078 0.05704001655399059 0.4599436349433078 0.06518859034741782 0.45495629432344065 0.06518859034741782
0 0.4743515078451464 0.05555845768245836 0.47989299742277663 0.05555845768245836 0.47989299742277663 0.0644478109116517 0.4743515078451464 0.0644478109116517
0 0.540295233818946 0.0044446766145966685 0.5469450213121023 0.0044446766145966685 0.5469450213121023 0.011852470972257785 0.540295233818946 0.011852470972257785
