0 0.5172534561157227 0.633552360534668 0.524493751525879 0.633552360534668 0.524493751525879 0.6440558230876923 0.5172534561157227 0.6440558230876923
0 0.4702903366088867 0.15547661781311034 0.4779509586095809 0.15547661781311034 0.4779509586095809 0.16514704406261443 0.4702903366088867 0.16514704406261443
0 0.21012340545654296 0.6761565399169922 0.21752814710140228 0.6761565399169922 0.21752814710140228 0.6865071380138398 0.21012340545654296 0.6865071380138398
0 0.14832862854003906 0.7822382354736328 0.15459271609783173 0.7822382354736328 0.15459271609783173 0.7916671395301818 0.14832862854003906 0.7916671395301818
0 0.5071669387817382 0.20936740875244142 0.5141776424646377 0.20936740875244142 0.5141776424646377 0.21778187990188602 0.5071669387817382 0.21778187990188602
0 0.2196971893310547 0.7822649383544922 0.22678232431411743 0.7822649383544922 0.22678232431411743 0.7922649788856506 0.2196971893310547 0.7922649788856506
0 0.2024224281311035 0.22809673309326173 0.21043293774127958 0.22809673309326173 0.21043293774127958 0.2376474106311798 0.2024224281311035 0.2376474106311798
0 0.18117544174194336 0.5298087310791015 0.18794221222400667 0.5298087310791015 0.18794221222400667 0.5385816651582718 0.18117544174194336 0.5385816651582718
0 0.4756127166748047 0.783447265625 0.4832529640197754 0.783447265625 0.4832529640197754 0.7927442163228988 0.4756127166748047 0.7927442163228988
0 0.4532679748535156 0.06271094799041749 0.4608473938703537 0.06271094799041749 0.4608473938703537 0.0710335946083069 0.4532679748535156 0.0710335946083069
0 0.19680036544799806 0.4765890502929688 0.2043157333135605 0.4765890502929688 0.2043157333135605 0.486093773841858 0.19680036544799806 0.486093773841858
0 0.4463932037353516 0.21822237014770507 0.4542979955673218 0.21822237014770507 0.4542979955673218 0.22791241288185118 0.4463932037353516 0.22791241288185118
0 0.5255359268188476 0.20811193466186526 0.5328846895694732 0.20811193466186526 0.5328846895694732 0.21745011568069458 0.5255359268188476 0.21745011568069458
0 0.4524462890625 0.7901236724853516 0.46003945887088776 0.7901236724853516 0.46003945887088776 0.8010055613517761 0.4524462890625 0.8010055613517761
0 0.20223073959350585 0.5299313354492188 0.20887993454933168 0.5299313354492188 0.20887993454933168 0.5386046522855759 0.20223073959350585 0.5386046522855759
0 0.49866477966308587 0.8341371154785157 0.5053730875253677 0.8341371154785157 0.5053730875253677 0.8433291524648665 0.49866477966308587 0.8433291524648665
0 0.5166831207275391 0.4714126205444336 0.5253122025728226 0.4714126205444336 0.5253122025728226 0.4805563908815384 0.5166831207275391 0.4805563908815384
0 0.2290094566345215 0.5305363845825195 0.2374569857120514 0.5305363845825195 0.2374569857120514 0.5409422862529754 0.2290094566345215 0.5409422862529754
0 0.19417850494384767 0.16314205169677734 0.20120344758033756 0.16314205169677734 0.20120344758033756 0.1727033233642578 0.19417850494384767 0.1727033233642578
0 0.13909051895141603 0.1639530372619629 0.14625954747200015 0.1639530372619629 0.14625954747200015 0.17321874976158144 0.13909051895141603 0.17321874976158144
0 0.47474002838134766 0.32411300659179687 0.481906898021698 0.32411300659179687 0.481906898021698 0.33431834936141963 0.47474002838134766 0.33431834936141963
0 0.4470417022705078 0.3241695785522461 0.4552826607227326 0.3241695785522461 0.4552826607227326 0.33335384786129 0.4470417022705078 0.33335384786129
0 0.45444461822509763 0.3755046463012695 0.4623219090700149 0.3755046463012695 0.4623219090700149 0.3841904550790787 0.45444461822509763 0.3841904550790787
0 0.13390239715576172 0.826565933227539 0.14024033904075622 0.826565933227539 0.14024033904075622 0.8345739513635635 0.13390239715576172 0.8345739513635635
0 0.15883727073669435 0.5340990447998046 0.16534585416316985 0.5340990447998046 0.16534585416316985 0.5433286356925964 0.15883727073669435 0.5433286356925964
0 0.20562376022338869 0.6269744873046875 0.21381854295730593 0.6269744873046875 0.21381854295730593 0.6367330360412597 0.20562376022338869 0.6367330360412597
0 0.4687153244018555 0.007200681567192078 0.476091411113739 0.007200681567192078 0.476091411113739 0.017973164916038512 0.4687153244018555 0.017973164916038512
0 0.5204310607910156 0.526456527709961 0.5277452844381332 0.526456527709961 0.5277452844381332 0.5359195071458817 0.5204310607910156 0.5359195071458817
0 0.19337505340576172 0.0808320140838623 0.20016051292419434 0.0808320140838623 0.20016051292419434 0.0894673228263855 0.19337505340576172 0.0894673228263855
0 0.4842555618286133 0.2104209327697754 0.4912556493282318 0.2104209327697754 0.4912556493282318 0.2185567730665207 0.4842555618286133 0.2185567730665207
0 0.4997940444946289 0.7858737182617187 0.5073171007633209 0.7858737182617187 0.5073171007633209 0.7940714037418365 0.4997940444946289 0.7940714037418365
0 0.5263207244873047 0.3145171356201172 0.5335386049747467 0.3145171356201172 0.5335386049747467 0.32395165264606474 0.5263207244873047 0.32395165264606474
0 0.17012256622314453 0.16519412994384766 0.17653186380863192 0.16519412994384766 0.17653186380863192 0.1745482224225998 0.17012256622314453 0.1745482224225998
0 0.13461309432983398 0.6772158813476562 0.14184326171874997 0.6772158813476562 0.14184326171874997 0.6864744085073471 0.13461309432983398 0.6864744085073471
0 0.5392484283447265 0.684832000732422 0.5464697980880737 0.684832000732422 0.5464697980880737 0.6949138700962068 0.5392484283447265 0.6949138700962068
0 0.16957260131835938 0.7807121276855469 0.17643785893917086 0.7807121276855469 0.17643785893917086 0.7909699869155884 0.16957260131835938 0.7909699869155884
0 0.2235038948059082 0.4776813507080079 0.23195775210857392 0.4776813507080079 0.23195775210857392 0.4872432750463486 0.2235038948059082 0.4872432750463486
0 0.5313555526733399 0.15901116371154786 0.5385458725690843 0.15901116371154786 0.5385458725690843 0.16872966825962066 0.5313555526733399 0.16872966825962066
0 0.1734117317199707 0.6228341674804687 0.18074417114257812 0.6228341674804687 0.18074417114257812 0.6315435361862182 0.1734117317199707 0.6315435361862182
0 0.540927505493164 0.4719303894042969 0.5495555227994918 0.4719303894042969 0.5495555227994918 0.4809754914045334 0.540927505493164 0.4809754914045334
0 0.49508583068847656 0.6893564605712891 0.5031105345487595 0.6893564605712891 0.5031105345487595 0.6992220187187196 0.49508583068847656 0.6992220187187196
0 0.5478916168212891 0.36186229705810546 0.5558692431449891 0.36186229705810546 0.5558692431449891 0.3706228184700012 0.5478916168212891 0.3706228184700012
0 0.45095291137695315 0.8416910552978516 0.4579669272899628 0.8416910552978516 0.4579669272899628 0.8521918690204621 0.45095291137695315 0.8521918690204621
0 0.5020632171630859 0.3158792686462402 0.5093578052520751 0.3158792686462402 0.5093578052520751 0.32560245752334593 0.5020632171630859 0.32560245752334593
0 0.22057649612426758 0.16991886138916015 0.22750058591365813 0.16991886138916015 0.22750058591365813 0.17959767758846282 0.22057649612426758 0.17959767758846282
0 0.13448143005371094 0.5290564727783204 0.14187103092670442 0.5290564727783204 0.14187103092670442 0.5377661579847336 0.13448143005371094 0.5377661579847336
0 0.45294918060302736 0.6325599670410156 0.45948251485824587 0.6325599670410156 0.45948251485824587 0.6424390053749084 0.45294918060302736 0.6424390053749084
0 0.5007039260864258 0.5244942092895508 0.5078042900562286 0.5244942092895508 0.5078042900562286 0.5346823370456696 0.5007039260864258 0.5346823370456696
0 0.17493091583251952 0.8346149444580078 0.18217496693134308 0.8346149444580078 0.18217496693134308 0.8432836759090423 0.17493091583251952 0.8432836759090423
0 0.1941341209411621 0.8374898529052734 0.2008813738822937 0.8374898529052734 0.2008813738822937 0.8453166627883911 0.1941341209411621 0.8453166627883911
0 0.5099033355712891 0.15946660041809083 0.5169532507658006 0.15946660041809083 0.5169532507658006 0.16886969089508055 0.5099033355712891 0.16886969089508055
0 0.5524505615234375 0.8363709259033203 0.5597137451171875 0.8363709259033203 0.5597137451171875 0.8453391408920287 0.5524505615234375 0.8453391408920287
0 0.447557373046875 0.5285636901855468 0.45420071244239807 0.5285636901855468 0.45420071244239807 0.5382676082849502 0.447557373046875 0.5382676082849502
0 0.23738861083984375 0.6271989822387696 0.24474918723106384 0.6271989822387696 0.24474918723106384 0.6367794460058213 0.23738861083984375 0.6367794460058213
0 0.46671463012695313 0.21760639190673828 0.473176195025444 0.21760639190673828 0.473176195025444 0.227677983045578 0.46671463012695313 0.227677983045578
0 0.19372243881225587 0.029046497344970706 0.1999718737602234 0.029046497344970706 0.1999718737602234 0.03710221946239472 0.19372243881225587 0.03710221946239472
0 0.23232471466064453 0.22157567977905274 0.23927819788455965 0.22157567977905274 0.23927819788455965 0.2311225825548172 0.23232471466064453 0.2311225825548172
0 0.13063261032104492 0.6226548004150391 0.13765165328979492 0.6226548004150391 0.13765165328979492 0.6314489227533341 0.13063261032104492 0.6314489227533341
0 0.23193132400512695 0.6741484832763672 0.2395200139284134 0.6741484832763672 0.2395200139284134 0.6837396204471589 0.23193132400512695 0.6837396204471589
0 0.13125371932983398 0.47551700592041013 0.1387574952840805 0.47551700592041013 0.1387574952840805 0.48505359113216395 0.13125371932983398 0.48505359113216395
0 0.5173271560668945 0.005357296466827393 0.5245466923713684 0.005357296466827393 0.5245466923713684 0.015680694580078126 0.5173271560668945 0.015680694580078126
0 0.5288283920288086 0.832408218383789 0.5357609683275223 0.832408218383789 0.5357609683275223 0.842338369488716 0.5288283920288086 0.842338369488716
0 0.4755642318725586 0.4753653335571289 0.48307942211627963 0.4753653335571289 0.48307942211627963 0.4852733868360519 0.4755642318725586 0.4852733868360519
0 0.49405120849609374 0.012476613521575928 0.5012920659780502 0.012476613521575928 0.5012920659780502 0.02094988465309143 0.49405120849609374 0.02094988465309143
0 0.16102066040039062 0.3238270950317383 0.16847252368927 0.3238270950317383 0.16847252368927 0.3335368436574936 0.16102066040039062 0.3335368436574936
0 0.5374521255493164 0.6310688400268555 0.5447040718793871 0.6310688400268555 0.5447040718793871 0.6403750014305115 0.5374521255493164 0.6403750014305115
0 0.14850163459777832 0.21678281784057618 0.15719938099384306 0.21678281784057618 0.15719938099384306 0.2267621845006943 0.14850163459777832 0.2267621845006943
0 0.15446921348571777 0.830660171508789 0.16102292239665983 0.830660171508789 0.16102292239665983 0.840473707318306 0.15446921348571777 0.840473707318306
0 0.2171687126159668 0.023802552223205566 0.22400360047817228 0.023802552223205566 0.22400360047817228 0.031654669046401976 0.2171687126159668 0.031654669046401976
0 0.47120162963867185 0.5272815704345704 0.4780378037691116 0.5272815704345704 0.4780378037691116 0.5359872627258301 0.47120162963867185 0.5359872627258301
0 0.16180339813232422 0.3749594497680664 0.16841098606586458 0.3749594497680664 0.16841098606586458 0.3849899685382843 0.16180339813232422 0.3849899685382843
0 0.197825927734375 0.778521728515625 0.20555981218814848 0.778521728515625 0.20555981218814848 0.7881414860486984 0.197825927734375 0.7881414860486984
0 0.5398662948608398 0.009056919813156128 0.5478058922290802 0.009056919813156128 0.5478058922290802 0.018129453659057614 0.5398662948608398 0.018129453659057614
0 0.22989858627319337 0.3740151977539063 0.23748276650905611 0.3740151977539063 0.23748276650905611 0.38450189948081975 0.22989858627319337 0.38450189948081975
0 0.49752056121826177 0.05460035800933838 0.5047445333003998 0.05460035800933838 0.5047445333003998 0.06329694330692291 0.49752056121826177 0.06329694330692291
0 0.21700952529907228 0.07821051120758056 0.22441133916378023 0.07821051120758056 0.22441133916378023 0.08799430549144745 0.21700952529907228 0.08799430549144745
0 0.2072421455383301 0.8402532196044922 0.21308163404464722 0.8402532196044922 0.21308163404464722 0.8488943588733672 0.2072421455383301 0.8488943588733672
0 0.18299154281616212 0.32138519287109374 0.1910168969631195 0.32138519287109374 0.1910168969631195 0.3314309310913086 0.18299154281616212 0.3314309310913086
0 0.14425559043884278 0.02507214069366455 0.1499710124731064 0.02507214069366455 0.1499710124731064 0.03215354084968566 0.14425559043884278 0.03215354084968566
0 0.46874446868896485 0.6318723297119141 0.47655874311923985 0.6318723297119141 0.47655874311923985 0.6414474964141846 0.46874446868896485 0.6414474964141846
0 0.44835609436035156 0.6847702789306641 0.455073184967041 0.6847702789306641 0.455073184967041 0.6947060436010362 0.44835609436035156 0.6947060436010362
0 0.18182409286499024 0.6715247344970704 0.18972802758216856 0.6715247344970704 0.18972802758216856 0.681293363571167 0.18182409286499024 0.681293363571167
0 0.13827062606811524 0.3231768417358398 0.1449321520328522 0.3231768417358398 0.1449321520328522 0.33293080508708955 0.13827062606811524 0.33293080508708955
0 0.5539041519165039 0.31790813446044924 0.5616196578741073 0.31790813446044924 0.5616196578741073 0.32861375570297247 0.5539041519165039 0.32861375570297247
0 0.14078048706054688 0.21917667388916012 0.1481789296865463 0.21917667388916012 0.1481789296865463 0.2279910558462143 0.14078048706054688 0.2279910558462143
0 0.4734135437011719 0.061397128105163574 0.481006920337677 0.061397128105163574 0.481006920337677 0.07094795942306518 0.4734135437011719 0.07094795942306518
0 0.5263494110107422 0.3608937454223633 0.5336714416742325 0.3608937454223633 0.5336714416742325 0.3706179028749466 0.5263494110107422 0.3706179028749466
0 0.47285869598388675 0.6864974212646485 0.4809204524755479 0.6864974212646485 0.4809204524755479 0.6973044383525849 0.47285869598388675 0.6973044383525849
0 0.2182273292541504 0.32701480865478516 0.22651810050010682 0.32701480865478516 0.22651810050010682 0.3383214724063873 0.2182273292541504 0.3383214724063873
0 0.5032012557983399 0.36657020568847654 0.5109605866670609 0.36657020568847654 0.5109605866670609 0.37591336786746976 0.5032012557983399 0.37591336786746976
0 0.16938608169555663 0.07778337955474854 0.17675243973731994 0.07778337955474854 0.17675243973731994 0.0881645143032074 0.16938608169555663 0.0881645143032074
0 0.24645811080932617 0.16709354400634766 0.2543917202949524 0.16709354400634766 0.2543917202949524 0.17800721526145935 0.24645811080932617 0.17800721526145935
0 0.13852554321289062 0.3711884689331055 0.14519733071327207 0.3711884689331055 0.14519733071327207 0.3808747166395187 0.13852554321289062 0.3808747166395187
0 0.5472237014770508 0.5272234344482422 0.5555976420640946 0.5272234344482422 0.5555976420640946 0.5366150611639022 0.5472237014770508 0.5366150611639022
0 0.13188851356506348 0.7759282684326172 0.13901516675949097 0.7759282684326172 0.13901516675949097 0.7846138399839402 0.13188851356506348 0.7846138399839402
0 0.4903386688232422 0.16122726440429688 0.49712921440601343 0.16122726440429688 0.49712921440601343 0.17190908908843996 0.4903386688232422 0.17190908908843996
0 0.25206315994262696 0.3269902420043945 0.25942957699298863 0.3269902420043945 0.25942957699298863 0.3379173529148102 0.25206315994262696 0.3379173529148102
0 0.2611981201171875 0.22702285766601563 0.26911157667636876 0.22702285766601563 0.26911157667636876 0.23776474833488465 0.2611981201171875 0.23776474833488465
0 0.47571823120117185 0.8401985168457031 0.48302169084548946 0.8401985168457031 0.48302169084548946 0.850505473613739 0.47571823120117185 0.850505473613739
0 0.5178903198242187 0.05562761306762695 0.5244077152013779 0.05562761306762695 0.5244077152013779 0.0646897131204605 0.5178903198242187 0.0646897131204605
0 0.5222161865234375 0.6820913696289063 0.5288086932897568 0.6820913696289063 0.5288086932897568 0.6920782864093782 0.5222161865234375 0.6920782864093782
0 0.24539058685302734 0.07567253112792968 0.25258180856704715 0.07567253112792968 0.25258180856704715 0.0841542786359787 0.24539058685302734 0.0841542786359787
0 0.5261405181884765 0.7864891052246092 0.5335889953374862 0.7864891052246092 0.5335889953374862 0.797167648077011 0.5261405181884765 0.797167648077011
0 0.2083869171142578 0.3708584976196289 0.21548430919647216 0.3708584976196289 0.21548430919647216 0.3808621752262116 0.2083869171142578 0.3808621752262116
0 0.5424019241333008 0.05389716625213624 0.5499320185184479 0.05389716625213624 0.5499320185184479 0.06273215353488923 0.5424019241333008 0.06273215353488923
0 0.4951085662841797 0.6298971939086914 0.5032789379358291 0.6298971939086914 0.5032789379358291 0.6400805377960205 0.4951085662841797 0.6400805377960205
0 0.44802848815917967 0.15983642578125 0.45617972731590267 0.15983642578125 0.45617972731590267 0.17113710045814517 0.44802848815917967 0.17113710045814517
0 0.24499252319335937 0.8384482574462891 0.25366851985454564 0.8384482574462891 0.25366851985454564 0.8498804104328156 0.24499252319335937 0.8498804104328156
0 0.47985092163085935 0.37048801422119143 0.48785850346088405 0.37048801422119143 0.48785850346088405 0.38132989764213565 0.47985092163085935 0.38132989764213565
0 0.4485467529296875 0.4744670867919921 0.45626072108745575 0.4744670867919921 0.45626072108745575 0.4852888882160186 0.4485467529296875 0.4852888882160186
0 0.4925260162353516 0.4734903717041015 0.49991366565227513 0.4734903717041015 0.49991366565227513 0.4832478535175323 0.4925260162353516 0.4832478535175323
0 0.16442020416259764 0.024499905109405522 0.17197330474853514 0.024499905109405522 0.17197330474853514 0.03478782534599304 0.16442020416259764 0.03478782534599304
0 0.1516377353668213 0.6608760070800781 0.1592677211761475 0.6608760070800781 0.1592677211761475 0.6698152858018874 0.1516377353668213 0.6698152858018874
0 0.14407872901838556 0.07946543038218287 0.15163530571515407 0.07946543038218287 0.15163530571515407 0.08754666059054045 0.14407872901838556 0.08754666059054045
0 0.24835948743379052 0.025590562326465668 0.255916064130559 0.025590562326465668 0.255916064130559 0.03299835668412678 0.24835948743379052 0.03299835668412678
0 0.18337292784158166 0.3697162820323593 0.19344836343727295 0.3697162820323593 0.19344836343727295 0.38183812734489564 0.18337292784158166 0.38183812734489564
0 0.15264284927472319 0.47409883889031146 0.16221451309062992 0.47409883889031146 0.16221451309062992 0.48420037665075844 0.15264284927472319 0.48420037665075844
0 0.1753125793650286 0.47409883889031146 0.18186161250222796 0.47409883889031146 0.18186161250222796 0.48420037665075844 0.1753125793650286 0.48420037665075844
0 0.15365039283429233 0.6222547260435336 0.1596956541917071 0.6222547260435336 0.1596956541917071 0.6323562638039807 0.15365039283429233 0.6323562638039807
0 0.5455848375066839 0.7871942711799171 0.5516300988640986 0.7871942711799171 0.5516300988640986 0.7986426806417568 0.5455848375066839 0.7986426806417568
0 0.44986819934761646 0.00404061510417879 0.4564172324848158 0.00404061510417879 0.4564172324848158 0.010774973611143438 0.44986819934761646 0.010774973611143438
