0 0.14399902969467385 0.018278562586049218 0.14955388840693126 0.018278562586049218 0.14955388840693126 0.028560254040701904 0.14399902969467385 0.028560254040701904
0 0.16429562883561452 0.020563382909305372 0.17177332325596106 0.020563382909305372 0.17177332325596106 0.028845856581108918 0.16429562883561452 0.028845856581108918
0 0.19420640651700075 0.0239906133941896 0.19997491364126813 0.0239906133941896 0.19997491364126813 0.032558689606400175 0.19420640651700075 0.032558689606400175
0 0.2170667866020603 0.019135370207270273 0.22518542625843654 0.019135370207270273 0.22518542625843654 0.025989831177038732 0.2170667866020603 0.025989831177038732
0 0.24932769681555544 0.021420190530526424 0.25552350076384256 0.021420190530526424 0.25552350076384256 0.025989831177038732 0.24932769681555544 0.025989831177038732
0 0.14592186540276297 0.07254304526338283 0.1519040209390402 0.07254304526338283 0.1519040209390402 0.08111112147559342 0.14592186540276297 0.08111112147559342
0 0.16920954231184226 0.07397105796541793 0.17732818196821856 0.07397105796541793 0.17732818196821856 0.0811111214755934 0.16920954231184226 0.0811111214755934
0 0.1927108676329315 0.07539907066745302 0.19997491364126815 0.07539907066745302 0.19997491364126815 0.08368154433925658 0.1927108676329315 0.08368154433925658
0 0.2179213802500999 0.07339985288460389 0.22475812943441675 0.07339985288460389 0.22475812943441675 0.08225353163722149 0.2179213802500999 0.08225353163722149
0 0.24719121269545646 0.06968701985931265 0.2514641809356545 0.06968701985931265 0.2514641809356545 0.07968310877355832 0.24719121269545646 0.07968310877355832
0 0.1399397098664857 0.1602230251683377 0.14592186540276297 0.1602230251683377 0.14592186540276297 0.1707903191633974 0.1399397098664857 0.1707903191633974
0 0.17049143278390166 0.1619366404107798 0.17604629149615914 0.1619366404107798 0.17604629149615914 0.17107592170380437 0.17049143278390166 0.17107592170380437
0 0.1946337033410206 0.15965182008752363 0.2008295072893077 0.15965182008752363 0.2008295072893077 0.16964790900176932 0.1946337033410206 0.16964790900176932
0 0.22112610643024844 0.16593507597647805 0.22817650402657516 0.16593507597647805 0.22817650402657516 0.17735917759275882 0.22112610643024844 0.17735917759275882
0 0.24740486110746635 0.16307905057240787 0.25402796187977333 0.16307905057240787 0.25402796187977333 0.1753599598099097 0.24740486110746635 0.1753599598099097
0 0.1405806551025154 0.21820034087096252 0.14784470111085207 0.21820034087096252 0.14784470111085207 0.22562600692154502 0.1405806551025154 0.22562600692154502
0 0.165363870895664 0.21705793070933446 0.17262791690400067 0.21705793070933446 0.17262791690400067 0.22648281454276611 0.165363870895664 0.22648281454276611
0 0.20360693664543647 0.22591160946195207 0.2102300374177434 0.22591160946195207 0.2102300374177434 0.23476528821456968 0.20360693664543647 0.23476528821456968
0 0.2322358238547633 0.2187715459517766 0.23949986986309996 0.2187715459517766 0.23949986986309996 0.22905323740642927 0.2322358238547633 0.22905323740642927
0 0.2623602499481595 0.2233411865982889 0.26919699913247636 0.2233411865982889 0.26919699913247636 0.23447968567416264 0.2623602499481595 0.23447968567416264
0 0.1390851162184461 0.32130285795789637 0.14399902969467387 0.32130285795789637 0.14399902969467387 0.3295853316296999 0.1390851162184461 0.3295853316296999
0 0.1608772542434561 0.3230164732003385 0.16835494866380266 0.3230164732003385 0.16835494866380266 0.3301565367105139 0.1608772542434561 0.3301565367105139
0 0.1837376343285156 0.31930364017504725 0.19185627398489186 0.31930364017504725 0.19185627398489186 0.3273005113064438 0.1837376343285156 0.3273005113064438
0 0.21920327072215928 0.3244444859023736 0.22646731673049594 0.3244444859023736 0.22646731673049594 0.3361541900590614 0.21920327072215928 0.3361541900590614
0 0.2531733682317337 0.32330207574074554 0.25915552376801093 0.32330207574074554 0.25915552376801093 0.3350117798974333 0.2531733682317337 0.3350117798974333
0 0.1384441709824164 0.3692840847462756 0.14442632651869364 0.3692840847462756 0.14442632651869364 0.3778521609584862 0.1384441709824164 0.3778521609584862
0 0.16215914471551549 0.3721401101503458 0.1685685970758126 0.3721401101503458 0.1685685970758126 0.3829930066858126 0.16215914471551549 0.3829930066858126
0 0.18331033750449582 0.3718545076099387 0.1939927581049909 0.3718545076099387 0.1939927581049909 0.38185059652418446 0.18331033750449582 0.38185059652418446
0 0.20873449853367412 0.3672848669634265 0.21514395089397115 0.3672848669634265 0.21514395089397115 0.37899457112011425 0.20873449853367412 0.37899457112011425
0 0.2303129881466742 0.3709976999887178 0.23779068256702077 0.3709976999887178 0.23779068256702077 0.38213619906459156 0.2303129881466742 0.38213619906459156
0 0.13075282815005995 0.47267220437361657 0.1367349836863372 0.47267220437361657 0.1367349836863372 0.48152588312623407 0.13075282815005995 0.48152588312623407
0 0.1519040209390402 0.4706729865907674 0.16044995741943627 0.4706729865907674 0.16044995741943627 0.479812267883792 0.1519040209390402 0.479812267883792
0 0.17390980737606015 0.4706729865907674 0.18053290814836706 0.4706729865907674 0.18053290814836706 0.48038347296460604 0.17390980737606015 0.48038347296460604
0 0.1961292422250899 0.4723866018332095 0.20275234299739686 0.4723866018332095 0.20275234299739686 0.4829538958282692 0.1961292422250899 0.4829538958282692
0 0.2217670516662781 0.4752426272372798 0.23031298814667417 0.4752426272372798 0.23031298814667417 0.4832394983686763 0.2217670516662781 0.4832394983686763
0 0.13310296068216884 0.525508674348915 0.14015335827849562 0.525508674348915 0.14015335827849562 0.5337911480207187 0.13310296068216884 0.5337911480207187
0 0.15767252806330756 0.5303639175358343 0.16322738677556503 0.5303639175358343 0.16322738677556503 0.5417880191521152 0.15767252806330756 0.5417880191521152
0 0.18031925973635718 0.524937469268101 0.1865150636846443 0.524937469268101 0.1865150636846443 0.5366471734247886 0.18031925973635718 0.5366471734247886
0 0.20125680411332755 0.5263654819701361 0.2085208501216642 0.5263654819701361 0.2085208501216642 0.5349335581823468 0.20125680411332755 0.5349335581823468
0 0.22774920720255537 0.5286503022933923 0.23544055003491182 0.5286503022933923 0.23544055003491182 0.5369327759651958 0.22774920720255537 0.5369327759651958
0 0.13053917973805004 0.6203287177640453 0.1382305225704065 0.6203287177640453 0.1382305225704065 0.6291823965166627 0.13053917973805004 0.6291823965166627
0 0.15532239553119867 0.6180438974407892 0.1606636058314462 0.6180438974407892 0.1606636058314462 0.6283255888954419 0.15532239553119867 0.6283255888954419
0 0.17284156531601058 0.6203287177640453 0.18096020497238685 0.6203287177640453 0.18096020497238685 0.630324806678291 0.17284156531601058 0.630324806678291
0 0.2061707175895553 0.6251839609509646 0.21322111518588205 0.6251839609509646 0.21322111518588205 0.6337520371631753 0.2061707175895553 0.6337520371631753
0 0.23800433097903068 0.6248983584105576 0.2444137833393277 0.6248983584105576 0.2444137833393277 0.6351800498652104 0.23800433097903068 0.6351800498652104
0 0.1348121479782481 0.6751644055221929 0.14271713922261442 0.6751644055221929 0.14271713922261442 0.6848748918960316 0.1348121479782481 0.6848748918960316
0 0.1516903725270303 0.6583138556381788 0.15874077012335708 0.6583138556381788 0.15874077012335708 0.6677387394716106 0.1516903725270303 0.6677387394716106
0 0.18224209544444625 0.6708803674160877 0.1901470866888126 0.6708803674160877 0.1901470866888126 0.677734828385856 0.18224209544444625 0.677734828385856
0 0.21129827947779295 0.6731651877393439 0.21749408342608012 0.6731651877393439 0.21749408342608012 0.6837324817344035 0.21129827947779295 0.6837324817344035
0 0.23202217544275341 0.6711659699564947 0.24056811192314945 0.6711659699564947 0.24056811192314945 0.6803052512495193 0.23202217544275341 0.6803052512495193
0 0.13267566385814905 0.7729459803764199 0.13823052257040647 0.7729459803764199 0.13823052257040647 0.7832276718310727 0.13267566385814905 0.7832276718310727
0 0.1482719979348719 0.7798004413461883 0.15468145029516892 0.7798004413461883 0.15468145029516892 0.7897965302604341 0.1482719979348719 0.7897965302604341
0 0.17027778437189178 0.7778012235633391 0.17561899467213932 0.7778012235633391 0.17561899467213932 0.7880829150179919 0.17027778437189178 0.7880829150179919
0 0.1982657263451889 0.7763732108613042 0.20510247552950578 0.7763732108613042 0.20510247552950578 0.785226889613922 0.1982657263451889 0.785226889613922
0 0.2209124580182385 0.7789436337249672 0.22668096514250588 0.7789436337249672 0.22668096514250588 0.790653337881655 0.2209124580182385 0.790653337881655
0 0.24548202539937722 0.8380633595892202 0.2529597198197238 0.8380633595892202 0.2529597198197238 0.8460602307206165 0.24548202539937722 0.8460602307206165
0 0.13459849956623818 0.8234976300284623 0.1405806551025154 0.8234976300284623 0.1405806551025154 0.8337793214831151 0.13459849956623818 0.8337793214831151
0 0.15468145029516894 0.8272104630537533 0.16002266059541648 0.8272104630537533 0.16002266059541648 0.8377777570488132 0.15468145029516894 0.8377777570488132
0 0.17497804943610962 0.8314945011598589 0.18202844703243637 0.8314945011598589 0.18202844703243637 0.8412049875336977 0.17497804943610962 0.8412049875336977
0 0.19228357080891167 0.8346361291043359 0.20104315570131762 0.8346361291043359 0.20104315570131762 0.8423473976953255 0.19228357080891167 0.8423473976953255
0 0.2061707175895553 0.8397769748316622 0.21364841200990184 0.8397769748316622 0.21364841200990184 0.8472026408822447 0.2061707175895553 0.8472026408822447
