0 0.16465234756469727 0.21711048126220703 0.17229280173778533 0.21711048126220703 0.17229280173778533 0.22697845101356506 0.16465234756469727 0.22697845101356506
0 0.1567903709411621 0.531222915649414 0.16378229677677153 0.531222915649414 0.16378229677677153 0.5406585395336151 0.1567903709411621 0.5406585395336151
0 0.1406582260131836 0.21777576446533203 0.14813450038433074 0.21777576446533203 0.14813450038433074 0.22650711238384247 0.1406582260131836 0.22650711238384247
0 0.22090829849243165 0.16691516876220702 0.22809026479721073 0.16691516876220702 0.22809026479721073 0.17694321751594544 0.22090829849243165 0.17694321751594544
0 0.16493282318115235 0.01998892307281494 0.17198352217674256 0.01998892307281494 0.17198352217674256 0.028567266464233396 0.16493282318115235 0.028567266464233396
0 0.13386380195617675 0.8244815826416014 0.14076155841350557 0.8244815826416014 0.14076155841350557 0.8328982675075529 0.13386380195617675 0.8328982675075529
0 0.21732324600219727 0.07351791381835937 0.22471354186534884 0.07351791381835937 0.22471354186534884 0.08204161703586578 0.21732324600219727 0.08204161703586578
0 0.21954774856567383 0.7795574951171874 0.22690669894218446 0.7795574951171874 0.22690669894218446 0.789671858549118 0.21954774856567383 0.789671858549118
0 0.17392961502075197 0.47124103546142576 0.18149782657623292 0.47124103546142576 0.18149782657623292 0.4802041113376617 0.17392961502075197 0.4802041113376617
0 0.21876178741455077 0.32474464416503906 0.22636298596858978 0.32474464416503906 0.22636298596858978 0.3348032104969025 0.21876178741455077 0.3348032104969025
0 0.14831582069396973 0.7805157470703125 0.1545646494626999 0.7805157470703125 0.1545646494626999 0.7896070599555969 0.14831582069396973 0.7896070599555969
0 0.1940024948120117 0.8356893157958984 0.2007207530736923 0.8356893157958984 0.2007207530736923 0.8433977711200714 0.1940024948120117 0.8433977711200714
0 0.1699911880493164 0.07301972389221191 0.17693307936191557 0.07301972389221191 0.17693307936191557 0.08176100373268128 0.1699911880493164 0.08176100373268128
0 0.20297929763793945 0.22514984130859375 0.21089744091033935 0.22514984130859375 0.21089744091033935 0.23533091306686402 0.20297929763793945 0.23533091306686402
0 0.23250123977661133 0.21871007919311525 0.23949343204498288 0.21871007919311525 0.23949343204498288 0.2285361069440842 0.23250123977661133 0.2285361069440842
0 0.20590736389160155 0.6240437316894532 0.21408731698989866 0.6240437316894532 0.21408731698989866 0.634482284784317 0.20590736389160155 0.634482284784317
0 0.18233884811401369 0.6696643829345703 0.18992103219032289 0.6696643829345703 0.18992103219032289 0.6786074566841126 0.18233884811401369 0.6786074566841126
0 0.22739038467407227 0.5281064224243164 0.23642561316490177 0.5281064224243164 0.23642561316490177 0.5379389333724975 0.22739038467407227 0.5379389333724975
0 0.13198626518249512 0.7739281463623047 0.1381656903028488 0.7739281463623047 0.1381656903028488 0.7824371743202209 0.13198626518249512 0.7824371743202209
0 0.1619241714477539 0.37230026245117187 0.1687296801805496 0.37230026245117187 0.1687296801805496 0.38193255066871645 0.1619241714477539 0.38193255066871645
0 0.13857254028320312 0.3206012725830078 0.14518358826637268 0.3206012725830078 0.14518358826637268 0.33019300282001496 0.13857254028320312 0.33019300282001496
0 0.16967411041259767 0.7782484436035156 0.17704518496990204 0.7782484436035156 0.17704518496990204 0.7884584712982178 0.16967411041259767 0.7884584712982178
0 0.25262022018432617 0.32519203186035156 0.25977230429649356 0.32519203186035156 0.25977230429649356 0.33478439450263975 0.25262022018432617 0.33478439450263975
0 0.19563390731811522 0.4729288864135742 0.20308671712875365 0.4729288864135742 0.20308671712875365 0.4827587878704071 0.19563390731811522 0.4827587878704071
0 0.18441522598266602 0.3721731185913085 0.1925359034538269 0.3721731185913085 0.1925359034538269 0.3810597819089889 0.18441522598266602 0.3810597819089889
0 0.19342750549316406 0.07567915439605713 0.20011954903602602 0.07567915439605713 0.20011954903602602 0.08434238672256471 0.19342750549316406 0.08434238672256471
0 0.2100953483581543 0.6730062103271485 0.21789866626262666 0.6730062103271485 0.21789866626262666 0.6837641310691834 0.2100953483581543 0.6837641310691834
0 0.23743535995483397 0.6242449569702149 0.24547882676124572 0.6242449569702149 0.24547882676124572 0.6350148153305054 0.23743535995483397 0.6350148153305054
0 0.19434724807739256 0.02394991636276245 0.20072083830833432 0.02394991636276245 0.20072083830833432 0.03186199128627777 0.19434724807739256 0.03186199128627777
0 0.13307522773742675 0.5253312301635742 0.14008395016193387 0.5253312301635742 0.14008395016193387 0.5339974319934845 0.13307522773742675 0.5339974319934845
0 0.2171446228027344 0.01846247911453247 0.2242176479101181 0.01846247911453247 0.2242176479101181 0.025871077179908754 0.2171446228027344 0.025871077179908754
0 0.1350146770477295 0.6741794586181642 0.14226002931594847 0.6741794586181642 0.14226002931594847 0.6842499434947968 0.1350146770477295 0.6842499434947968
0 0.19422510147094726 0.15986998558044432 0.20160557985305785 0.15986998558044432 0.20160557985305785 0.17001407623291012 0.19422510147094726 0.17001407623291012
0 0.16109790802001953 0.32101207733154297 0.1684653306007385 0.32101207733154297 0.1684653306007385 0.33131369709968567 0.16109790802001953 0.33131369709968567
0 0.1750545883178711 0.8318037414550781 0.18246744692325592 0.8318037414550781 0.18246744692325592 0.8412441092729568 0.1750545883178711 0.8412441092729568
0 0.15506956100463867 0.6189809799194336 0.16121688663959505 0.6189809799194336 0.16121688663959505 0.6279749685525894 0.15506956100463867 0.6279749685525894
0 0.24677711486816406 0.16431495666503906 0.2544174802303314 0.16431495666503906 0.2544174802303314 0.17568857550621034 0.24677711486816406 0.17568857550621034
0 0.23243331909179688 0.671201400756836 0.23993885397911072 0.671201400756836 0.23993885397911072 0.6802711302042007 0.23243331909179688 0.6802711302042007
0 0.22981653213500977 0.37139953613281246 0.23760546386241915 0.37139953613281246 0.23760546386241915 0.3825762438774109 0.22981653213500977 0.3825762438774109
0 0.24528282165527343 0.8369512939453125 0.25351678669452665 0.8369512939453125 0.25351678669452665 0.8469678592681885 0.24528282165527343 0.8469678592681885
0 0.20715646743774413 0.8380992126464845 0.21334003269672394 0.8380992126464845 0.21334003269672394 0.8465867364406586 0.20715646743774413 0.8465867364406586
0 0.2455202293395996 0.07072699546813965 0.25285975098609925 0.07072699546813965 0.25285975098609925 0.07945711314678193 0.2455202293395996 0.07945711314678193
0 0.17026859283447265 0.16159744262695314 0.17703777313232422 0.16159744262695314 0.17703777313232422 0.17185042977333068 0.17026859283447265 0.17185042977333068
0 0.13028858184814454 0.4725722503662109 0.13752139568328858 0.4725722503662109 0.13752139568328858 0.4813464891910553 0.13028858184814454 0.4813464891910553
0 0.14526980400085449 0.07224073886871338 0.15276979446411132 0.07224073886871338 0.15276979446411132 0.08254376173019409 0.14526980400085449 0.08254376173019409
0 0.14397711753845216 0.019681856632232667 0.1504957103729248 0.019681856632232667 0.1504957103729248 0.02777580142021179 0.14397711753845216 0.02777580142021179
0 0.13928011894226075 0.16101755142211915 0.14670859158039093 0.16101755142211915 0.14670859158039093 0.17143331527709962 0.13928011894226075 0.17143331527709962
0 0.1799871253967285 0.5255312728881836 0.18698583781719205 0.5255312728881836 0.18698583781719205 0.5360300707817077 0.1799871253967285 0.5360300707817077
0 0.13881409645080567 0.36865482330322263 0.14544140815734863 0.36865482330322263 0.14544140815734863 0.37787030160427093 0.13881409645080567 0.37787030160427093
0 0.19800453186035155 0.7761324310302734 0.2057811027765274 0.7761324310302734 0.2057811027765274 0.785709969997406 0.19800453186035155 0.785709969997406
0 0.20104564666748048 0.5255220794677734 0.2081867301464081 0.5255220794677734 0.2081867301464081 0.5357243192195892 0.20104564666748048 0.5357243192195892
0 0.1547594928741455 0.8284001922607422 0.16146899819374083 0.8284001922607422 0.16146899819374083 0.8383059924840928 0.1547594928741455 0.8383059924840928
0 0.15184399604797363 0.4708591842651367 0.15947291731834412 0.4708591842651367 0.15947291731834412 0.479964451789856 0.15184399604797363 0.479964451789856
0 0.15183314323425293 0.6581776428222657 0.15930816054344177 0.6581776428222657 0.15930816054344177 0.6674369210004807 0.15183314323425293 0.6674369210004807
0 0.2087891387939453 0.36806015014648436 0.21553739726543425 0.36806015014648436 0.21553739726543425 0.37768164694309236 0.2087891387939453 0.37768164694309236
0 0.1835310173034668 0.318088264465332 0.19230548620223997 0.318088264465332 0.19230548620223997 0.3283827686309814 0.1835310173034668 0.3283827686309814
0 0.24908525466918946 0.018738272190093993 0.25581854999065395 0.018738272190093993 0.25581854999065395 0.02676413834095001 0.24908525466918946 0.02676413834095001
0 0.261135425567627 0.22416633605957031 0.2693077492713929 0.22416633605957031 0.2693077492713929 0.23527860879898072 0.261135425567627 0.23527860879898072
0 0.1735735321044922 0.6196723556518555 0.18118148744106294 0.6196723556518555 0.18118148744106294 0.6294053286314012 0.1735735321044922 0.6294053286314012
0 0.13043711662292481 0.6195729446411132 0.13784138500690463 0.6195729446411132 0.13784138500690463 0.6292368572950363 0.13043711662292481 0.6292368572950363
0 0.2216636085510254 0.4730475997924805 0.2311830967664719 0.4730475997924805 0.2311830967664719 0.4849571633338928 0.2216636085510254 0.4849571633338928
