0 0.4863792037963867 0.332001838684082 0.492724848985672 0.332001838684082 0.492724848985672 0.34175244212150574 0.4863792037963867 0.34175244212150574
0 0.15866482734680176 0.32325733184814454 0.16507131576538087 0.32325733184814454 0.16507131576538087 0.3320146316289902 0.15866482734680176 0.3320146316289902
0 0.8365653991699219 0.697708740234375 0.8444129705429078 0.697708740234375 0.8444129705429078 0.7069881397485734 0.8365653991699219 0.7069881397485734
0 0.5163638687133789 0.4812699508666992 0.5242057037353517 0.4812699508666992 0.5242057037353517 0.4906188052892685 0.5163638687133789 0.4906188052892685
0 0.490660514831543 0.6996402740478516 0.49827394068241126 0.6996402740478516 0.49827394068241126 0.7081684350967408 0.490660514831543 0.7081684350967408
0 0.4922726058959961 0.4807814407348633 0.5000224149227143 0.4807814407348633 0.5000224149227143 0.48939075767993934 0.4922726058959961 0.48939075767993934
0 0.5077008438110352 0.6447981262207031 0.5148883247375489 0.6447981262207031 0.5148883247375489 0.6535267859697341 0.5077008438110352 0.6535267859697341
0 0.8753571319580078 0.5426966857910156 0.8815874493122101 0.5426966857910156 0.8815874493122101 0.5502899098396301 0.8753571319580078 0.5502899098396301
0 0.2115972900390625 0.6970935821533202 0.21780371367931367 0.6970935821533202 0.21780371367931367 0.705430889725685 0.2115972900390625 0.705430889725685
0 0.4914384841918945 0.3747549057006836 0.49751606583595276 0.3747549057006836 0.49751606583595276 0.38330516397953035 0.4914384841918945 0.38330516397953035
0 0.8759580230712891 0.4892857360839844 0.8822515636682511 0.4892857360839844 0.8822515636682511 0.4972804719209672 0.8759580230712891 0.4972804719209672
0 0.46810314178466794 0.5332282257080078 0.4741983181238174 0.5332282257080078 0.4741983181238174 0.5423213964700698 0.46810314178466794 0.5423213964700698
0 0.8386231994628907 0.5407422256469726 0.84489621758461 0.5407422256469726 0.84489621758461 0.5490574753284454 0.8386231994628907 0.5490574753284454
0 0.5327136993408204 0.6897071075439453 0.5403043556213378 0.6897071075439453 0.5403043556213378 0.6998801338672638 0.5327136993408204 0.6998801338672638
0 0.2040831756591797 0.6454072570800782 0.21004025399684906 0.6454072570800782 0.21004025399684906 0.6541592001914979 0.2040831756591797 0.6541592001914979
0 0.1952979850769043 0.32440326690673826 0.2012070840597153 0.32440326690673826 0.2012070840597153 0.3323544991016387 0.1952979850769043 0.3323544991016387
0 0.44723148345947267 0.3313601303100586 0.454514154791832 0.3313601303100586 0.454514154791832 0.3404087698459626 0.44723148345947267 0.3404087698459626
0 0.13933375358581543 0.32484519958496094 0.14673479855060576 0.32484519958496094 0.14673479855060576 0.33347807705402377 0.13933375358581543 0.33347807705402377
0 0.861019515991211 0.6895450592041017 0.867689735889435 0.6895450592041017 0.867689735889435 0.6985248172283173 0.861019515991211 0.6985248172283173
0 0.8196209716796875 0.6331497955322266 0.826034453511238 0.6331497955322266 0.826034453511238 0.64242591381073 0.8196209716796875 0.64242591381073
0 0.7951333618164063 0.689659423828125 0.80180381834507 0.689659423828125 0.80180381834507 0.6977621573209762 0.7951333618164063 0.6977621573209762
0 0.2194752311706543 0.5390584564208984 0.2270901507139206 0.5390584564208984 0.2270901507139206 0.5481520622968674 0.2194752311706543 0.5481520622968674
0 0.14125185012817382 0.3773409652709961 0.14780459821224212 0.3773409652709961 0.14780459821224212 0.38500206351280214 0.14125185012817382 0.38500206351280214
0 0.7987867736816406 0.6332242584228516 0.8063295835256578 0.6332242584228516 0.8063295835256578 0.6421248763799667 0.7987867736816406 0.6421248763799667
0 0.45291988372802733 0.481955337524414 0.4599778425693512 0.481955337524414 0.4599778425693512 0.49146089136600496 0.45291988372802733 0.49146089136600496
0 0.7991481018066406 0.492685661315918 0.8054674881696701 0.492685661315918 0.8054674881696701 0.5011350381374359 0.7991481018066406 0.5011350381374359
0 0.862007827758789 0.4880130767822265 0.8683550107479096 0.4880130767822265 0.8683550107479096 0.4964866852760314 0.862007827758789 0.4964866852760314
0 0.20914621353149415 0.48059898376464844 0.2161773508787155 0.48059898376464844 0.2161773508787155 0.4893179190158844 0.20914621353149415 0.4893179190158844
0 0.7958218383789063 0.3829806137084961 0.8022915649414063 0.3829806137084961 0.8022915649414063 0.39146046817302704 0.7958218383789063 0.39146046817302704
0 0.5533808898925782 0.6990505981445313 0.559783371090889 0.6990505981445313 0.559783371090889 0.7076858866214754 0.5533808898925782 0.7076858866214754
0 0.1398971939086914 0.47206539154052735 0.14691350162029265 0.47206539154052735 0.14691350162029265 0.48105475544929505 0.1398971939086914 0.48105475544929505
0 0.4765018463134766 0.4877124786376953 0.4838400226831436 0.4877124786376953 0.4838400226831436 0.4964652127027512 0.4765018463134766 0.4964652127027512
0 0.19416557312011717 0.6970975494384766 0.19998724460601805 0.6970975494384766 0.19998724460601805 0.7054185700416565 0.19416557312011717 0.7054185700416565
0 0.8619493865966796 0.38546100616455076 0.8675501310825346 0.38546100616455076 0.8675501310825346 0.39234319448471067 0.8619493865966796 0.39234319448471067
0 0.5227839660644531 0.3262759017944336 0.5301931136846542 0.3262759017944336 0.5301931136846542 0.3341782742738724 0.5227839660644531 0.3341782742738724
0 0.22843002319335937 0.6492987060546875 0.23517346143722534 0.6492987060546875 0.23517346143722534 0.6577792328596116 0.22843002319335937 0.6577792328596116
0 0.8548777770996093 0.5432791900634766 0.8618213540315627 0.5432791900634766 0.8618213540315627 0.5519270497560501 0.8548777770996093 0.5519270497560501
0 0.17480010986328126 0.48219635009765627 0.18134326219558716 0.48219635009765627 0.18134326219558716 0.4900093245506287 0.17480010986328126 0.4900093245506287
0 0.545447769165039 0.4726662826538086 0.553067523241043 0.4726662826538086 0.553067523241043 0.4819934743642807 0.545447769165039 0.4819934743642807
0 0.15947920799255372 0.6356204986572266 0.1665949934720993 0.6356204986572266 0.1665949934720993 0.6446615684032441 0.15947920799255372 0.6446615684032441
0 0.5349680328369141 0.5266535186767578 0.5420161741971969 0.5266535186767578 0.5420161741971969 0.5354762613773345 0.5349680328369141 0.5354762613773345
0 0.7974569702148437 0.32875843048095704 0.8052089083194732 0.32875843048095704 0.8052089083194732 0.339045284986496 0.7974569702148437 0.339045284986496
0 0.5111098098754883 0.6982891082763671 0.5185272371768951 0.6982891082763671 0.5185272371768951 0.7076759517192841 0.5111098098754883 0.7076759517192841
0 0.4664210891723633 0.37382102966308595 0.4733162581920624 0.37382102966308595 0.4733162581920624 0.3831135135889054 0.4664210891723633 0.3831135135889054
0 0.1920255470275879 0.4833488464355469 0.19856124699115751 0.4833488464355469 0.19856124699115751 0.49247723937034604 0.1920255470275879 0.49247723937034604
0 0.14660650253295898 0.5438024139404297 0.15339947283267974 0.5438024139404297 0.15339947283267974 0.552061095237732 0.14660650253295898 0.552061095237732
0 0.7804900360107422 0.6335968780517578 0.7867050355672837 0.6335968780517578 0.7867050355672837 0.6416312235593795 0.7804900360107422 0.6416312235593795
0 0.8819107055664063 0.3369208526611328 0.8886114430427553 0.3369208526611328 0.8886114430427553 0.34492875218391417 0.8819107055664063 0.34492875218391417
0 0.7743406677246094 0.6851208496093749 0.7813346934318542 0.6851208496093749 0.7813346934318542 0.6940372002124785 0.7743406677246094 0.6940372002124785
0 0.8816629791259766 0.38580112457275384 0.8874801856279373 0.38580112457275384 0.8874801856279373 0.39314364612102504 0.8816629791259766 0.39314364612102504
0 0.17824445724487303 0.38088130950927734 0.18478536188602446 0.38088130950927734 0.18478536188602446 0.38988466680049894 0.17824445724487303 0.38988466680049894
0 0.22979164123535156 0.6970061492919922 0.23728883743286133 0.6970061492919922 0.23728883743286133 0.7062144726514816 0.22979164123535156 0.7062144726514816
0 0.8186516571044922 0.38184192657470706 0.82444331407547 0.38184192657470706 0.82444331407547 0.38943633675575257 0.8186516571044922 0.38943633675575257
0 0.4472003936767578 0.3894089889526367 0.45349828124046326 0.3894089889526367 0.45349828124046326 0.3982726061344147 0.4472003936767578 0.3982726061344147
0 0.16059061050415038 0.48339969635009766 0.16671062707901002 0.48339969635009766 0.16671062707901002 0.4919544613361359 0.16059061050415038 0.4919544613361359
0 0.5482473373413086 0.6400466918945312 0.5563292318582534 0.6400466918945312 0.5563292318582534 0.648889673948288 0.5482473373413086 0.648889673948288
0 0.1659494400024414 0.5355279541015625 0.17271934509277345 0.5355279541015625 0.17271934509277345 0.5433219540119172 0.1659494400024414 0.5433219540119172
0 0.8617471313476562 0.6296721649169922 0.8683065181970596 0.6296721649169922 0.8683065181970596 0.6386756014823913 0.8617471313476562 0.6386756014823913
0 0.8643107604980469 0.33400039672851556 0.8715524750947952 0.33400039672851556 0.8715524750947952 0.343960867524147 0.8643107604980469 0.343960867524147
0 0.17192989349365234 0.6960702514648438 0.1777219492197037 0.6960702514648438 0.1777219492197037 0.7043233591318131 0.17192989349365234 0.7043233591318131
0 0.8109708404541016 0.6923122406005859 0.8175613951683046 0.6923122406005859 0.8175613951683046 0.7009582024812698 0.8109708404541016 0.7009582024812698
0 0.1937125015258789 0.37652805328369143 0.1998279345035553 0.37652805328369143 0.1998279345035553 0.38455314874649055 0.1937125015258789 0.38455314874649055
0 0.4485319137573242 0.5305014038085938 0.4557004398107528 0.5305014038085938 0.4557004398107528 0.539016045331955 0.4485319137573242 0.539016045331955
0 0.21415096282958984 0.3186274719238281 0.22193228006362914 0.3186274719238281 0.22193228006362914 0.32902880787849426 0.21415096282958984 0.32902880787849426
0 0.8019876861572266 0.5493611526489258 0.808686531186104 0.5493611526489258 0.808686531186104 0.5579930418729783 0.8019876861572266 0.5579930418729783
0 0.503295783996582 0.5404177474975586 0.5108884507417678 0.5404177474975586 0.5108884507417678 0.5502686005830765 0.503295783996582 0.5502686005830765
0 0.4658185958862305 0.6893836975097656 0.473056555390358 0.6893836975097656 0.473056555390358 0.6991446578502655 0.4658185958862305 0.6991446578502655
0 0.4696194839477539 0.6421617126464844 0.4782723408937454 0.6421617126464844 0.4782723408937454 0.6520181393623352 0.4696194839477539 0.6520181393623352
0 0.528069839477539 0.64452880859375 0.5355106282234192 0.64452880859375 0.5355106282234192 0.6557111692428588 0.528069839477539 0.6557111692428588
0 0.15501279830932618 0.6926010131835938 0.16259990572929384 0.6926010131835938 0.16259990572929384 0.7022727137804032 0.15501279830932618 0.7022727137804032
0 0.49182823181152346 0.6418391418457031 0.49864678144454955 0.6418391418457031 0.49864678144454955 0.651873060464859 0.49182823181152346 0.651873060464859
0 0.8393014526367187 0.33677421569824223 0.8471179741621018 0.33677421569824223 0.8471179741621018 0.34635673522949223 0.8393014526367187 0.34635673522949223
0 0.8208738708496094 0.4956269073486328 0.8280007898807527 0.4956269073486328 0.8280007898807527 0.5056594431400299 0.8208738708496094 0.5056594431400299
0 0.8394168090820312 0.4926040649414062 0.8471438479423522 0.4926040649414062 0.8471438479423522 0.5015180438756942 0.8394168090820312 0.5015180438756942
0 0.8394029998779297 0.6342013931274414 0.847045287489891 0.6342013931274414 0.847045287489891 0.6438226127624512 0.8394029998779297 0.6438226127624512
0 0.5085219955444336 0.36889427185058593 0.5151304703950881 0.36889427185058593 0.5151304703950881 0.37912758231163024 0.5085219955444336 0.37912758231163024
0 0.8173523712158203 0.33454174041748047 0.8235891944169997 0.33454174041748047 0.8235891944169997 0.3441635930538178 0.8173523712158203 0.3441635930538178
0 0.18278348922729493 0.6398180389404297 0.19088637948036194 0.6398180389404297 0.19088637948036194 0.6501882445812225 0.18278348922729493 0.6501882445812225
0 0.5023682403564453 0.33016128540039064 0.5094141340255738 0.33016128540039064 0.5094141340255738 0.3385983085632324 0.5023682403564453 0.3385983085632324
0 0.8179688262939453 0.5424014282226562 0.8246511113643646 0.5424014282226562 0.8246511113643646 0.5503857278823853 0.8179688262939453 0.5503857278823853
0 0.4678199005126953 0.3294093704223633 0.4746469664573669 0.3294093704223633 0.4746469664573669 0.3384195274114609 0.4678199005126953 0.3384195274114609
0 0.21570537567138673 0.37077392578124996 0.22332570672035218 0.37077392578124996 0.22332570672035218 0.38074285626411436 0.21570537567138673 0.38074285626411436
0 0.17522865295410156 0.32870006561279297 0.18276707112789153 0.32870006561279297 0.18276707112789153 0.339430947303772 0.17522865295410156 0.339430947303772
0 0.8410960388183594 0.38889667510986325 0.8480974572896958 0.38889667510986325 0.8480974572896958 0.39700636565685266 0.8410960388183594 0.39700636565685266
0 0.1536295758185987 0.37922679371807194 0.15987468052667184 0.37922679371807194 0.15987468052667184 0.38701861347819616 0.1536295758185987 0.38701861347819616
0 0.1848550993589643 0.537289423137738 0.1919328846947805 0.537289423137738 0.1919328846947805 0.5439681257892731 0.1848550993589643 0.5439681257892731
0 0.19942701034446828 0.5350631889205596 0.20692113599415599 0.5350631889205596 0.20692113599415599 0.54842059422363 0.19942701034446828 0.54842059422363
0 0.21524794227158683 0.6458183412251848 0.22190938729353152 0.6458183412251848 0.22190938729353152 0.6586191879739606 0.21524794227158683 0.6586191879739606
0 0.4887835284851894 0.5328369547033812 0.4950286331932625 0.5328369547033812 0.4950286331932625 0.5456378014521569 0.4887835284851894 0.5456378014521569
0 0.5270868373613712 0.36419971275211765 0.5337482823833158 0.36419971275211765 0.5337482823833158 0.37755711805518805 0.5270868373613712 0.37755711805518805
