0 0.4924171447753906 0.633651237487793 0.5000842130184173 0.633651237487793 0.5000842130184173 0.6433729046583175 0.4924171447753906 0.6433729046583175
0 0.4700430297851563 0.5308730697631836 0.47752938807010653 0.5308730697631836 0.47752938807010653 0.5399062728881836 0.4700430297851563 0.5399062728881836
0 0.46703487396240234 0.6347505569458007 0.4745526957511902 0.6347505569458007 0.4745526957511902 0.644484320282936 0.46703487396240234 0.644484320282936
0 0.5156857681274414 0.6332372665405274 0.5231995391845703 0.6332372665405274 0.5231995391845703 0.6431760746240616 0.5156857681274414 0.6431760746240616
0 0.5169670486450195 0.31258689880371093 0.5242797935009003 0.31258689880371093 0.5242797935009003 0.32185910344123836 0.5169670486450195 0.32185910344123836
0 0.49379787445068357 0.162946720123291 0.5013240653276443 0.162946720123291 0.5013240653276443 0.1731076896190643 0.49379787445068357 0.1731076896190643
0 0.5396001815795899 0.22800298690795898 0.5472028434276581 0.22800298690795898 0.5472028434276581 0.2375379711389542 0.5396001815795899 0.2375379711389542
0 0.49079532623291017 0.3142055892944336 0.49801299989223485 0.3142055892944336 0.49801299989223485 0.32282022356987 0.49079532623291017 0.32282022356987
0 0.4928029251098633 0.5342948532104492 0.49954577207565304 0.5342948532104492 0.49954577207565304 0.5436720907688142 0.4928029251098633 0.5436720907688142
0 0.5163433456420898 0.35196067810058596 0.5231665676832199 0.35196067810058596 0.5231665676832199 0.3608854097127914 0.5163433456420898 0.3608854097127914
0 0.4765391159057617 0.3570538330078125 0.4834439545869827 0.3570538330078125 0.4834439545869827 0.3653541398048401 0.4765391159057617 0.3653541398048401
0 0.5451285934448242 0.3102605056762695 0.5526044535636903 0.3102605056762695 0.5526044535636903 0.32063723325729365 0.5451285934448242 0.32063723325729365
0 0.45118400573730466 0.21855974197387695 0.4580094456672668 0.21855974197387695 0.4580094456672668 0.22739803969860076 0.45118400573730466 0.22739803969860076
0 0.46784393310546873 0.3094597625732422 0.4751985216140747 0.3094597625732422 0.4751985216140747 0.3184628236293793 0.46784393310546873 0.3184628236293793
0 0.4452324295043945 0.6331282806396484 0.4529612427949905 0.6331282806396484 0.4529612427949905 0.6421447622776031 0.4452324295043945 0.6421447622776031
0 0.44708602905273437 0.31239973068237303 0.4547407072782516 0.31239973068237303 0.4547407072782516 0.3210741943120956 0.44708602905273437 0.3210741943120956
0 0.52637939453125 0.47105979919433594 0.5327425462007523 0.47105979919433594 0.5327425462007523 0.4794224059581757 0.52637939453125 0.4794224059581757
0 0.4980583572387695 0.355792350769043 0.5049708253145219 0.355792350769043 0.5049708253145219 0.3644095343351364 0.4980583572387695 0.3644095343351364
0 0.5443259048461914 0.5273551940917969 0.5527426648139954 0.5273551940917969 0.5527426648139954 0.5376764607429505 0.5443259048461914 0.5376764607429505
0 0.5084563064575195 0.2247022819519043 0.5159506785869598 0.2247022819519043 0.5159506785869598 0.23463185966014863 0.5084563064575195 0.23463185966014863
0 0.45218280792236326 0.35784912109375 0.45888945996761316 0.35784912109375 0.45888945996761316 0.3665102231502533 0.45218280792236326 0.3665102231502533
0 0.5030256652832031 0.4701616287231446 0.5108192986249924 0.4701616287231446 0.5108192986249924 0.48012783169746404 0.5030256652832031 0.48012783169746404
0 0.5457861328125 0.4657981491088867 0.5533552020788193 0.4657981491088867 0.5533552020788193 0.47469062328338624 0.5457861328125 0.47469062328338624
0 0.5186235809326172 0.5281805038452149 0.5259449607133865 0.5281805038452149 0.5259449607133865 0.5384288763999939 0.5186235809326172 0.5384288763999939
0 0.4547255325317383 0.4726617050170898 0.46292766392230994 0.4726617050170898 0.46292766392230994 0.48105735957622525 0.4547255325317383 0.48105735957622525
0 0.5406587982177734 0.34771022796630857 0.5477884972095489 0.34771022796630857 0.5477884972095489 0.3563451606035232 0.5406587982177734 0.3563451606035232
0 0.44857547760009764 0.16491107940673827 0.45639294564723965 0.16491107940673827 0.45639294564723965 0.1747837436199188 0.44857547760009764 0.1747837436199188
0 0.44868350982666017 0.5303194427490234 0.45627570390701294 0.5303194427490234 0.45627570390701294 0.5403645491600036 0.44868350982666017 0.5403645491600036
0 0.49030723571777346 0.22114387512207032 0.4968320238590241 0.22114387512207032 0.4968320238590241 0.23078861594200137 0.49030723571777346 0.23078861594200137
0 0.4708675765991211 0.16175998687744142 0.4783811110258102 0.16175998687744142 0.4783811110258102 0.17171886742115022 0.4708675765991211 0.17171886742115022
0 0.5445435714721679 0.6296735763549804 0.5518302935361862 0.6296735763549804 0.5518302935361862 0.6398225688934326 0.5445435714721679 0.6398225688934326
0 0.47971622467041014 0.4724287414550781 0.48804341316223143 0.4724287414550781 0.48804341316223143 0.4820030385255814 0.47971622467041014 0.4820030385255814
0 0.4720867156982422 0.21761447906494139 0.4794455623626709 0.21761447906494139 0.4794455623626709 0.22573258996009826 0.4720867156982422 0.22573258996009826
0 0.6416301727294922 0.5917622756958008 0.6526794290542602 0.5917622756958008 0.6526794290542602 0.6048096466064452 0.6416301727294922 0.6048096466064452
0 0.5420954513549805 0.1594778823852539 0.5507209253311157 0.1594778823852539 0.5507209253311157 0.17013466358184814 0.5420954513549805 0.17013466358184814
