0 0.7886797332763672 0.31317245483398437 0.7966490793228149 0.31317245483398437 0.7966490793228149 0.321897280216217 0.7886797332763672 0.321897280216217
0 0.1968982696533203 0.21590160369873046 0.20472639799118042 0.21590160369873046 0.20472639799118042 0.22529038429260254 0.1968982696533203 0.22529038429260254
0 0.8191075897216797 0.3133773612976074 0.8269419133663178 0.3133773612976074 0.8269419133663178 0.3225914758443832 0.8191075897216797 0.3225914758443832
0 0.8291497039794922 0.5308001327514649 0.83696102142334 0.5308001327514649 0.83696102142334 0.5403787785768509 0.8291497039794922 0.5403787785768509
0 0.21062137603759765 0.823228759765625 0.21660622179508207 0.823228759765625 0.21660622179508207 0.8315761870145798 0.21062137603759765 0.8315761870145798
0 0.25162429809570314 0.5227689361572265 0.2599206733703614 0.5227689361572265 0.2599206733703614 0.5334259748458862 0.25162429809570314 0.5334259748458862
0 0.8129366302490234 0.6797190093994141 0.821264853477478 0.6797190093994141 0.821264853477478 0.689067429304123 0.8129366302490234 0.689067429304123
0 0.274034309387207 0.5124965667724609 0.28187649905681605 0.5124965667724609 0.28187649905681605 0.5232107269763946 0.274034309387207 0.5232107269763946
0 0.764757308959961 0.314213809967041 0.772442889213562 0.314213809967041 0.772442889213562 0.32389278411865235 0.764757308959961 0.32389278411865235
0 0.48444835662841795 0.14672779083251952 0.4916355419158936 0.14672779083251952 0.4916355419158936 0.15555001974105834 0.48444835662841795 0.15555001974105834
0 0.524918327331543 0.83254638671875 0.5324094462394715 0.83254638671875 0.5324094462394715 0.8423245823383331 0.524918327331543 0.8423245823383331
0 0.7989839172363281 0.7825606536865234 0.8067967128753661 0.7825606536865234 0.8067967128753661 0.792025846838951 0.7989839172363281 0.792025846838951
0 0.5259552001953125 0.6350012588500976 0.5345621037483215 0.6350012588500976 0.5345621037483215 0.6456635546684265 0.5259552001953125 0.6456635546684265
0 0.592952995300293 0.5218810653686523 0.6013729488849641 0.5218810653686523 0.6013729488849641 0.5312825351953505 0.592952995300293 0.5312825351953505
0 0.5797968673706054 0.20830034255981444 0.5879944449663161 0.20830034255981444 0.5879944449663161 0.21849967718124388 0.5797968673706054 0.21849967718124388
0 0.2555943298339844 0.3113749122619629 0.2631794857978821 0.3113749122619629 0.2631794857978821 0.32106894731521607 0.2555943298339844 0.32106894731521607
0 0.5541649246215821 0.8317410278320313 0.5618405687808992 0.8317410278320313 0.5618405687808992 0.8423456490039827 0.5541649246215821 0.8423456490039827
0 0.5614127349853516 0.6842861175537109 0.569528695344925 0.6842861175537109 0.569528695344925 0.6951858735084534 0.5614127349853516 0.6951858735084534
0 0.18711055755615236 0.8213316345214844 0.19373609542846681 0.8213316345214844 0.19373609542846681 0.8299793356657029 0.18711055755615236 0.8299793356657029
0 0.5523873901367188 0.2070573806762695 0.5596500414609908 0.2070573806762695 0.5596500414609908 0.21706758141517637 0.5523873901367188 0.21706758141517637
0 0.7947879028320313 0.5330839157104492 0.8023586869239807 0.5330839157104492 0.8023586869239807 0.5435038101673126 0.7947879028320313 0.5435038101673126
0 0.27962722778320315 0.3662820053100586 0.28766920089721676 0.3662820053100586 0.28766920089721676 0.3753196358680725 0.27962722778320315 0.3753196358680725
0 0.5839704132080078 0.7823874664306641 0.592217788696289 0.7823874664306641 0.592217788696289 0.791733118891716 0.5839704132080078 0.791733118891716
0 0.8101590728759765 0.6255280685424804 0.8173486238718032 0.6255280685424804 0.8173486238718032 0.6354029953479766 0.8101590728759765 0.6354029953479766
0 0.2479998779296875 0.7736782836914062 0.2554814749956131 0.7736782836914062 0.2554814749956131 0.7834081733226776 0.2479998779296875 0.7834081733226776
0 0.5678536605834961 0.37567752838134766 0.575965126156807 0.37567752838134766 0.575965126156807 0.3850519198179245 0.5678536605834961 0.3850519198179245
0 0.5262589645385742 0.7828840637207031 0.5339987188577652 0.7828840637207031 0.5339987188577652 0.7918499857187271 0.5262589645385742 0.7918499857187271
0 0.4776594543457031 0.51828125 0.4861562043428421 0.51828125 0.4861562043428421 0.5281398904323579 0.4776594543457031 0.5281398904323579
0 0.17018203735351561 0.21653085708618164 0.17675390303134916 0.21653085708618164 0.17675390303134916 0.22529732763767243 0.17018203735351561 0.22529732763767243
0 0.7724094390869141 0.2150304412841797 0.7800998687744141 0.2150304412841797 0.7800998687744141 0.22434241354465487 0.7724094390869141 0.22434241354465487
0 0.20850126266479493 0.36544490814208985 0.21647912561893465 0.36544490814208985 0.21647912561893465 0.3749410140514374 0.20850126266479493 0.3749410140514374
0 0.4896702194213867 0.6885020446777345 0.4979921144247055 0.6885020446777345 0.4979921144247055 0.6984048408269883 0.4896702194213867 0.6984048408269883
0 0.4704731369018555 0.3772261428833008 0.47837361156940467 0.3772261428833008 0.47837361156940467 0.3872703003883362 0.4704731369018555 0.3872703003883362
0 0.1870737838745117 0.6581425476074219 0.1934175956249237 0.6581425476074219 0.1934175956249237 0.6662707382440567 0.1870737838745117 0.6662707382440567
0 0.6002054595947266 0.6855439758300781 0.60749200463295 0.6855439758300781 0.60749200463295 0.6944582712650299 0.6002054595947266 0.6944582712650299
0 0.5625269317626953 0.14713397979736328 0.5705438286066055 0.14713397979736328 0.5705438286066055 0.15688693523406982 0.5625269317626953 0.15688693523406982
0 0.7726042175292969 0.5142962646484375 0.7805764615535735 0.5142962646484375 0.7805764615535735 0.5237022405862808 0.7726042175292969 0.5237022405862808
0 0.8263095092773437 0.4726139450073242 0.8340719747543334 0.4726139450073242 0.8340719747543334 0.4820788216590881 0.8263095092773437 0.4820788216590881
0 0.4598826217651367 0.7917662048339844 0.4669695901870728 0.7917662048339844 0.4669695901870728 0.8005394554138183 0.4598826217651367 0.8005394554138183
0 0.5835432815551758 0.31859344482421875 0.5912211138010025 0.31859344482421875 0.5912211138010025 0.3294676053524017 0.5835432815551758 0.3294676053524017
0 0.49674888610839846 0.7793812561035156 0.5052037930488587 0.7793812561035156 0.5052037930488587 0.7893427151441573 0.49674888610839846 0.7893427151441573
0 0.16460895538330078 0.8204312896728516 0.17163783073425293 0.8204312896728516 0.17163783073425293 0.8298828047513962 0.16460895538330078 0.8298828047513962
0 0.770926742553711 0.7804001617431641 0.778111503124237 0.7804001617431641 0.778111503124237 0.7893224424123764 0.770926742553711 0.7893224424123764
0 0.2087838363647461 0.4685066604614258 0.2162180310487747 0.4685066604614258 0.2162180310487747 0.4788551235198975 0.2087838363647461 0.4788551235198975
0 0.5518770599365235 0.7847872161865235 0.5599506151676178 0.7847872161865235 0.5599506151676178 0.794189950823784 0.5518770599365235 0.794189950823784
0 0.4969865798950195 0.8330928039550781 0.5048129194974899 0.8330928039550781 0.5048129194974899 0.8422338461875916 0.4969865798950195 0.8422338461875916
0 0.4434608840942383 0.45860904693603516 0.45060152411460874 0.45860904693603516 0.45060152411460874 0.4678447651863098 0.4434608840942383 0.4678447651863098
0 0.8672476959228516 0.22672517776489257 0.8752822762727738 0.22672517776489257 0.8752822762727738 0.23635363161563874 0.8672476959228516 0.23635363161563874
0 0.7986032104492188 0.47280548095703123 0.8070873337984086 0.47280548095703123 0.8070873337984086 0.4821747332811356 0.7986032104492188 0.4821747332811356
0 0.7978286743164062 0.8269849395751954 0.8055876505374908 0.8269849395751954 0.8055876505374908 0.8367586290836335 0.7978286743164062 0.8367586290836335
0 0.5731010818481446 0.4593522644042969 0.581012527346611 0.4593522644042969 0.581012527346611 0.46932502925395975 0.5731010818481446 0.46932502925395975
0 0.1799086570739746 0.314547119140625 0.18781032919883728 0.314547119140625 0.18781032919883728 0.32365019261837 0.1799086570739746 0.32365019261837
0 0.5361377334594727 0.46263072967529295 0.5434502416849136 0.46263072967529295 0.5434502416849136 0.47160190939903257 0.5361377334594727 0.47160190939903257
0 0.22313642501831055 0.21252172470092776 0.23020826756954194 0.21252172470092776 0.23020826756954194 0.22162873148918155 0.22313642501831055 0.22162873148918155
0 0.4745414352416992 0.4583418273925781 0.48152008354663844 0.4583418273925781 0.48152008354663844 0.4673236805200576 0.4745414352416992 0.4673236805200576
0 0.5613797760009765 0.632215347290039 0.5700310361385346 0.632215347290039 0.5700310361385346 0.6418077492713928 0.5613797760009765 0.6418077492713928
0 0.504537239074707 0.4661379241943359 0.5122519761323929 0.4661379241943359 0.5122519761323929 0.4752897977828979 0.504537239074707 0.4752897977828979
0 0.5497523117065429 0.3180508804321289 0.5567349821329116 0.3180508804321289 0.5567349821329116 0.327672712802887 0.5497523117065429 0.327672712802887
0 0.7655376434326172 0.827903366088867 0.773704880475998 0.827903366088867 0.773704880475998 0.8366579580307005 0.7655376434326172 0.8366579580307005
0 0.8509600067138672 0.3093897247314453 0.8589531284570693 0.3093897247314453 0.8589531284570693 0.3184071946144104 0.8509600067138672 0.3184071946144104
0 0.8146190643310547 0.8140225982666016 0.8217328536510468 0.8140225982666016 0.8217328536510468 0.8223621195554733 0.8146190643310547 0.8223621195554733
0 0.7703248596191407 0.6786736297607422 0.7780484092235566 0.6786736297607422 0.7780484092235566 0.6895431053638458 0.7703248596191407 0.6895431053638458
0 0.2744551658630371 0.4588428878784179 0.28270883977413175 0.4588428878784179 0.28270883977413175 0.4696282029151916 0.2744551658630371 0.4696282029151916
0 0.5210383224487305 0.21214540481567382 0.528284295797348 0.21214540481567382 0.528284295797348 0.22183155357837678 0.5210383224487305 0.22183155357837678
0 0.2576665496826172 0.2113824844360352 0.26481348872184757 0.2113824844360352 0.26481348872184757 0.22123142004013066 0.2576665496826172 0.22123142004013066
0 0.8389476013183593 0.37123611450195315 0.8462704598903655 0.37123611450195315 0.8462704598903655 0.3820336449146271 0.8389476013183593 0.3820336449146271
0 0.4941773223876953 0.31524900436401365 0.5017867857217788 0.31524900436401365 0.5017867857217788 0.3249055051803589 0.4941773223876953 0.3249055051803589
0 0.44523590087890624 0.2118221092224121 0.4534101468324661 0.2118221092224121 0.4534101468324661 0.2210504549741745 0.44523590087890624 0.2210504549741745
0 0.8149574279785157 0.16977373123168946 0.8226822197437287 0.16977373123168946 0.8226822197437287 0.17919012367725373 0.8149574279785157 0.17919012367725373
0 0.19823844909667968 0.15119635581970214 0.20703443109989164 0.15119635581970214 0.20703443109989164 0.16228500843048096 0.19823844909667968 0.16228500843048096
0 0.20778915405273438 0.5178814697265625 0.215498183965683 0.5178814697265625 0.215498183965683 0.5286637413501739 0.20778915405273438 0.5286637413501739
0 0.5158678436279297 0.5242159271240234 0.5239406895637513 0.5242159271240234 0.5239406895637513 0.5336291766166686 0.5158678436279297 0.5336291766166686
0 0.7965306854248047 0.17005977630615238 0.8042938011884689 0.17005977630615238 0.8042938011884689 0.17961788594722752 0.7965306854248047 0.17961788594722752
0 0.182620849609375 0.7687562561035156 0.18917705714702604 0.7687562561035156 0.18917705714702604 0.7784907311201095 0.182620849609375 0.7784907311201095
0 0.26077898025512697 0.15096303939819336 0.26931234002113347 0.15096303939819336 0.26931234002113347 0.16188891530036928 0.26077898025512697 0.16188891530036928
0 0.5360960006713867 0.14871695518493652 0.5429055017232897 0.14871695518493652 0.5429055017232897 0.1575131630897522 0.5360960006713867 0.1575131630897522
0 0.8383784484863281 0.22220539093017577 0.8464866024255753 0.22220539093017577 0.8464866024255753 0.23185655534267427 0.8383784484863281 0.23185655534267427
0 0.4412042999267578 0.38241458892822267 0.44752238512039183 0.38241458892822267 0.44752238512039183 0.3904538363218308 0.4412042999267578 0.3904538363218308
0 0.8460234832763672 0.1695442581176758 0.8543066400289536 0.1695442581176758 0.8543066400289536 0.17986823201179505 0.8460234832763672 0.17986823201179505
0 0.552554702758789 0.5272228240966796 0.5603903865814208 0.5272228240966796 0.5603903865814208 0.5374850714206696 0.552554702758789 0.5374850714206696
0 0.521722183227539 0.31612497329711914 0.5296138751506805 0.31612497329711914 0.5296138751506805 0.32675133585929866 0.521722183227539 0.32675133585929866
0 0.8893657684326172 0.1801320838928223 0.8966368180513382 0.1801320838928223 0.8966368180513382 0.188647021651268 0.8893657684326172 0.188647021651268
0 0.5209883499145508 0.6867754364013672 0.5279620897769928 0.6867754364013672 0.5279620897769928 0.6967662274837494 0.5209883499145508 0.6967662274837494
0 0.7588116455078125 0.35832828521728516 0.7666259199380875 0.35832828521728516 0.7666259199380875 0.3686903464794159 0.7588116455078125 0.3686903464794159
0 0.5951397705078125 0.6320252227783203 0.6024902486801148 0.6320252227783203 0.6024902486801148 0.6404845613241196 0.5951397705078125 0.6404845613241196
0 0.20748233795166016 0.7737090301513673 0.21383565723896028 0.7737090301513673 0.21383565723896028 0.7829642367362977 0.20748233795166016 0.7829642367362977
0 0.16266403198242188 0.3632137298583985 0.16928160011768342 0.3632137298583985 0.16928160011768342 0.37239481687545783 0.16266403198242188 0.37239481687545783
0 0.5103264236450196 0.14889028549194336 0.5182411813735963 0.14889028549194336 0.5182411813735963 0.15900330543518065 0.5103264236450196 0.15900330543518065
0 0.4663760757446289 0.14540257453918456 0.47333848953247065 0.14540257453918456 0.47333848953247065 0.15542499899864196 0.4663760757446289 0.15542499899864196
0 0.4694145965576172 0.21196775436401366 0.4762089866399765 0.21196775436401366 0.4762089866399765 0.2212515217065811 0.4694145965576172 0.2212515217065811
0 0.49060302734375 0.6318517303466797 0.4979767191410065 0.6318517303466797 0.4979767191410065 0.6407344800233842 0.49060302734375 0.6407344800233842
0 0.15755799293518066 0.512337417602539 0.1649648779630661 0.512337417602539 0.1649648779630661 0.5204238641262053 0.15755799293518066 0.5204238641262053
0 0.45726516723632815 0.31473508834838865 0.46403959631919867 0.31473508834838865 0.46403959631919867 0.3236689907312393 0.45726516723632815 0.3236689907312393
0 0.23281333923339845 0.8178736877441407 0.24093882203102113 0.8178736877441407 0.24093882203102113 0.8274773168563844 0.23281333923339845 0.8274773168563844
0 0.7777236175537109 0.6243191528320312 0.7855704200267791 0.6243191528320312 0.7855704200267791 0.6347092020511627 0.7777236175537109 0.6347092020511627
0 0.4415144348144531 0.5298276519775391 0.44891054153442383 0.5298276519775391 0.44891054153442383 0.5393838441371919 0.4415144348144531 0.5393838441371919
0 0.15831592559814453 0.6067368316650391 0.1655556297302246 0.6067368316650391 0.1655556297302246 0.6162278378009797 0.15831592559814453 0.6162278378009797
0 0.49472740173339846 0.38068050384521485 0.5018571597337723 0.38068050384521485 0.5018571597337723 0.39141387581825254 0.49472740173339846 0.39141387581825254
0 0.21193086624145507 0.6087458038330078 0.2195458298921585 0.6087458038330078 0.2195458298921585 0.6175351828336715 0.21193086624145507 0.6175351828336715
0 0.76827392578125 0.16167470932006836 0.7753728705644606 0.16167470932006836 0.7753728705644606 0.17195632696151736 0.76827392578125 0.17195632696151736
0 0.9120347595214844 0.5316712951660156 0.918777015209198 0.5316712951660156 0.918777015209198 0.5409679692983628 0.9120347595214844 0.5409679692983628
0 0.4642594146728516 0.8327989196777343 0.4721979773044586 0.8327989196777343 0.4721979773044586 0.8433025002479553 0.4642594146728516 0.8433025002479553
0 0.891620864868164 0.48044021606445314 0.8996243363618851 0.48044021606445314 0.8996243363618851 0.4899761688709259 0.891620864868164 0.4899761688709259
0 0.7837187194824219 0.3683591842651367 0.7920323348045349 0.3683591842651367 0.7920323348045349 0.380410623550415 0.7837187194824219 0.380410623550415
0 0.8818830108642578 0.31729951858520505 0.8887816393375396 0.31729951858520505 0.8887816393375396 0.3261442202329636 0.8818830108642578 0.3261442202329636
0 0.22575504302978516 0.14959774017333985 0.23496830582618716 0.14959774017333985 0.23496830582618716 0.16048789024353027 0.22575504302978516 0.16048789024353027
0 0.16252883911132812 0.7629796600341797 0.16916539192199706 0.7629796600341797 0.16916539192199706 0.7716506052017212 0.16252883911132812 0.7716506052017212
0 0.231877384185791 0.607027816772461 0.23892592430114745 0.607027816772461 0.23892592430114745 0.6169117963314057 0.231877384185791 0.6169117963314057
0 0.210545654296875 0.6642474365234375 0.2183025896549225 0.6642474365234375 0.2183025896549225 0.6730349177122116 0.210545654296875 0.6730349177122116
0 0.2225379753112793 0.3027163314819336 0.23100988566875458 0.3027163314819336 0.23100988566875458 0.31422171592712406 0.2225379753112793 0.31422171592712406
0 0.8972613525390625 0.36683998107910154 0.9046875923871993 0.36683998107910154 0.9046875923871993 0.37600003778934477 0.8972613525390625 0.37600003778934477
0 0.8362339782714844 0.6290358352661133 0.8444113880395889 0.6290358352661133 0.8444113880395889 0.6374735105037689 0.8362339782714844 0.6374735105037689
0 0.1230803108215332 0.36833160400390624 0.1306577926874161 0.36833160400390624 0.1306577926874161 0.3775815135240555 0.1230803108215332 0.3775815135240555
0 0.833590087890625 0.6788442993164062 0.840733152627945 0.6788442993164062 0.840733152627945 0.6884259492158891 0.833590087890625 0.6884259492158891
0 0.5268350982666016 0.3787175369262695 0.5358188581466675 0.3787175369262695 0.5358188581466675 0.3901394522190094 0.5268350982666016 0.3901394522190094
0 0.7699473571777343 0.47304702758789063 0.7780874478816985 0.47304702758789063 0.7780874478816985 0.48371537208557136 0.7699473571777343 0.48371537208557136
0 0.2587677764892578 0.6092535018920898 0.26697857201099395 0.6092535018920898 0.26697857201099395 0.6187653803825378 0.2587677764892578 0.6187653803825378
0 0.8618144989013672 0.47816375732421873 0.8703102731704712 0.47816375732421873 0.8703102731704712 0.48836987137794496 0.8618144989013672 0.48836987137794496
0 0.169716739654541 0.1511212158203125 0.17683610320091245 0.1511212158203125 0.17683610320091245 0.16115558862686155 0.169716739654541 0.16115558862686155
0 0.8718353271484375 0.3675310516357422 0.8800738906860351 0.3675310516357422 0.8800738906860351 0.37746938586235046 0.8718353271484375 0.37746938586235046
0 0.49698631286621087 0.21195884704589843 0.5049110060930252 0.21195884704589843 0.5049110060930252 0.22303795337677004 0.49698631286621087 0.22303795337677004
0 0.14777060508728027 0.36806976318359375 0.1537174814939499 0.36806976318359375 0.1537174814939499 0.37598215699195864 0.14777060508728027 0.37598215699195864
0 0.18303136825561522 0.615298194885254 0.19021104276180267 0.615298194885254 0.19021104276180267 0.6242942392826081 0.18303136825561522 0.6242942392826081
0 0.14074499130249024 0.817705078125 0.14829917132854462 0.817705078125 0.14829917132854462 0.8271613371372223 0.14074499130249024 0.8271613371372223
0 0.15489758491516115 0.6587508392333984 0.16213892996311188 0.6587508392333984 0.16213892996311188 0.6668294984102249 0.15489758491516115 0.6668294984102249
0 0.5862248229980469 0.828482666015625 0.5949220961332321 0.828482666015625 0.5949220961332321 0.8384243601560593 0.5862248229980469 0.8384243601560593
0 0.13369522094726563 0.5184617233276367 0.14127651751041415 0.5184617233276367 0.14127651751041415 0.5271785241365433 0.13369522094726563 0.5271785241365433
0 0.907117691040039 0.8216924285888672 0.9147402840852737 0.8216924285888672 0.9147402840852737 0.8291228264570236 0.907117691040039 0.8291228264570236
0 0.8631526184082031 0.7800301361083984 0.8698693835735322 0.7800301361083984 0.8698693835735322 0.7889411109685899 0.8631526184082031 0.7889411109685899
0 0.45044544219970706 0.6295381927490235 0.45850755333900456 0.6295381927490235 0.45850755333900456 0.6403298330307007 0.45044544219970706 0.6403298330307007
0 0.13249197808334057 0.14950275885461523 0.14105609833967817 0.14950275885461523 0.14105609833967817 0.16431834756993746 0.13249197808334057 0.16431834756993746
0 0.1395447830003245 0.2134791646707794 0.14710135969709298 0.2134791646707794 0.14710135969709298 0.22762131753540513 0.1395447830003245 0.22762131753540513
0 0.12191277070786473 0.31045392717107034 0.12997311918441778 0.31045392717107034 0.12997311918441778 0.32526951588639264 0.12191277070786473 0.32526951588639264
0 0.14458250079817012 0.31853515737942795 0.15365039283429233 0.31853515737942795 0.15365039283429233 0.32998356684126795 0.14458250079817012 0.32998356684126795
0 0.13601838054183255 0.4586098143242926 0.14760513147687754 0.4586098143242926 0.14760513147687754 0.4687113520847397 0.13601838054183255 0.4687113520847397
0 0.1405523265598936 0.7623293829883984 0.15062776215558493 0.7623293829883984 0.15062776215558493 0.7744512283009347 0.1405523265598936 0.7744512283009347
0 0.45037197112740107 0.6814648426205722 0.4594398631635232 0.6814648426205722 0.4594398631635232 0.6962804313358942 0.45037197112740107 0.6962804313358942
0 0.8876588931080418 0.2208869590284405 0.8957192415845948 0.2208869590284405 0.8957192415845948 0.23435567604236981 0.8876588931080418 0.23435567604236981
0 0.8659967065773057 0.5320143220502074 0.873553283274074 0.5320143220502074 0.873553283274074 0.5454830390641368 0.8659967065773057 0.5454830390641368
0 0.8624703041188136 0.6289890845504984 0.8725457397145048 0.6289890845504984 0.8725457397145048 0.6411109298630348 0.8624703041188136 0.6411109298630348
0 0.8659967065773057 0.6781499016513404 0.8725457397145048 0.6781499016513404 0.8725457397145048 0.6882514394117872 0.8659967065773057 0.6882514394117872
0 0.8952154698048104 0.6794967733527333 0.9017645029420097 0.6794967733527333 0.9017645029420097 0.6882514394117872 0.8952154698048104 0.6882514394117872
0 0.9057946771802863 0.6209078543421408 0.9123437103174855 0.6209078543421408 0.9123437103174855 0.6337031355053736 0.9057946771802863 0.6337031355053736
0 0.8347628562306626 0.7778184075544171 0.8453420636061384 0.7778184075544171 0.8453420636061384 0.7865730736134713 0.8347628562306626 0.7865730736134713
0 0.8579363581007526 0.822265173700384 0.8670042501368749 0.822265173700384 0.8670042501368749 0.8343870190129201 0.8579363581007526 0.8343870190129201
0 0.910832394978132 0.7717574848981489 0.9178851998951159 0.7717574848981489 0.9178851998951159 0.7818590226585956 0.910832394978132 0.7818590226585956
