0 0.7654158020019531 0.8347502136230469 0.7732952511310578 0.8347502136230469 0.7732952511310578 0.8435115253925324 0.7654158020019531 0.8435115253925324
0 0.4902326583862305 0.6351875686645507 0.49870211422443395 0.6351875686645507 0.49870211422443395 0.6453060829639434 0.4902326583862305 0.6453060829639434
0 0.5938591766357422 0.6366931915283203 0.6024570310115814 0.6366931915283203 0.6024570310115814 0.6464067941904068 0.5938591766357422 0.6464067941904068
0 0.7975497436523438 0.8342959594726563 0.805123130083084 0.8342959594726563 0.805123130083084 0.8435507708787918 0.7975497436523438 0.8435507708787918
0 0.5609247589111328 0.6899015045166016 0.5689682698249817 0.6899015045166016 0.5689682698249817 0.6999177527427672 0.5609247589111328 0.6999177527427672
0 0.48493476867675783 0.6894098663330078 0.49385947465896607 0.6894098663330078 0.49385947465896607 0.6997829174995422 0.48493476867675783 0.6997829174995422
0 0.5838390731811524 0.32022743225097655 0.591683983206749 0.32022743225097655 0.591683983206749 0.33116152048110964 0.5838390731811524 0.33116152048110964
0 0.5238652038574219 0.8354682159423829 0.5318655997514725 0.8354682159423829 0.5318655997514725 0.8450038522481917 0.5238652038574219 0.8450038522481917
0 0.5373358535766601 0.4701124954223633 0.5455926328897476 0.4701124954223633 0.5455926328897476 0.4787230777740478 0.5373358535766601 0.4787230777740478
0 0.5940463638305664 0.5304850006103515 0.6024727636575699 0.5304850006103515 0.6024727636575699 0.54036818921566 0.5940463638305664 0.54036818921566
0 0.5611431503295898 0.6369135665893555 0.5696811527013779 0.6369135665893555 0.5696811527013779 0.6461549377441407 0.5611431503295898 0.6461549377441407
0 0.5168525314331055 0.5319138717651367 0.5244392251968384 0.5319138717651367 0.5244392251968384 0.5416477537155151 0.5168525314331055 0.5416477537155151
0 0.4631740951538086 0.8362129974365234 0.4710781478881836 0.8362129974365234 0.4710781478881836 0.8458095109462738 0.4631740951538086 0.8458095109462738
0 0.5531462097167968 0.534970703125 0.5614683413505553 0.534970703125 0.5614683413505553 0.54499636054039 0.5531462097167968 0.54499636054039
0 0.5678833770751953 0.3774528503417969 0.5760587167739868 0.3774528503417969 0.5760587167739868 0.38714257657527923 0.5678833770751953 0.38714257657527923
0 0.2099970245361328 0.8326458740234375 0.216075034737587 0.8326458740234375 0.216075034737587 0.8409300523996353 0.2099970245361328 0.8409300523996353
0 0.49491004943847655 0.381758918762207 0.5021831101179123 0.381758918762207 0.5021831101179123 0.392138808965683 0.49491004943847655 0.392138808965683
0 0.5532735824584961 0.8351121520996094 0.5608951109647751 0.8351121520996094 0.5608951109647751 0.8448478919267655 0.5532735824584961 0.8448478919267655
0 0.5255277633666993 0.6394297027587891 0.5344480633735658 0.6394297027587891 0.5344480633735658 0.6499365651607514 0.5255277633666993 0.6499365651607514
0 0.5500053024291992 0.31981855392456054 0.5576209169626236 0.31981855392456054 0.5576209169626236 0.3295525938272476 0.5500053024291992 0.3295525938272476
0 0.5859988784790039 0.8329743957519531 0.5932756650447846 0.8329743957519531 0.5932756650447846 0.8414286345243454 0.5859988784790039 0.8414286345243454
0 0.5754239654541016 0.46688697814941404 0.5828594315052034 0.46688697814941404 0.5828594315052034 0.47743155241012575 0.5754239654541016 0.47743155241012575
0 0.49513179779052735 0.7829199981689453 0.5031425440311431 0.7829199981689453 0.5031425440311431 0.7929914319515228 0.49513179779052735 0.7929914319515228
0 0.5998066711425781 0.6906739044189453 0.6070657736063003 0.6906739044189453 0.6070657736063003 0.6997591298818587 0.5998066711425781 0.6997591298818587
0 0.24729509353637696 0.7830824279785156 0.25464765608310697 0.7830824279785156 0.25464765608310697 0.7929922604560851 0.24729509353637696 0.7929922604560851
0 0.45050655364990233 0.68684814453125 0.45820520401000975 0.68684814453125 0.45820520401000975 0.6968315827846526 0.45050655364990233 0.6968315827846526
0 0.519943733215332 0.6909748840332032 0.527540007829666 0.6909748840332032 0.527540007829666 0.70030013859272 0.519943733215332 0.70030013859272
0 0.5828640747070313 0.7856227111816406 0.5911139935255051 0.7856227111816406 0.5911139935255051 0.794998723268509 0.5828640747070313 0.794998723268509
0 0.5252846527099609 0.7858979797363281 0.5334297704696654 0.7858979797363281 0.5334297704696654 0.7949947482347488 0.5252846527099609 0.7949947482347488
0 0.47890567779541016 0.5246902465820312 0.48733450293540953 0.5246902465820312 0.48733450293540953 0.5345927262306214 0.47890567779541016 0.5345927262306214
0 0.47093006134033205 0.37848922729492185 0.47877127528190616 0.37848922729492185 0.47877127528190616 0.38810048580169676 0.47093006134033205 0.38810048580169676
0 0.45802539825439453 0.3158751678466797 0.46513223826885225 0.3158751678466797 0.46513223826885225 0.32450063347816466 0.45802539825439453 0.32450063347816466
0 0.232393798828125 0.8278541564941406 0.23952955961227415 0.8278541564941406 0.23952955961227415 0.836380736231804 0.232393798828125 0.836380736231804
0 0.4510363006591797 0.6340925598144531 0.4578983789682389 0.6340925598144531 0.4578983789682389 0.6441972386837005 0.4510363006591797 0.6441972386837005
0 0.44164936065673827 0.38315757751464846 0.44816604614257816 0.38315757751464846 0.44816604614257816 0.39120196342468266 0.44164936065673827 0.39120196342468266
0 0.4586429214477539 0.7955652618408203 0.46645994603633884 0.7955652618408203 0.46645994603633884 0.80480781853199 0.4586429214477539 0.80480781853199
0 0.5264966201782226 0.38111911773681645 0.5348205262422562 0.38111911773681645 0.5348205262422562 0.39236053586006164 0.5264966201782226 0.39236053586006164
0 0.20626754760742189 0.7834767913818359 0.21322001099586488 0.7834767913818359 0.21322001099586488 0.793107380270958 0.20626754760742189 0.793107380270958
0 0.9097995758056641 0.779773941040039 0.9150414431095123 0.779773941040039 0.9150414431095123 0.786164448261261 0.9097995758056641 0.786164448261261
0 0.5057077407836914 0.4729343795776367 0.5141322481632232 0.4729343795776367 0.5141322481632232 0.48242890417575834 0.5057077407836914 0.48242890417575834
0 0.49619197845458984 0.8362750244140625 0.5045607143640518 0.8362750244140625 0.5045607143640518 0.8461274582147599 0.49619197845458984 0.8461274582147599
0 0.18632638931274415 0.8303829193115233 0.19309941411018372 0.8303829193115233 0.19309941411018372 0.839932233095169 0.18632638931274415 0.839932233095169
0 0.4756788635253906 0.46287788391113277 0.48375416338443755 0.46287788391113277 0.48375416338443755 0.47269351482391353 0.4756788635253906 0.47269351482391353
0 0.5226239013671875 0.31781753540039065 0.5305289596319198 0.31781753540039065 0.5305289596319198 0.3274534803628922 0.5226239013671875 0.3274534803628922
0 0.4944859313964844 0.3164044761657715 0.5025128531455993 0.3164044761657715 0.5025128531455993 0.3270313930511475 0.4944859313964844 0.3270313930511475
0 0.1401312255859375 0.8278544616699218 0.14705490112304687 0.8278544616699218 0.14705490112304687 0.8367852014303206 0.1401312255859375 0.8367852014303206
0 0.4427213287353516 0.5351930236816407 0.4500890469551087 0.5351930236816407 0.4500890469551087 0.5452430713176728 0.4427213287353516 0.5452430713176728
0 0.44435585021972657 0.46250221252441404 0.45247175157070163 0.46250221252441404 0.45247175157070163 0.47268563628196714 0.44435585021972657 0.47268563628196714
0 0.9058727264404297 0.8266629791259765 0.9130755847692491 0.8266629791259765 0.9130755847692491 0.8340951162576676 0.9058727264404297 0.8340951162576676
0 0.1819505500793457 0.7776994323730468 0.18881466925144197 0.7776994323730468 0.18881466925144197 0.7881214225292206 0.1819505500793457 0.7881214225292206
0 0.7983961486816407 0.7882207489013672 0.8061783677339556 0.7882207489013672 0.8061783677339556 0.798130897283554 0.7983961486816407 0.798130897283554
0 0.8142224884033203 0.8206941223144532 0.8206524121761323 0.8206941223144532 0.8206524121761323 0.8293239557743073 0.8142224884033203 0.8293239557743073
0 0.7697232055664063 0.7861539459228516 0.7781286692619324 0.7861539459228516 0.7781286692619324 0.7957777351140976 0.7697232055664063 0.7957777351140976
0 0.1622025489807129 0.7717685699462891 0.16861808598041533 0.7717685699462891 0.16861808598041533 0.7801021617650986 0.1622025489807129 0.7801021617650986
0 0.5505149459838867 0.7863716125488283 0.5594525748491287 0.7863716125488283 0.5594525748491287 0.7972901058197022 0.5505149459838867 0.7972901058197022
0 0.16440256118774413 0.82985595703125 0.17104547202587125 0.82985595703125 0.17104547202587125 0.8398000228404999 0.16440256118774413 0.8398000228404999
0 0.1386635854031254 0.7751971461869296 0.14972716934486416 0.7751971461869296 0.14972716934486416 0.7840709430479716 0.1386635854031254 0.7840709430479716
0 0.8349318014698828 0.7840709430479716 0.8445202408860562 0.7840709430479716 0.8445202408860562 0.7939307173380188 0.8349318014698828 0.7939307173380188
0 0.8607468306672726 0.7811130107609578 0.8695976978206637 0.7811130107609578 0.8695976978206637 0.7949166947670235 0.8607468306672726 0.7949166947670235
0 0.8570589693533601 0.8284399273531833 0.8673849810323164 0.8284399273531833 0.8673849810323164 0.8412576339302442 0.8570589693533601 0.8412576339302442
