0 0.4537753403332797 0.30781711144184337 0.46168924712587917 0.30781711144184337 0.46168924712587917 0.31931625512561607 0.4537753403332797 0.31931625512561607
0 0.47304398295873945 0.3087370429365452 0.4806138068473128 0.3087370429365452 0.4806138068473128 0.3174763921362124 0.47304398295873945 0.3174763921362124
0 0.4947212059123815 0.30873704293654514 0.501602863992903 0.30873704293654514 0.501602863992903 0.3174763921362125 0.4947212059123815 0.3174763921362125
0 0.511925351113685 0.3110368716732997 0.5181188433861542 0.3110368716732997 0.5181188433861542 0.319316255125616 0.511925351113685 0.319316255125616
0 0.532226242451223 0.30919700868389605 0.5391079005317442 0.30919700868389605 0.5391079005317442 0.31931625512561607 0.532226242451223 0.31931625512561607
0 0.4589365838936706 0.3712923845762687 0.4665064077822441 0.3712923845762687 0.4665064077822441 0.38095166527063784 0.4589365838936706 0.38095166527063784
0 0.48439871879159957 0.36531282986070696 0.4909362939680949 0.36531282986070696 0.4909362939680949 0.37589204204977783 0.48439871879159957 0.37589204204977783
0 0.5074522733613462 0.3625530353766015 0.5146780143458936 0.3625530353766015 0.5146780143458936 0.3745121448077251 0.5074522733613462 0.3745121448077251
0 0.5267209159868059 0.3588733093977942 0.5356670714914835 0.3588733093977942 0.5356670714914835 0.36991248733421606 0.5267209159868059 0.36991248733421606
0 0.5497744705565524 0.3607131723871978 0.5576883773491519 0.3607131723871978 0.5576883773491519 0.36991248733421606 0.5497744705565524 0.36991248733421606
0 0.4623774129339313 0.4692650887620122 0.4685709052064006 0.4692650887620122 0.4685709052064006 0.479844300951083 0.4623774129339313 0.479844300951083
0 0.4854309675036778 0.4734047804881703 0.49575345462445986 0.4734047804881703 0.49575345462445986 0.4816841639404867 0.4854309675036778 0.4816841639404867
0 0.511925351113685 0.4757046092249249 0.5198392579062845 0.4757046092249249 0.5198392579062845 0.4872037529086976 0.511925351113685 0.4872037529086976
0 0.5449573099001874 0.4706449860040649 0.5518389679807086 0.4706449860040649 0.5518389679807086 0.48122419819313583 0.5449573099001874 0.48122419819313583
0 0.5686990302779861 0.47018502025671405 0.5755806883585072 0.47018502025671405 0.5755806883585072 0.4793843352037322 0.5686990302779861 0.4793843352037322
0 0.48577505040770386 0.5290606359176303 0.49575345462445986 0.5290606359176303 0.49575345462445986 0.5373400193699466 0.48577505040770386 0.5373400193699466
0 0.5081404391693982 0.5263008414335248 0.5157102630579717 0.5263008414335248 0.5157102630579717 0.5345802248858412 0.5081404391693982 0.5345802248858412
0 0.532914408259275 0.5198613209706121 0.5401401492438225 0.5198613209706121 0.5401401492438225 0.5299805674123321 0.532914408259275 0.5299805674123321
0 0.5542475483088912 0.5184814237285594 0.5604410405813605 0.5184814237285594 0.5604410405813605 0.5299805674123321 0.5542475483088912 0.5299805674123321
0 0.45480758904535784 0.6173740594090047 0.4630655787419835 0.6173740594090047 0.4630655787419835 0.6265733743560228 0.45480758904535784 0.6265733743560228
0 0.48233422136744303 0.6196738881457592 0.4874954649278342 0.6196738881457592 0.4874954649278342 0.630713066082181 0.48233422136744303 0.630713066082181
0 0.5074522733613461 0.6196738881457592 0.5136457656338154 0.6196738881457592 0.5136457656338154 0.630713066082181 0.5074522733613461 0.630713066082181
0 0.5301617450270665 0.6136943334301974 0.5366993202035617 0.6136943334301974 0.5366993202035617 0.6242735456192683 0.5301617450270665 0.6242735456192683
0 0.5549357141169433 0.6132343676828464 0.5607851234853863 0.6132343676828464 0.5607851234853863 0.6233536141245665 0.5549357141169433 0.6233536141245665
0 0.45583983775743603 0.6753297435752189 0.4634096616460095 0.6753297435752189 0.4634096616460095 0.6840690927748865 0.45583983775743603 0.6840690927748865
0 0.48233422136744314 0.6767096408172718 0.4902481281600428 0.6767096408172718 0.4902481281600428 0.6845290585222373 0.48233422136744314 0.6845290585222373
0 0.5064200246492679 0.6817692640381319 0.5129575998257632 0.6817692640381319 0.5129575998257632 0.6923484762272027 0.5064200246492679 0.6923484762272027
0 0.5315380766431708 0.6748697778278684 0.5387638176277182 0.6748697778278684 0.5387638176277182 0.6854489900169392 0.5315380766431708 0.6854489900169392
0 0.553215299596813 0.6739498463331663 0.5625055380055168 0.6739498463331663 0.5625055380055168 0.6849890242695881 0.553215299596813 0.6849890242695881
0 0.46650640778224406 0.7828961672503713 0.47304398295873934 0.7828961672503713 0.47304398295873934 0.7907155849553368 0.46650640778224406 0.7907155849553368
0 0.49265670848822524 0.7842760644924238 0.5005706152808247 0.7842760644924238 0.5005706152808247 0.7916355164500385 0.49265670848822524 0.7916355164500385
0 0.5219037553304409 0.7838160987450733 0.5284413305069361 0.7838160987450733 0.5284413305069361 0.7920954821973896 0.5219037553304409 0.7920954821973896
0 0.5456454757082395 0.7787564755242133 0.5521830508847348 0.7787564755242133 0.5521830508847348 0.7897956534606348 0.5456454757082395 0.7897956534606348
0 0.5673226986618818 0.7833561329977222 0.5721398593182468 0.7833561329977222 0.5721398593182468 0.7916355164500385 0.5673226986618818 0.7916355164500385
0 0.4592806667976967 0.8348722967010238 0.46788273939834835 0.8348722967010238 0.46788273939834835 0.8454515088900949 0.4592806667976967 0.8454515088900949
0 0.5167425117700499 0.8348722967010238 0.5253445843707016 0.8348722967010238 0.5253445843707016 0.844531577395393 0.5167425117700499 0.844531577395393
0 0.5422046466679789 0.8334923994589711 0.5487422218444741 0.8334923994589711 0.5487422218444741 0.8449915431427438 0.5422046466679789 0.8449915431427438
0 0.5628496209095429 0.8321125022169186 0.5697312789900643 0.8321125022169186 0.5697312789900643 0.8417717829112878 0.5628496209095429 0.8417717829112878
0 0.5824623464390287 0.8334923994589711 0.5907203361356544 0.8334923994589711 0.5907203361356544 0.840391885669235 0.5824623464390287 0.840391885669235
