0 0.8057130432128906 0.22825443267822265 0.8134714275598526 0.22825443267822265 0.8134714275598526 0.23762777626514434 0.8057130432128906 0.23762777626514434
0 0.8187404632568359 0.3226329803466797 0.8264297103881836 0.3226329803466797 0.8264297103881836 0.33202648460865025 0.8187404632568359 0.33202648460865025
0 0.25584096908569337 0.3123004341125488 0.26431080937385565 0.3123004341125488 0.26431080937385565 0.32187336742877964 0.25584096908569337 0.32187336742877964
0 0.5623471450805664 0.6848493957519531 0.5703785318136215 0.6848493957519531 0.5703785318136215 0.6958748590946198 0.5623471450805664 0.6958748590946198
0 0.5552303314208984 0.8334433746337891 0.5632047045230865 0.8334433746337891 0.5632047045230865 0.843428077697754 0.5552303314208984 0.843428077697754
0 0.830230712890625 0.5308297729492187 0.8377778398990631 0.5308297729492187 0.8377778398990631 0.5405536139011383 0.830230712890625 0.5405536139011383
0 0.27482980728149414 0.5190453338623047 0.2827666544914245 0.5190453338623047 0.2827666544914245 0.5291802132129669 0.27482980728149414 0.5291802132129669
0 0.4864695739746094 0.6864795684814453 0.4949527508020401 0.6864795684814453 0.4949527508020401 0.6969261467456818 0.4864695739746094 0.6969261467456818
0 0.21188119888305665 0.832996826171875 0.21815693795681 0.832996826171875 0.21815693795681 0.8411811506748198 0.21188119888305665 0.8411811506748198
0 0.25236452102661133 0.5297665405273437 0.26056765794754033 0.5297665405273437 0.26056765794754033 0.5398530745506287 0.25236452102661133 0.5398530745506287
0 0.5685030364990235 0.3753877258300781 0.5764332896471024 0.3753877258300781 0.5764332896471024 0.38431890070438385 0.5685030364990235 0.38431890070438385
0 0.571890983581543 0.46797607421875 0.5800279396772385 0.46797607421875 0.5800279396772385 0.47797176718711853 0.571890983581543 0.47797176718711853
0 0.8372298431396484 0.22615495681762696 0.8444527506828308 0.22615495681762696 0.8444527506828308 0.23580165445804596 0.8372298431396484 0.23580165445804596
0 0.5918960571289062 0.53093994140625 0.5998759305477143 0.53093994140625 0.5998759305477143 0.5407671946287155 0.5918960571289062 0.5407671946287155
0 0.7719844818115235 0.7828136444091796 0.779163624048233 0.7828136444091796 0.779163624048233 0.7917420917749405 0.7719844818115235 0.7917420917749405
0 0.8137853240966797 0.6797956848144531 0.8222002506256104 0.6797956848144531 0.8222002506256104 0.6895722991228103 0.8137853240966797 0.6895722991228103
0 0.5259057998657226 0.8336312866210938 0.5334709066152572 0.8336312866210938 0.5334709066152572 0.8437802791595459 0.5259057998657226 0.8437802791595459
0 0.24914459228515629 0.7837661743164064 0.2563721424341202 0.7837661743164064 0.2563721424341202 0.7929095095396044 0.24914459228515629 0.7929095095396044
0 0.7713642883300781 0.6791551208496094 0.7789145499467849 0.6791551208496094 0.7789145499467849 0.6894308483600617 0.7713642883300781 0.6894308483600617
0 0.8108531951904296 0.6261764144897461 0.8184364587068558 0.6261764144897461 0.8184364587068558 0.6353079301118851 0.8108531951904296 0.6353079301118851
0 0.49812114715576167 0.8343495178222656 0.5057148784399033 0.8343495178222656 0.5057148784399033 0.8436749309301377 0.49812114715576167 0.8436749309301377
0 0.5847483825683594 0.7837422943115234 0.5931591099500656 0.7837422943115234 0.5931591099500656 0.7929176491498947 0.5847483825683594 0.7929176491498947
0 0.49795112609863273 0.7816268157958984 0.5057488995790481 0.7816268157958984 0.5057488995790481 0.7910988080501556 0.49795112609863273 0.7910988080501556
0 0.842003173828125 0.37565376281738283 0.8500252753496168 0.37565376281738283 0.8500252753496168 0.384926283955574 0.842003173828125 0.384926283955574
0 0.7955533599853516 0.5338257598876953 0.8031853568553925 0.5338257598876953 0.8031853568553925 0.5433486676216125 0.7955533599853516 0.5433486676216125
0 0.460711669921875 0.7929556274414062 0.4687432634830475 0.7929556274414062 0.4687432634830475 0.802129875421524 0.460711669921875 0.802129875421524
0 0.521667366027832 0.6872908020019531 0.5286761772632598 0.6872908020019531 0.5286761772632598 0.6971802365779877 0.521667366027832 0.6971802365779877
0 0.2805153274536133 0.3670582580566406 0.2888907468318939 0.3670582580566406 0.2888907468318939 0.3763171017169953 0.2805153274536133 0.3763171017169953
0 0.7998511505126953 0.3230869674682617 0.807607524394989 0.3230869674682617 0.807607524394989 0.3331285357475281 0.7998511505126953 0.3331285357475281
0 0.6013650512695312 0.6860580444335938 0.608785376548767 0.6860580444335938 0.608785376548767 0.6946171182394028 0.6013650512695312 0.6946171182394028
0 0.20913078308105468 0.36650390625000007 0.21723170697689057 0.36650390625000007 0.21723170697689057 0.3759759771823884 0.20913078308105468 0.3759759771823884
0 0.7792103576660157 0.625072135925293 0.7858960729837418 0.625072135925293 0.7858960729837418 0.6344186186790466 0.7792103576660157 0.6344186186790466
0 0.5622738265991211 0.6324066925048828 0.571078621149063 0.6324066925048828 0.571078621149063 0.6421544498205185 0.5622738265991211 0.6421544498205185
0 0.4711901092529297 0.3766423416137695 0.47917616307735444 0.3766423416137695 0.47917616307735444 0.3869338023662567 0.4711901092529297 0.3869338023662567
0 0.5223603057861328 0.31531442642211915 0.5305454635620118 0.31531442642211915 0.5305454635620118 0.3253580105304718 0.5223603057861328 0.3253580105304718
0 0.5145737457275391 0.5331306076049804 0.5224086606502534 0.5331306076049804 0.5224086606502534 0.5421561419963835 0.5145737457275391 0.5421561419963835
0 0.4948784637451172 0.3145960426330566 0.5026684600114822 0.3145960426330566 0.5026684600114822 0.324898966550827 0.4948784637451172 0.324898966550827
0 0.46591949462890625 0.8346102142333984 0.4735509884357452 0.8346102142333984 0.4735509884357452 0.8451580691337585 0.46591949462890625 0.8451580691337585
0 0.7734264373779297 0.5144986724853515 0.7816075140237809 0.5144986724853515 0.7816075140237809 0.5238491475582122 0.7734264373779297 0.5238491475582122
0 0.5270436859130859 0.6347307968139648 0.5360214132070541 0.6347307968139648 0.5360214132070541 0.6462435531616211 0.5270436859130859 0.6462435531616211
0 0.5506236267089843 0.31720672607421874 0.5579196345806121 0.31720672607421874 0.5579196345806121 0.32727078676223753 0.5506236267089843 0.32727078676223753
0 0.8462034606933594 0.16770511627197265 0.8540142452716828 0.16770511627197265 0.8540142452716828 0.17734489560127256 0.8462034606933594 0.17734489560127256
0 0.8273067474365234 0.4727573013305664 0.8356020283699036 0.4727573013305664 0.8356020283699036 0.48209101557731626 0.8273067474365234 0.48209101557731626
0 0.7863568878173828 0.16768524169921875 0.7942125618457793 0.16768524169921875 0.7942125618457793 0.17755775749683378 0.7863568878173828 0.17755775749683378
0 0.584022445678711 0.31835397720336917 0.5919930338859558 0.31835397720336917 0.5919930338859558 0.32923355340957644 0.584022445678711 0.32923355340957644
0 0.16305017471313477 0.364886589050293 0.17001325428485872 0.364886589050293 0.17001325428485872 0.37391220211982734 0.16305017471313477 0.37391220211982734
0 0.2083600616455078 0.5258884811401368 0.21588913559913633 0.5258884811401368 0.21588913559913633 0.5353918999433519 0.2083600616455078 0.5353918999433519
0 0.2231641960144043 0.30352447509765623 0.23144078791141512 0.30352447509765623 0.23144078791141512 0.3148207032680511 0.2231641960144043 0.3148207032680511
0 0.20909496307373046 0.4764195251464844 0.21630834877490998 0.4764195251464844 0.21630834877490998 0.48672142148017883 0.20909496307373046 0.48672142148017883
0 0.23383182525634766 0.8278782653808593 0.24165294528007508 0.8278782653808593 0.24165294528007508 0.8363867402076721 0.23383182525634766 0.8363867402076721
0 0.7627294921875 0.16900300979614258 0.7705104690790177 0.16900300979614258 0.7705104690790177 0.17881577491760256 0.7627294921875 0.17881577491760256
0 0.4581810760498047 0.31366495132446287 0.4658961975574493 0.31366495132446287 0.4658961975574493 0.3233900380134583 0.4581810760498047 0.3233900380134583
0 0.8342475891113281 0.6788677215576173 0.8411762619018555 0.6788677215576173 0.8411762619018555 0.687837992310524 0.8342475891113281 0.687837992310524
0 0.44206642150878905 0.3816922760009766 0.44863045096397397 0.3816922760009766 0.44863045096397397 0.38994905948638914 0.44206642150878905 0.38994905948638914
0 0.5526406860351563 0.7860546875 0.5602431112527847 0.7860546875 0.5602431112527847 0.7950151544809342 0.5526406860351563 0.7950151544809342
0 0.771630859375 0.31581682205200196 0.7791096174716949 0.31581682205200196 0.7791096174716949 0.32489402294158937 0.771630859375 0.32489402294158937
0 0.8785367584228516 0.17210330963134762 0.8848133254051209 0.17210330963134762 0.8848133254051209 0.18060073554515838 0.8785367584228516 0.18060073554515838
0 0.8501459503173828 0.32234504699707034 0.8579417723417282 0.32234504699707034 0.8579417723417282 0.33202904164791114 0.8501459503173828 0.33202904164791114
0 0.9125296020507813 0.5317418670654297 0.9195274126529693 0.5317418670654297 0.9195274126529693 0.54067478120327 0.9125296020507813 0.54067478120327
0 0.26059005737304686 0.6215502548217774 0.26867458343505857 0.6215502548217774 0.26867458343505857 0.6320652997493744 0.26059005737304686 0.6320652997493744
0 0.47312255859375 0.4653317642211914 0.4801362490653992 0.4653317642211914 0.4801362490653992 0.4739878064393997 0.47312255859375 0.4739878064393997
0 0.7748917388916016 0.3686026382446289 0.7833588880300522 0.3686026382446289 0.7833588880300522 0.37927655696868895 0.7748917388916016 0.37927655696868895
0 0.5274412155151367 0.7844009399414062 0.5361863940954208 0.7844009399414062 0.5361863940954208 0.7942766177654267 0.5274412155151367 0.7942766177654267
0 0.8164222717285157 0.16807672500610352 0.8238014340400697 0.16807672500610352 0.8238014340400697 0.17783027350902558 0.8164222717285157 0.17783027350902558
0 0.7995829772949219 0.47296226501464844 0.8081021720170974 0.47296226501464844 0.8081021720170974 0.48296258330345154 0.7995829772949219 0.48296258330345154
0 0.9076768493652344 0.8236898803710937 0.9146391743421555 0.8236898803710937 0.9146391743421555 0.8316153585910797 0.9076768493652344 0.8316153585910797
0 0.7997650909423828 0.7847959899902344 0.8077583307027817 0.7847959899902344 0.8077583307027817 0.7943485450744628 0.7997650909423828 0.7943485450744628
0 0.4429854965209961 0.4661085891723633 0.44996562361717224 0.4661085891723633 0.44996562361717224 0.4745849651098251 0.4429854965209961 0.4745849651098251
0 0.551337661743164 0.5353567123413085 0.5595894730091094 0.5353567123413085 0.5595894730091094 0.5457712316513061 0.551337661743164 0.5457712316513061
0 0.595600700378418 0.6320459747314453 0.6027149629592895 0.6320459747314453 0.6027149629592895 0.6405373328924179 0.595600700378418 0.6405373328924179
0 0.16335533142089845 0.7722824859619141 0.17007356047630312 0.7722824859619141 0.17007356047630312 0.7803918606042862 0.16335533142089845 0.7803918606042862
0 0.18850034713745117 0.6679254150390626 0.19457887530326845 0.6679254150390626 0.19457887530326845 0.6758738207817078 0.18850034713745117 0.6758738207817078
0 0.9124047088623047 0.7763788604736328 0.9176304894685746 0.7763788604736328 0.9176304894685746 0.7833424818515776 0.9124047088623047 0.7833424818515776
0 0.5280803680419922 0.37872169494628904 0.5362497341632845 0.37872169494628904 0.5362497341632845 0.3896103823184967 0.5280803680419922 0.3896103823184967
0 0.2337818145751953 0.6182984161376953 0.24109238624572754 0.6182984161376953 0.24109238624572754 0.6278826749324798 0.2337818145751953 0.6278826749324798
0 0.18043201446533202 0.31554393768310546 0.18858164191246032 0.31554393768310546 0.18858164191246032 0.3250971847772598 0.18043201446533202 0.3250971847772598
0 0.5352233505249023 0.47136173248291013 0.54374751329422 0.47136173248291013 0.54374751329422 0.48060519874095914 0.5352233505249023 0.48060519874095914
0 0.20879650115966797 0.7831613159179688 0.2154055231809616 0.7831613159179688 0.2154055231809616 0.7926877021789551 0.20879650115966797 0.7926877021789551
0 0.15873212814331056 0.5207749938964844 0.16586028933525088 0.5207749938964844 0.16586028933525088 0.5288920372724534 0.15873212814331056 0.5288920372724534
0 0.7820955657958985 0.22381820678710934 0.7900011563301087 0.22381820678710934 0.7900011563301087 0.23432050347328184 0.7820955657958985 0.23432050347328184
0 0.8929785919189454 0.480742301940918 0.9001935744285584 0.480742301940918 0.9001935744285584 0.4900761741399765 0.8929785919189454 0.4900761741399765
0 0.14220644950866698 0.8277880859375001 0.14907005071640014 0.8277880859375001 0.14907005071640014 0.8368351244926453 0.14220644950866698 0.8368351244926453
0 0.8373038482666015 0.629049072265625 0.8452110356092453 0.629049072265625 0.8452110356092453 0.6376320618391037 0.8373038482666015 0.6376320618391037
0 0.4912256622314453 0.6317244720458984 0.49929460465908054 0.6317244720458984 0.49929460465908054 0.641208086013794 0.4912256622314453 0.641208086013794
0 0.58763427734375 0.8310125732421875 0.5955854666233062 0.8310125732421875 0.5955854666233062 0.8402852523326875 0.58763427734375 0.8402852523326875
0 0.4399860763549805 0.5377768325805664 0.4475858998298645 0.5377768325805664 0.4475858998298645 0.5480739462375641 0.4399860763549805 0.5480739462375641
0 0.8914759826660156 0.37586360931396484 0.8987593930959701 0.37586360931396484 0.8987593930959701 0.38461314141750336 0.8914759826660156 0.38461314141750336
0 0.7580918121337891 0.21366048812866212 0.7656191265583038 0.21366048812866212 0.7656191265583038 0.22370203614234926 0.7580918121337891 0.22370203614234926
0 0.7988368225097656 0.8281340789794922 0.8068259811401367 0.8281340789794922 0.8068259811401367 0.8390809559822082 0.7988368225097656 0.8390809559822082
0 0.8156255340576172 0.815933837890625 0.8227196884155273 0.815933837890625 0.8227196884155273 0.8247856748104095 0.8156255340576172 0.8247856748104095
0 0.1463548469543457 0.32240531921386717 0.15361260414123534 0.32240531921386717 0.15361260414123534 0.3314416849613189 0.1463548469543457 0.3314416849613189
0 0.7710308074951172 0.47325351715087893 0.7788378071784975 0.47325351715087893 0.7788378071784975 0.4841256809234619 0.7710308074951172 0.4841256809234619
0 0.5029828643798828 0.4730257797241211 0.5114332765340805 0.4730257797241211 0.5114332765340805 0.4837044811248779 0.5029828643798828 0.4837044811248779
0 0.4766853332519531 0.5253988265991211 0.4854347109794616 0.5253988265991211 0.4854347109794616 0.5348582875728607 0.4766853332519531 0.5348582875728607
0 0.27427696228027343 0.4641300582885742 0.28213565289974213 0.4641300582885742 0.28213565289974213 0.4752255702018738 0.27427696228027343 0.4752255702018738
0 0.18836828231811523 0.8303304290771485 0.19556155920028687 0.8303304290771485 0.19556155920028687 0.8398834586143494 0.18836828231811523 0.8398834586143494
0 0.8313115692138672 0.43019371032714837 0.8396807783842086 0.43019371032714837 0.8396807783842086 0.4402620601654052 0.8313115692138672 0.4402620601654052
0 0.7669012451171875 0.8298850250244141 0.7748566925525665 0.8298850250244141 0.7748566925525665 0.8398830103874207 0.7669012451171875 0.8398830103874207
0 0.18598508834838867 0.6240321731567383 0.19233682572841643 0.6240321731567383 0.19233682572841643 0.6325745254755021 0.18598508834838867 0.6325745254755021
0 0.8932096862792969 0.3304640579223633 0.9005110168457031 0.3304640579223633 0.9005110168457031 0.33947239637374876 0.8932096862792969 0.33947239637374876
0 0.21123493194580079 0.6747577667236329 0.21911686539649963 0.6747577667236329 0.21911686539649963 0.6835485684871673 0.21123493194580079 0.6835485684871673
0 0.8373794555664062 0.7798687744140625 0.8443086016178131 0.7798687744140625 0.8443086016178131 0.7879520589113236 0.8373794555664062 0.7879520589113236
0 0.16605554580688475 0.8297948455810547 0.17270837783813475 0.8297948455810547 0.17270837783813475 0.8399096047878265 0.16605554580688475 0.8399096047878265
0 0.8691482543945312 0.22232477188110353 0.8773898929357529 0.22232477188110353 0.8773898929357529 0.23153432071208954 0.8691482543945312 0.23153432071208954
0 0.8960205841064454 0.22114406585693358 0.9030668324232103 0.22114406585693358 0.9030668324232103 0.23073729813098906 0.8960205841064454 0.23073729813098906
0 0.12352707862854004 0.3702724838256836 0.1316538256406784 0.3702724838256836 0.1316538256406784 0.3804092216491699 0.12352707862854004 0.3804092216491699
0 0.4519717025756836 0.6837357330322266 0.45991626799106594 0.6837357330322266 0.45991626799106594 0.6936819332838059 0.4519717025756836 0.6936819332838059
0 0.12263114699489033 0.31526809658318067 0.1305794620778925 0.31526809658318067 0.1305794620778925 0.3258933053469867 0.12263114699489033 0.3258933053469867
0 0.14609760104946812 0.36788817808012453 0.15555988091018497 0.36788817808012453 0.15555988091018497 0.37851338684393065 0.14609760104946812 0.37851338684393065
0 0.13549984760546524 0.46756275553106647 0.14723307463275412 0.46756275553106647 0.14723307463275412 0.4771760396507004 0.13549984760546524 0.4771760396507004
0 0.13095795327232115 0.5277722718593003 0.1445836362717534 0.5277722718593003 0.1445836362717534 0.5389034429451923 0.13095795327232115 0.5389034429451923
0 0.16010177524332905 0.6127739419697482 0.16880707271518852 0.6127739419697482 0.16880707271518852 0.6279528116323282 0.16010177524332905 0.6279528116323282
0 0.15593837210461364 0.6638761365004341 0.1638866871876158 0.6638761365004341 0.1638866871876158 0.6750073075863262 0.15593837210461364 0.6750073075863262
0 0.21460450724105812 0.6183395275126942 0.22179583993520288 0.6183395275126942 0.22179583993520288 0.6289647362765002 0.21460450724105812 0.6289647362765002
0 0.14117721552189536 0.774175922715182 0.1495040217993262 0.774175922715182 0.1495040217993262 0.7858130561231599 0.14117721552189536 0.7858130561231599
0 0.18281124690904954 0.77569380968144 0.1911380531864803 0.77569380968144 0.1911380531864803 0.7878369054115041 0.18281124690904954 0.7878369054115041
0 0.4504045213701219 0.6291296179109626 0.45986680123083873 0.6291296179109626 0.45986680123083873 0.6412727136410266 0.4504045213701219 0.6412727136410266
0 0.49506648231270556 0.37969019312256497 0.5045287621734222 0.37969019312256497 0.5045287621734222 0.391327326530543 0.49506648231270556 0.391327326530543
0 0.8641216612001061 0.7804123522146764 0.8720699762831085 0.7804123522146764 0.8720699762831085 0.7920494856226544 0.8641216612001061 0.7920494856226544
0 0.8580658020892475 0.8254429988803302 0.8697990291165362 0.8254429988803302 0.8697990291165362 0.8365741699662224 0.8580658020892475 0.8365741699662224
0 0.8660141171722495 0.6777020008312185 0.8743409234496803 0.6777020008312185 0.8743409234496803 0.6888331719171105 0.8660141171722495 0.6888331719171105
0 0.8928869919766853 0.6787139254753906 0.906134183781689 0.6787139254753906 0.906134183781689 0.6898450965612823 0.8928869919766853 0.6898450965612823
0 0.8645001523945349 0.6306475048772205 0.8750979058385379 0.6306475048772205 0.8750979058385379 0.6407667513189407 0.8645001523945349 0.6407667513189407
0 0.9065126749761176 0.6200222961134146 0.9137040076702625 0.6200222961134146 0.9137040076702625 0.6316594295213925 0.9065126749761176 0.6316594295213925
0 0.8660141171722495 0.5345146636808807 0.8766118706162525 0.5345146636808807 0.8766118706162525 0.5461517970888586 0.8660141171722495 0.5461517970888586
0 0.8629861876168201 0.4788588082514209 0.8713129938942512 0.4788588082514209 0.8713129938942512 0.4879661300489689 0.8629861876168201 0.4879661300489689
0 0.8709345026998221 0.377666343834221 0.8781258353939669 0.377666343834221 0.8781258353939669 0.38980943956428493 0.8709345026998221 0.38980943956428493
