0 0.442232053950671 0.3008348313970566 0.4501459607432705 0.3008348313970566 0.4501459607432705 0.3109540778387766 0.442232053950671 0.3109540778387766
0 0.4418879710466449 0.35327092659506015 0.4491137120311923 0.35327092659506015 0.4491137120311923 0.3615503100473765 0.4418879710466449 0.3615503100473765
0 0.4807693392015905 0.3528109608477093 0.488339163090164 0.3528109608477093 0.488339163090164 0.364310104531482 0.4807693392015905 0.364310104531482
0 0.4797370904895122 0.29945493415500385 0.48868324599419005 0.29945493415500385 0.48868324599419005 0.3095741805967238 0.4797370904895122 0.3095741805967238
0 0.5021024792512067 0.3012947971444075 0.5103604689478322 0.3012947971444075 0.5103604689478322 0.3104941120914256 0.5021024792512067 0.3104941120914256
0 0.5110486347558844 0.35511078958446374 0.5182743757404318 0.35511078958446374 0.5182743757404318 0.3647700702788328 0.5110486347558844 0.3647700702788328
0 0.5461450909665432 0.35695065257386743 0.5537149148551168 0.35695065257386743 0.5537149148551168 0.3661499675208856 0.5461450909665432 0.3661499675208856
0 0.5427042619262826 0.30497452312321477 0.5499300029108299 0.30497452312321477 0.5499300029108299 0.3141738380702329 0.5427042619262826 0.3141738380702329
0 0.5815856300812282 0.35465082383711294 0.5888113710657756 0.35465082383711294 0.5888113710657756 0.3652300360261837 0.5815856300812282 0.3652300360261837
0 0.4384471420063843 0.46550256894868186 0.44429655137482743 0.46550256894868186 0.44429655137482743 0.4760817811377527 0.4384471420063843 0.4760817811377527
0 0.4879950801861379 0.4664225004433836 0.49625306988276346 0.4664225004433836 0.49625306988276346 0.47378195240099813 0.4879950801861379 0.47378195240099813
0 0.5258441996290053 0.4765417468851035 0.5341021893256308 0.4765417468851035 0.5341021893256308 0.48298126734801633 0.5258441996290053 0.48298126734801633
0 0.5691986455362897 0.45814311699106725 0.5747039720007068 0.45814311699106725 0.5747039720007068 0.4664225004433836 0.5691986455362897 0.4664225004433836
0 0.6108326769234438 0.46964226067483994 0.6166820862918871 0.46964226067483994 0.6166820862918871 0.47562181539040177 0.6108326769234438 0.47562181539040177
0 0.457715784631844 0.5358773282933708 0.4652856085204175 0.5358773282933708 0.4652856085204175 0.5427768145036345 0.457715784631844 0.5427768145036345
0 0.48524241695392933 0.5110391779364216 0.4914359092263986 0.5110391779364216 0.4914359092263986 0.5188585956413871 0.48524241695392933 0.5188585956413871
0 0.5172421270283536 0.5170187326519835 0.5237797022048489 0.5170187326519835 0.5237797022048489 0.5285178763357562 0.5172421270283536 0.5285178763357562
0 0.5616288216477163 0.5216183901254925 0.5674782310161595 0.5216183901254925 0.5674782310161595 0.529437807830458 0.5616288216477163 0.529437807830458
0 0.6039510188429225 0.5147189039152289 0.6101445111153917 0.5147189039152289 0.6101445111153917 0.523458253114896 0.6039510188429225 0.523458253114896
