0 0.8297437286376953 0.6155716323852539 0.8371318805217742 0.6155716323852539 0.8371318805217742 0.6248847115039825 0.8297437286376953 0.6248847115039825
0 0.5169525146484375 0.4572188186645508 0.5254669189453125 0.4572188186645508 0.5254669189453125 0.46759989500045773 0.5169525146484375 0.46759989500045773
0 0.7810867309570313 0.6788536071777342 0.7878765374422074 0.6788536071777342 0.7878765374422074 0.6866912484169005 0.7810867309570313 0.6866912484169005
0 0.8352752685546875 0.6781832122802735 0.8431397551298141 0.6781832122802735 0.8431397551298141 0.6869445240497589 0.8352752685546875 0.6869445240497589
0 0.7907007598876953 0.6166148376464844 0.7980805134773254 0.6166148376464844 0.7980805134773254 0.6271975195407867 0.7907007598876953 0.6271975195407867
0 0.8145492553710938 0.5194462585449219 0.8226603662967682 0.5194462585449219 0.8226603662967682 0.5303992223739624 0.8145492553710938 0.5303992223739624
0 0.5540270614624023 0.7288848114013672 0.5619974130392075 0.7288848114013672 0.5619974130392075 0.7383479487895966 0.5540270614624023 0.7383479487895966
0 0.7659666442871094 0.7835541534423828 0.7741837388277054 0.7835541534423828 0.7741837388277054 0.7929944419860839 0.7659666442871094 0.7929944419860839
0 0.5473759841918945 0.46039279937744143 0.555432270169258 0.46039279937744143 0.555432270169258 0.4694435143470765 0.5473759841918945 0.4694435143470765
0 0.4600907135009766 0.8259033966064453 0.4677280330657959 0.8259033966064453 0.4677280330657959 0.8344513225555419 0.4600907135009766 0.8344513225555419
0 0.5793336105346679 0.4673039627075195 0.5874055099487304 0.4673039627075195 0.5874055099487304 0.4775194454193115 0.5793336105346679 0.4775194454193115
0 0.7944559478759765 0.4547863388061523 0.8035512506961822 0.4547863388061523 0.8035512506961822 0.4660659039020538 0.7944559478759765 0.4660659039020538
0 0.50707275390625 0.8341154479980468 0.5141455572843551 0.8341154479980468 0.5141455572843551 0.843467662334442 0.50707275390625 0.843467662334442
0 0.580533218383789 0.5207897186279297 0.5882467728853226 0.5207897186279297 0.5882467728853226 0.530442721247673 0.580533218383789 0.530442721247673
0 0.4756016159057617 0.5194252777099609 0.4826392590999603 0.5194252777099609 0.4826392590999603 0.5297086346149444 0.4756016159057617 0.5297086346149444
0 0.5376895523071289 0.8245247650146484 0.5444277268648148 0.8245247650146484 0.5444277268648148 0.8340275120735169 0.5376895523071289 0.8340275120735169
0 0.52329345703125 0.523676872253418 0.5316516065597534 0.523676872253418 0.5316516065597534 0.5339490413665772 0.52329345703125 0.5339490413665772
0 0.5177462387084961 0.6789419555664062 0.5257256388664246 0.6789419555664062 0.5257256388664246 0.69000932097435 0.5177462387084961 0.69000932097435
0 0.5784192276000977 0.8240779113769531 0.5866638231277466 0.8240779113769531 0.5866638231277466 0.8340345478057861 0.5784192276000977 0.8340345478057861
0 0.45370643615722656 0.7823684692382813 0.46098487854003906 0.7823684692382813 0.46098487854003906 0.7914920389652254 0.45370643615722656 0.7914920389652254
0 0.7997605895996094 0.7818681335449219 0.8078239130973817 0.7818681335449219 0.8078239130973817 0.7918760812282563 0.7997605895996094 0.7918760812282563
0 0.5871714401245117 0.6885867309570313 0.5952685934305191 0.6885867309570313 0.5952685934305191 0.6992745244503021 0.5871714401245117 0.6992745244503021
0 0.5136250305175781 0.6320439910888672 0.5211857604980469 0.6320439910888672 0.5211857604980469 0.6425303363800049 0.5136250305175781 0.6425303363800049
0 0.9008861541748047 0.4688702392578125 0.9083579337596893 0.4688702392578125 0.9083579337596893 0.47806018114089965 0.9008861541748047 0.47806018114089965
0 0.7717565155029297 0.848341064453125 0.7793253481388092 0.848341064453125 0.7793253481388092 0.8578129774332046 0.7717565155029297 0.8578129774332046
0 0.5416613388061523 0.6285550308227539 0.5492361450195312 0.6285550308227539 0.5492361450195312 0.6386144471168518 0.5416613388061523 0.6386144471168518
0 0.8985751342773437 0.6167484664916992 0.9054157441854476 0.6167484664916992 0.9054157441854476 0.6248778039216996 0.8985751342773437 0.6248778039216996
0 0.5456042098999023 0.7712345123291016 0.5528595274686813 0.7712345123291016 0.5528595274686813 0.7797954833507538 0.5456042098999023 0.7797954833507538
0 0.8462443542480469 0.5206795883178711 0.8545105367898941 0.5206795883178711 0.8545105367898941 0.5312697803974151 0.8462443542480469 0.5312697803974151
0 0.8080152130126953 0.614941520690918 0.8155060958862305 0.614941520690918 0.8155060958862305 0.6248178708553315 0.8080152130126953 0.6248178708553315
0 0.9131060791015625 0.772000961303711 0.9196542286872864 0.772000961303711 0.9196542286872864 0.7800712794065476 0.9131060791015625 0.7800712794065476
0 0.9155416870117188 0.6787300872802734 0.9221527642011644 0.6787300872802734 0.9221527642011644 0.6870950663089752 0.9155416870117188 0.6870950663089752
0 0.4509640121459961 0.4598601913452149 0.45857323884963985 0.4598601913452149 0.45857323884963985 0.46938369154930115 0.4509640121459961 0.46938369154930115
0 0.4997382354736328 0.5170359420776367 0.5071095317602157 0.5170359420776367 0.5071095317602157 0.5272713088989258 0.4997382354736328 0.5272713088989258
0 0.7687675476074218 0.678845443725586 0.775060378909111 0.678845443725586 0.775060378909111 0.6877716773748398 0.7687675476074218 0.6877716773748398
0 0.5978501510620117 0.6288876342773437 0.6046148216724394 0.6288876342773437 0.6046148216724394 0.637496042251587 0.5978501510620117 0.637496042251587
0 0.8179845428466797 0.8388139343261719 0.8254026800394058 0.8388139343261719 0.8254026800394058 0.8482995247840881 0.8179845428466797 0.8482995247840881
0 0.9089518737792969 0.5237180709838867 0.9161604690551759 0.5237180709838867 0.9161604690551759 0.5331714838743209 0.9089518737792969 0.5331714838743209
0 0.8095912933349609 0.6812763977050781 0.8173735123872757 0.6812763977050781 0.8173735123872757 0.6910421806573868 0.8095912933349609 0.6910421806573868
0 0.48868106842041015 0.4605801010131836 0.49589477896690365 0.4605801010131836 0.49589477896690365 0.4700469541549683 0.48868106842041015 0.4700469541549683
0 0.48930030822753906 0.7793186950683594 0.4968322062492371 0.7793186950683594 0.4968322062492371 0.7879602295160294 0.48930030822753906 0.7879602295160294
0 0.8489638519287109 0.60992431640625 0.8551298815011978 0.60992431640625 0.8551298815011978 0.6185599213838577 0.8489638519287109 0.6185599213838577
0 0.9171111297607422 0.8223884582519532 0.9243945401906968 0.8223884582519532 0.9243945401906968 0.8313048088550568 0.9171111297607422 0.8313048088550568
0 0.7760848236083985 0.514566650390625 0.7846314013004303 0.514566650390625 0.7846314013004303 0.5247632765769958 0.7760848236083985 0.5247632765769958
0 0.5480941009521484 0.5148761749267579 0.5563449066877364 0.5148761749267579 0.5563449066877364 0.5255101275444032 0.5480941009521484 0.5255101275444032
0 0.8507402801513672 0.7776091003417969 0.8573611754179 0.7776091003417969 0.8573611754179 0.7859664100408553 0.8507402801513672 0.7859664100408553
0 0.8908425903320313 0.6572470855712891 0.8978975921869279 0.6572470855712891 0.8978975921869279 0.665722433924675 0.8908425903320313 0.665722433924675
0 0.8343177032470703 0.4718780517578125 0.8422759896516799 0.4718780517578125 0.8422759896516799 0.4813341921567917 0.8343177032470703 0.4813341921567917
0 0.43680171966552733 0.8283127593994141 0.4455434089899063 0.8283127593994141 0.4455434089899063 0.837752178311348 0.43680171966552733 0.837752178311348
0 0.6037130737304688 0.516578025817871 0.6112052571773531 0.516578025817871 0.6112052571773531 0.526832367181778 0.6037130737304688 0.526832367181778
0 0.4811896514892578 0.6295613098144531 0.48937265038490296 0.6295613098144531 0.48937265038490296 0.6384984141588211 0.4811896514892578 0.6384984141588211
0 0.44410804748535154 0.618669548034668 0.45180903434753417 0.618669548034668 0.45180903434753417 0.6279047918319702 0.44410804748535154 0.6279047918319702
0 0.8787772369384765 0.7764996337890625 0.8844058376550674 0.7764996337890625 0.8844058376550674 0.7839526432752609 0.8787772369384765 0.7839526432752609
0 0.8836443328857422 0.5146653366088867 0.8907931935787201 0.5146653366088867 0.8907931935787201 0.5236165928840637 0.8836443328857422 0.5236165928840637
0 0.4480482864379883 0.5187691116333008 0.4555683261156082 0.5187691116333008 0.4555683261156082 0.5274575686454773 0.4480482864379883 0.5274575686454773
0 0.48294979095458984 0.8299828338623046 0.4904800033569336 0.8299828338623046 0.4904800033569336 0.8397976350784301 0.48294979095458984 0.8397976350784301
0 0.5528614044189453 0.8282132720947266 0.5603844606876373 0.8282132720947266 0.5603844606876373 0.8392830884456635 0.5528614044189453 0.8392830884456635
0 0.8608415985107422 0.66912841796875 0.8688972926139832 0.66912841796875 0.8688972926139832 0.6784489291906356 0.8608415985107422 0.6784489291906356
0 0.6133788904132367 0.45992778409078877 0.6250364192016398 0.45992778409078877 0.6250364192016398 0.4716155137309754 0.6133788904132367 0.4716155137309754
0 0.4764029271494997 0.662515097854023 0.4868114349962882 0.662515097854023 0.4868114349962882 0.6747593860485039 0.4764029271494997 0.6747593860485039
0 0.47681926746337117 0.6819946472543339 0.48514607374080204 0.6819946472543339 0.48514607374080204 0.6936823768945205 0.47681926746337117 0.6936823768945205
0 0.8542808901449603 0.8235709382886122 0.8642730576778774 0.8235709382886122 0.8642730576778774 0.8341455508202094 0.8542808901449603 0.8341455508202094
0 0.8742652252107945 0.6883272095950246 0.8850900733714545 0.6883272095950246 0.8850900733714545 0.7016846148980949 0.8742652252107945 0.7016846148980949
0 0.7635187017209646 0.6265492100683239 0.7689311258012945 0.6265492100683239 0.7689311258012945 0.6410197324799833 0.7635187017209646 0.6410197324799833
0 0.8738488848969229 0.6170877146453158 0.883008371802097 0.6170877146453158 0.883008371802097 0.6265492100683239 0.8738488848969229 0.6265492100683239
0 0.9204790000505355 0.6059565435594237 0.9283894660140948 0.6059565435594237 0.9283894660140948 0.6204270659710833 0.9204790000505355 0.6204270659710833
0 0.8738488848969229 0.458468526671355 0.88384105242984 0.458468526671355 0.88384105242984 0.4690431392029524 0.8738488848969229 0.4690431392029524
