0 0.1646284866333008 0.21711605072021486 0.17230302155017854 0.21711605072021486 0.17230302155017854 0.22700218439102174 0.1646284866333008 0.22700218439102174
0 0.1567707633972168 0.531260986328125 0.1637660312652588 0.531260986328125 0.1637660312652588 0.5407296973466873 0.1567707633972168 0.5407296973466873
0 0.14063438415527343 0.21778684616088867 0.14811679482460022 0.21778684616088867 0.14811679482460022 0.22650700688362121 0.14063438415527343 0.22650700688362121
0 0.2208736228942871 0.16689476013183593 0.22807855129241944 0.16689476013183593 0.22807855129241944 0.17694057703018187 0.2208736228942871 0.17694057703018187
0 0.16490026473999023 0.019985078573226928 0.1720088940858841 0.019985078573226928 0.1720088940858841 0.028621498346328732 0.16490026473999023 0.028621498346328732
0 0.1338615608215332 0.8244985961914062 0.14076070725917814 0.8244985961914062 0.14076070725917814 0.8329091930389403 0.1338615608215332 0.8329091930389403
0 0.21731788635253907 0.07351337909698487 0.2247252595424652 0.07351337909698487 0.2247252595424652 0.08205306768417359 0.21731788635253907 0.08205306768417359
0 0.21954866409301757 0.7795595550537109 0.2269166338443756 0.7795595550537109 0.2269166338443756 0.7897383534908293 0.21954866409301757 0.7897383534908293
0 0.17393096923828125 0.4712479400634766 0.18149461209774018 0.4712479400634766 0.18149461209774018 0.48023362755775456 0.17393096923828125 0.48023362755775456
0 0.21875316619873048 0.3247780227661133 0.22633690237998963 0.3247780227661133 0.22633690237998963 0.33488448023796086 0.21875316619873048 0.33488448023796086
0 0.14832409858703613 0.7805210876464844 0.15455823063850402 0.7805210876464844 0.15455823063850402 0.7896129542589189 0.14832409858703613 0.7896129542589189
0 0.1940011978149414 0.8357134246826172 0.2007076424360275 0.8357134246826172 0.2007076424360275 0.8433991897106171 0.1940011978149414 0.8433991897106171
0 0.16999568939208984 0.07301132678985596 0.1769372111558914 0.07301132678985596 0.1769372111558914 0.08176196575164794 0.16999568939208984 0.08176196575164794
0 0.20298648834228517 0.22514936447143555 0.21089581966400148 0.22514936447143555 0.21089581966400148 0.23532577157020568 0.20298648834228517 0.23532577157020568
0 0.23256338119506836 0.21879276275634765 0.239525750875473 0.21879276275634765 0.239525750875473 0.22856662988662718 0.23256338119506836 0.22856662988662718
0 0.20592193603515624 0.6240341186523437 0.21410280585289002 0.6240341186523437 0.21410280585289002 0.6344672560691833 0.20592193603515624 0.6344672560691833
0 0.18235012054443359 0.6696868133544922 0.1899190121889114 0.6696868133544922 0.1899190121889114 0.6786138373613358 0.18235012054443359 0.6786138373613358
0 0.22729305267333985 0.5281217956542968 0.23641786754131316 0.5281217956542968 0.23641786754131316 0.5379664027690887 0.22729305267333985 0.5379664027690887
0 0.16196632385253906 0.3723888778686523 0.16874468624591826 0.3723888778686523 0.16874468624591826 0.38197618067264555 0.16196632385253906 0.38197618067264555
0 0.13198486328125 0.7739659881591797 0.1381530809402466 0.7739659881591797 0.1381530809402466 0.7824514561891556 0.13198486328125 0.7824514561891556
0 0.13855030059814452 0.3205386734008789 0.14518054008483885 0.3205386734008789 0.14518054008483885 0.3301842641830444 0.13855030059814452 0.3301842641830444
0 0.16966451644897462 0.7782396697998046 0.17705942511558534 0.7782396697998046 0.17705942511558534 0.7884527802467345 0.16966451644897462 0.7884527802467345
0 0.2526177787780762 0.32519744873046874 0.259760223031044 0.32519744873046874 0.259760223031044 0.334787083864212 0.2526177787780762 0.334787083864212
0 0.19564447402954102 0.4729162216186523 0.2030970472097397 0.4729162216186523 0.2030970472097397 0.48274636030197143 0.19564447402954102 0.48274636030197143
0 0.18442480087280275 0.3722034454345703 0.19253866195678712 0.3722034454345703 0.19253866195678712 0.3810682880878448 0.18442480087280275 0.3810682880878448
0 0.1936746597290039 0.07575993537902832 0.20014423847198487 0.07575993537902832 0.20014423847198487 0.08430514335632325 0.1936746597290039 0.08430514335632325
0 0.21009342193603517 0.6730106353759766 0.21788060903549197 0.6730106353759766 0.21788060903549197 0.6837685561180116 0.21009342193603517 0.6837685561180116
0 0.23744112014770508 0.624250259399414 0.24548505961894987 0.624250259399414 0.24548505961894987 0.6350137138366699 0.23744112014770508 0.6350137138366699
0 0.19434167861938476 0.023954060077667236 0.20071723520755766 0.023954060077667236 0.20071723520755766 0.03187632918357849 0.19434167861938476 0.03187632918357849
0 0.21713979721069335 0.018447246551513672 0.22417219161987303 0.018447246551513672 0.22417219161987303 0.025864566564559936 0.21713979721069335 0.025864566564559936
0 0.13310805320739746 0.5253411865234375 0.14009020626544955 0.5253411865234375 0.14009020626544955 0.5340185356140137 0.13310805320739746 0.5340185356140137
0 0.24680578231811523 0.1642875862121582 0.2544415491819382 0.1642875862121582 0.2544415491819382 0.1756571924686432 0.24680578231811523 0.1756571924686432
0 0.13501665115356445 0.6741856384277344 0.14225440323352812 0.6741856384277344 0.14225440323352812 0.6842452120780945 0.13501665115356445 0.6842452120780945
0 0.1941361427307129 0.15985722541809083 0.20156414210796358 0.15985722541809083 0.20156414210796358 0.17001386642456054 0.1941361427307129 0.17001386642456054
0 0.1750490379333496 0.8318424987792968 0.18245825946331024 0.8318424987792968 0.18245825946331024 0.8412480795383454 0.1750490379333496 0.8412480795383454
0 0.16107818603515625 0.3210149765014648 0.16846114814281463 0.3210149765014648 0.16846114814281463 0.33132023334503174 0.16107818603515625 0.33132023334503174
0 0.15506183624267578 0.618985252380371 0.16117673695087434 0.618985252380371 0.16117673695087434 0.6279139763116837 0.15506183624267578 0.6279139763116837
0 0.23243955612182618 0.6712158203125 0.23992405116558074 0.6712158203125 0.23992405116558074 0.6802650725841523 0.23243955612182618 0.6802650725841523
0 0.22981266021728516 0.3713488006591797 0.2376108330488205 0.3713488006591797 0.2376108330488205 0.3825614809989929 0.22981266021728516 0.3825614809989929
0 0.20713428497314454 0.8381165313720703 0.2133299446105957 0.8381165313720703 0.2133299446105957 0.8466068220138551 0.20713428497314454 0.8466068220138551
0 0.24528974533081055 0.8369580078125 0.2535181510448456 0.8369580078125 0.2535181510448456 0.846964373588562 0.24528974533081055 0.846964373588562
0 0.24552154541015625 0.07075142383575439 0.2528498154878616 0.07075142383575439 0.2528498154878616 0.07946084737777709 0.24552154541015625 0.07946084737777709
0 0.1702757453918457 0.16161157608032226 0.17705338299274442 0.16161157608032226 0.17705338299274442 0.17186239838600156 0.1702757453918457 0.17186239838600156
0 0.1452394676208496 0.07225170612335205 0.152774041891098 0.07225170612335205 0.152774041891098 0.08257890701293945 0.1452394676208496 0.08257890701293945
0 0.13027328491210938 0.47257854461669924 0.13751751303672793 0.47257854461669924 0.13751751303672793 0.4813651168346405 0.13027328491210938 0.4813651168346405
0 0.14396801948547364 0.019655377864837648 0.15047750473022461 0.019655377864837648 0.15047750473022461 0.02777996063232422 0.14396801948547364 0.02777996063232422
0 0.13927163124084474 0.16103254318237303 0.14666899442672732 0.16103254318237303 0.14666899442672732 0.17142934322357176 0.13927163124084474 0.17142934322357176
0 0.13881976127624512 0.3686471176147461 0.14543908894062044 0.3686471176147461 0.14543908894062044 0.37784093320369716 0.13881976127624512 0.37784093320369716
0 0.17999561309814452 0.5255358505249024 0.18698211312294002 0.5255358505249024 0.18698211312294002 0.5360367035865784 0.17999561309814452 0.5360367035865784
0 0.19800615310668945 0.7761377716064453 0.20577539026737213 0.7761377716064453 0.20577539026737213 0.7857231372594833 0.19800615310668945 0.7857231372594833
0 0.1547708797454834 0.8283992004394531 0.1614843773841858 0.8283992004394531 0.1614843773841858 0.8383121955394747 0.1547708797454834 0.8383121955394747
0 0.20107234954833986 0.5255301284790039 0.20817930817604066 0.5255301284790039 0.20817930817604066 0.535689754486084 0.20107234954833986 0.535689754486084
0 0.1518326473236084 0.6581928253173828 0.15930284500122072 0.6581928253173828 0.15930284500122072 0.6674473994970321 0.1518326473236084 0.6674473994970321
0 0.18353548049926757 0.3181034660339355 0.19231191635131833 0.3181034660339355 0.19231191635131833 0.328393542766571 0.18353548049926757 0.328393542766571
0 0.15184666633605956 0.47089916229248047 0.15947585403919218 0.47089916229248047 0.15947585403919218 0.4799652546644211 0.15184666633605956 0.4799652546644211
0 0.2087920570373535 0.36806503295898435 0.2155345344543457 0.36806503295898435 0.2155345344543457 0.3776783466339111 0.2087920570373535 0.3776783466339111
0 0.2490927505493164 0.018727906942367555 0.25580794870853424 0.018727906942367555 0.25580794870853424 0.026754175424575807 0.2490927505493164 0.026754175424575807
0 0.26113611221313476 0.22417734146118165 0.26930459141731267 0.22417734146118165 0.26930459141731267 0.23528743982315065 0.26113611221313476 0.23528743982315065
0 0.17357107162475585 0.6196712112426758 0.1811503130197525 0.6196712112426758 0.1811503130197525 0.6293765521049499 0.17357107162475585 0.6293765521049499
0 0.13044235229492188 0.6195715713500977 0.13783184945583343 0.6195715713500977 0.13783184945583343 0.6292332702875137 0.13044235229492188 0.6292332702875137
0 0.22166332244873047 0.47305137634277344 0.231198291182518 0.47305137634277344 0.231198291182518 0.4849721276760101 0.22166332244873047 0.4849721276760101
