0 0.15734734535217285 0.5317814254760742 0.16476724207401272 0.5317814254760742 0.16476724207401272 0.5413489627838134 0.15734734535217285 0.5413489627838134
0 0.1645463752746582 0.21941499710083007 0.17253100991249085 0.21941499710083007 0.17253100991249085 0.22886647284030914 0.1645463752746582 0.22886647284030914
0 0.20285017013549805 0.22723159790039066 0.21073511958122254 0.22723159790039066 0.21073511958122254 0.23706519544124605 0.20285017013549805 0.23706519544124605
0 0.22004110336303712 0.7796683502197266 0.22735470592975618 0.7796683502197266 0.22735470592975618 0.7895784199237824 0.22004110336303712 0.7895784199237824
0 0.194219970703125 0.835792007446289 0.20103063941001892 0.835792007446289 0.20103063941001892 0.8435347753763198 0.194219970703125 0.8435347753763198
0 0.14851094245910645 0.7802581024169922 0.15563888192176822 0.7802581024169922 0.15563888192176822 0.7903913617134095 0.14851094245910645 0.7903913617134095
0 0.22031566619873047 0.1682158470153809 0.22737625658512114 0.1682158470153809 0.22737625658512114 0.17832046627998355 0.22031566619873047 0.17832046627998355
0 0.13468020439147949 0.8249916839599609 0.1413443624973297 0.8249916839599609 0.1413443624973297 0.8332212311029433 0.13468020439147949 0.8332212311029433
0 0.14029766082763673 0.2206928062438965 0.14757533431053163 0.2206928062438965 0.14757533431053163 0.22901457846164705 0.14029766082763673 0.22901457846164705
0 0.21917957305908203 0.3248552703857422 0.2266562020778656 0.3248552703857422 0.2266562020778656 0.33493314743041996 0.21917957305908203 0.33493314743041996
0 0.13874760627746582 0.1640582275390625 0.14583173573017122 0.1640582275390625 0.14583173573017122 0.1734997320175171 0.13874760627746582 0.1734997320175171
0 0.21798309326171875 0.021233887672424318 0.22499849915504455 0.021233887672424318 0.22499849915504455 0.02881339967250824 0.21798309326171875 0.02881339967250824
0 0.16240646362304687 0.3725032424926758 0.1690296059846878 0.3725032424926758 0.1690296059846878 0.38197369277477267 0.16240646362304687 0.38197369277477267
0 0.23251407623291015 0.21987388610839845 0.23958443999290466 0.21987388610839845 0.23958443999290466 0.22987291932106016 0.23251407623291015 0.22987291932106016
0 0.17009916305541992 0.7788461303710937 0.17711530804634093 0.7788461303710937 0.17711530804634093 0.7889325058460236 0.17009916305541992 0.7889325058460236
0 0.13885186195373536 0.32054168701171876 0.14541779875755312 0.32054168701171876 0.14541779875755312 0.33009948015213014 0.13885186195373536 0.33009948015213014
0 0.16175029754638673 0.3215594482421875 0.16869453966617584 0.3215594482421875 0.16869453966617584 0.33132805764675144 0.16175029754638673 0.33132805764675144
0 0.22792478561401366 0.5282209777832031 0.23660186171531675 0.5282209777832031 0.23660186171531675 0.5379018890857696 0.22792478561401366 0.5379018890857696
0 0.17446163177490234 0.47227882385253905 0.18180579662323 0.47227882385253905 0.18180579662323 0.4808647781610489 0.17446163177490234 0.4808647781610489
0 0.185112361907959 0.3726005554199219 0.1928095930814743 0.3726005554199219 0.1928095930814743 0.3812168693542481 0.185112361907959 0.3812168693542481
0 0.13235581398010254 0.7746058654785156 0.1384566384553909 0.7746058654785156 0.1384566384553909 0.7829494976997375 0.13235581398010254 0.7829494976997375
0 0.20617328643798827 0.6241913604736328 0.21457453608512878 0.6241913604736328 0.21457453608512878 0.6348992359638214 0.20617328643798827 0.6348992359638214
0 0.2107241630554199 0.6733262634277344 0.21827964425086974 0.6733262634277344 0.21827964425086974 0.6839933431148529 0.2107241630554199 0.6839933431148529
0 0.16570806503295898 0.02375738859176636 0.1724605816602707 0.02375738859176636 0.1724605816602707 0.031570646762847904 0.16570806503295898 0.031570646762847904
0 0.21778997421264648 0.0761419916152954 0.22538967907428742 0.0761419916152954 0.22538967907428742 0.08532204151153565 0.21778997421264648 0.08532204151153565
0 0.1704989814758301 0.07592042922973632 0.1775801831483841 0.07592042922973632 0.1775801831483841 0.08485115945339203 0.1704989814758301 0.08485115945339203
0 0.16976306915283204 0.16394920349121095 0.1763497942686081 0.16394920349121095 0.1763497942686081 0.173774836063385 0.16976306915283204 0.173774836063385
0 0.1936764907836914 0.16183727264404296 0.20070113778114318 0.16183727264404296 0.20070113778114318 0.17171428501605984 0.1936764907836914 0.17171428501605984
0 0.25298566818237306 0.3252491760253906 0.26041418492794044 0.3252491760253906 0.26041418492794044 0.33475984871387476 0.25298566818237306 0.33475984871387476
0 0.18273765563964844 0.6699886322021484 0.1905785292387009 0.6699886322021484 0.1905785292387009 0.6795185762643814 0.18273765563964844 0.6795185762643814
0 0.15528878211975097 0.6190587997436523 0.16150185942649842 0.6190587997436523 0.16150185942649842 0.6280242872238159 0.15528878211975097 0.6280242872238159
0 0.18405242919921874 0.31833372116088865 0.19263078153133392 0.31833372116088865 0.19263078153133392 0.32849087595939636 0.18405242919921874 0.32849087595939636
0 0.2375786781311035 0.6241797256469727 0.245881307721138 0.6241797256469727 0.245881307721138 0.6351648676395416 0.2375786781311035 0.6351648676395416
0 0.23260452270507812 0.671366958618164 0.2403480327129364 0.671366958618164 0.2403480327129364 0.680922992825508 0.23260452270507812 0.680922992825508
0 0.13032064437866211 0.47288204193115235 0.13793889045715332 0.47288204193115235 0.13793889045715332 0.4822829580307007 0.13032064437866211 0.4822829580307007
0 0.13556557655334472 0.6742044830322266 0.1427196270227432 0.6742044830322266 0.1427196270227432 0.6845091462135315 0.13556557655334472 0.6845091462135315
0 0.2093813705444336 0.36841827392578125 0.2161293923854828 0.36841827392578125 0.2161293923854828 0.37793572604656217 0.2093813705444336 0.37793572604656217
0 0.14579432487487792 0.07561907291412354 0.15307974636554716 0.07561907291412354 0.15307974636554716 0.0849472677707672 0.14579432487487792 0.0849472677707672
0 0.14499818801879882 0.02266458988189697 0.1508453941345215 0.02266458988189697 0.1508453941345215 0.03102567970752716 0.14499818801879882 0.03102567970752716
0 0.195986328125 0.4732956314086914 0.20375955760478973 0.4732956314086914 0.20375955760478973 0.4836958801746369 0.195986328125 0.4836958801746369
0 0.20801692962646484 0.8382699584960938 0.21391331315040588 0.8382699584960938 0.21391331315040588 0.8466452151536943 0.20801692962646484 0.8466452151536943
0 0.17519134521484375 0.8321989440917968 0.18278943836688996 0.8321989440917968 0.18278943836688996 0.8416029435396194 0.17519134521484375 0.8416029435396194
0 0.194372501373291 0.026353168487548824 0.2009476053714752 0.026353168487548824 0.2009476053714752 0.0357428902387619 0.194372501373291 0.0357428902387619
0 0.1391609477996826 0.3687518692016602 0.14579358279705046 0.3687518692016602 0.14579358279705046 0.37794331312179563 0.1391609477996826 0.37794331312179563
0 0.2014097785949707 0.5268520736694335 0.20854462265968324 0.5268520736694335 0.20854462265968324 0.5370479094982147 0.2014097785949707 0.5370479094982147
0 0.24605728149414063 0.8365993499755859 0.2544332772493363 0.8365993499755859 0.2544332772493363 0.8468793463706971 0.24605728149414063 0.8468793463706971
0 0.19380727767944336 0.07785560607910157 0.20074525117874145 0.07785560607910157 0.20074525117874145 0.08794070243835449 0.19380727767944336 0.08794070243835449
0 0.13337038040161134 0.5256060409545898 0.14039150834083558 0.5256060409545898 0.14039150834083558 0.535078428387642 0.13337038040161134 0.535078428387642
0 0.2611399269104004 0.22489274978637697 0.2693126940727234 0.22489274978637697 0.2693126940727234 0.23607692837715152 0.2611399269104004 0.23607692837715152
0 0.18015968322753906 0.5270067977905274 0.18691827714443207 0.5270067977905274 0.18691827714443207 0.537069890499115 0.18015968322753906 0.537069890499115
0 0.23076513290405273 0.37200729370117186 0.23876062035560608 0.37200729370117186 0.23876062035560608 0.3817146110534668 0.23076513290405273 0.3817146110534668
0 0.15491939544677735 0.8284254455566407 0.16169138491153717 0.8284254455566407 0.16169138491153717 0.8386453557014465 0.15491939544677735 0.8386453557014465
0 0.19810997009277342 0.7761051940917968 0.2060437566041946 0.7761051940917968 0.2060437566041946 0.7859133541584014 0.19810997009277342 0.7859133541584014
0 0.24618398666381835 0.16543470382690428 0.254288370013237 0.16543470382690428 0.254288370013237 0.17688704848289488 0.24618398666381835 0.17688704848289488
0 0.22253767013549805 0.4745680999755859 0.2315289705991745 0.4745680999755859 0.2315289705991745 0.48501637816429133 0.22253767013549805 0.48501637816429133
0 0.2498774528503418 0.02183123588562012 0.25624024987220767 0.02183123588562012 0.25624024987220767 0.029300262331962586 0.2498774528503418 0.029300262331962586
0 0.1530405807495117 0.47215938568115234 0.16061914205551145 0.47215938568115234 0.16061914205551145 0.4809718894958496 0.1530405807495117 0.4809718894958496
0 0.15283984184265137 0.6585897064208984 0.160571523308754 0.6585897064208984 0.160571523308754 0.6683145755529404 0.15283984184265137 0.6683145755529404
0 0.13074800491333008 0.619635887145996 0.13817598938941955 0.619635887145996 0.13817598938941955 0.6294199335575104 0.13074800491333008 0.6294199335575104
0 0.24565177917480469 0.07286429405212402 0.2532839238643646 0.07286429405212402 0.2532839238643646 0.08229957163333894 0.24565177917480469 0.08229957163333894
0 0.17279372046610578 0.6212184531253636 0.1828691560617971 0.6212184531253636 0.1828691560617971 0.6299731191844177 0.17279372046610578 0.6299731191844177
