0 0.4430578529203335 0.14925888501536977 0.450627676808907 0.14925888501536977 0.450627676808907 0.15735428216874575 0.4430578529203335 0.15735428216874575
0 0.48204244594648693 0.14774099804911178 0.4880983050573457 0.14774099804911178 0.4880983050573457 0.1553304328804018 0.48204244594648693 0.1553304328804018
0 0.5032379528344927 0.14824696037119778 0.5089153207509227 0.14824696037119778 0.5089153207509227 0.15836620681291774 0.5032379528344927 0.15836620681291774
0 0.5426010370550747 0.15128273430371378 0.5494138785547908 0.15128273430371378 0.5494138785547908 0.15988409377917576 0.5426010370550747 0.15988409377917576
0 0.44343634411476207 0.1998551172239697 0.4498706944200496 0.1998551172239697 0.4498706944200496 0.20896243902151773 0.44343634411476207 0.20896243902151773
0 0.4812854635576295 0.1998551172239697 0.4888552874462031 0.1998551172239697 0.4888552874462031 0.20946840134360373 0.4812854635576295 0.20946840134360373
0 0.5111862679174949 0.20187896651231368 0.5183776006116395 0.20187896651231368 0.5183776006116395 0.20997436366568964 0.5111862679174949 0.20997436366568964
0 0.5463859489993614 0.20238492883439968 0.5535772816935061 0.20238492883439968 0.5535772816935061 0.21098628830986169 0.5463859489993614 0.21098628830986169
0 0.5819641212756568 0.2008670418681417 0.587641489192087 0.2008670418681417 0.587641489192087 0.2094684013436037 0.5819641212756568 0.2094684013436037
0 0.4430578529203335 0.30711912950620157 0.45024918561447835 0.30711912950620157 0.45024918561447835 0.3197681875583515 0.4430578529203335 0.3197681875583515
0 0.44267936172590483 0.3561974747485435 0.45062767680890703 0.3561974747485435 0.45062767680890703 0.3668226835123495 0.44267936172590483 0.3668226835123495
0 0.468038271752626 0.35164381384976956 0.47636507803005684 0.35164381384976956 0.47636507803005684 0.36125709796940364 0.468038271752626 0.36125709796940364
0 0.47787904280777155 0.30155354396325557 0.4858273578907736 0.30155354396325557 0.4858273578907736 0.30813105415037356 0.47787904280777155 0.30813105415037356
0 0.5021024792512067 0.35063188920559746 0.508536829556494 0.35063188920559746 0.508536829556494 0.36075113564731753 0.5021024792512067 0.36075113564731753
0 0.5274613892779279 0.3536676631381135 0.534274230777644 0.3536676631381135 0.534274230777644 0.3642928719019194 0.5274613892779279 0.3642928719019194
0 0.5520633169157916 0.35923324868105944 0.5600116319987937 0.35923324868105944 0.5600116319987937 0.37036441976695145 0.5520633169157916 0.37036441976695145
0 0.5187560918060683 0.31116682808288953 0.5270828980834992 0.31116682808288953 0.5270828980834992 0.32027414988043756 0.5187560918060683 0.32027414988043756
0 0.5437365106383608 0.3066131671841155 0.5490353873603622 0.3066131671841155 0.5490353873603622 0.31723837594792154 0.5437365106383608 0.31723837594792154
0 0.5649320175263666 0.29548199609822356 0.5706093854427965 0.29548199609822356 0.5706093854427965 0.3050952802178576 0.5649320175263666 0.3050952802178576
0 0.4506276768089069 0.46295552470868934 0.45819750069748044 0.46295552470868934 0.45819750069748044 0.4725688088283233 0.4506276768089069 0.4725688088283233
0 0.4752296044467708 0.4634614870307754 0.48317791952977296 0.4634614870307754 0.48317791952977296 0.4715568841841513 0.4752296044467708 0.4715568841841513
0 0.50399493522335 0.4654853363191193 0.5092938119453513 0.4654853363191193 0.5092938119453513 0.47762843204918337 0.50399493522335 0.47762843204918337
0 0.5410870722773601 0.46599129864120525 0.549413878554791 0.46599129864120525 0.549413878554791 0.47661650740501127 0.5410870722773601 0.47661650740501127
0 0.5785577005257988 0.46599129864120525 0.5868845068032296 0.46599129864120525 0.5868845068032296 0.47661650740501127 0.5785577005257988 0.47661650740501127
0 0.45176315039219295 0.5216471540706653 0.4600899566696238 0.5216471540706653 0.4600899566696238 0.5312604381902992 0.45176315039219295 0.5312604381902992
0 0.4827994283353442 0.5251888903252672 0.4907477434183464 0.5251888903252672 0.4907477434183464 0.5383439106995033 0.4827994283353442 0.5383439106995033
0 0.5153496710562102 0.5201292671044072 0.5232979861392124 0.5201292671044072 0.5232979861392124 0.5312604381902991 0.5153496710562102 0.5312604381902991
0 0.5520633169157916 0.5155756062056333 0.5603901231932223 0.5155756062056333 0.5603901231932223 0.5241769656810954 0.5520633169157916 0.5241769656810954
0 0.5766652445536554 0.5135517569172893 0.5842350684422288 0.5135517569172893 0.5842350684422288 0.5226590787148372 0.5766652445536554 0.5226590787148372
0 0.4589544830863378 0.625369430098295 0.4661458157804826 0.625369430098295 0.4661458157804826 0.631440977963327 0.4589544830863378 0.631440977963327
0 0.4880983050573457 0.626887317064553 0.49604662014034795 0.626887317064553 0.49604662014034795 0.6344767518958431 0.4880983050573457 0.6344767518958431
0 0.5153496710562102 0.6294171286749831 0.521405530167069 0.6294171286749831 0.521405530167069 0.636500601184187 0.5153496710562102 0.636500601184187
0 0.5554697376656497 0.6299230909970691 0.5607686143876511 0.6299230909970691 0.5607686143876511 0.6390304127946171 0.5554697376656497 0.6390304127946171
0 0.588776962775373 0.6299230909970691 0.595589804275089 0.6299230909970691 0.595589804275089 0.637512525828359 0.588776962775373 0.637512525828359
0 0.45024918561447835 0.675459699984809 0.4563050447253371 0.675459699984809 0.4563050447253371 0.682543172494013 0.45024918561447835 0.682543172494013
0 0.4812854635576296 0.6931683812578189 0.4880983050573457 0.6931683812578189 0.4880983050573457 0.7032876276995391 0.4812854635576296 0.7032876276995391
0 0.5115647591119235 0.6815312478498412 0.5183776006116396 0.6815312478498412 0.5183776006116396 0.6926624189357331 0.5115647591119235 0.6926624189357331
0 0.5403300898885027 0.6951922305461631 0.5490353873603622 0.6951922305461631 0.5490353873603622 0.7022757030553669 0.5403300898885027 0.7022757030553669
0 0.5800716653035135 0.6936743435799051 0.5865060156088009 0.6936743435799051 0.5865060156088009 0.703793590021625 0.5800716653035135 0.703793590021625
0 0.8118013868287177 0.3242808627789618 0.8195568241846771 0.3242808627789618 0.8195568241846771 0.33257476055238155 0.8118013868287177 0.33257476055238155
0 0.8397209613101715 0.32739107444399423 0.8454082820378752 0.32739107444399423 0.8454082820378752 0.3367217094390916 0.8397209613101715 0.3367217094390916
0 0.8748789439905209 0.33292033962627415 0.8813418084538206 0.33292033962627415 0.8813418084538206 0.3415598164735864 0.8748789439905209 0.3415598164735864
0 0.820849397077337 0.3809558308973306 0.8278292906977003 0.3809558308973306 0.8278292906977003 0.38994088681853545 0.820849397077337 0.38994088681853545
0 0.8549733214435584 0.3864850960796105 0.861177671328326 0.3864850960796105 0.861177671328326 0.39374225663135287 0.8549733214435584 0.39374225663135287
0 0.8847024979747363 0.393742256631353 0.890906847859504 0.393742256631353 0.890906847859504 0.4034184707003427 0.8847024979747363 0.4034184707003427
0 0.8971111977442715 0.38683067515350295 0.9064177225714228 0.38683067515350295 0.9064177225714228 0.39581573107470774 0.8971111977442715 0.39581573107470774
0 0.7712145979991967 0.46665944122266884 0.7774189478839643 0.46665944122266884 0.7774189478839643 0.47875470880890614 0.7712145979991967 0.47875470880890614
0 0.7701805396850686 0.5257534628582852 0.7774189478839643 0.5257534628582852 0.7774189478839643 0.5357752560011675 0.7701805396850686 0.5357752560011675
0 0.7996512016377146 0.5278269373016402 0.8066310952580781 0.5278269373016402 0.8066310952580781 0.53750315137063 0.7996512016377146 0.53750315137063
0 0.7978415995879906 0.46458596677931385 0.8037874348942261 0.46458596677931385 0.8037874348942261 0.47668123436555115 0.7978415995879906 0.47668123436555115
0 0.8267952323835724 0.47080639010937886 0.8314484947971481 0.47080639010937886 0.8314484947971481 0.4822104995478311 0.8267952323835724 0.4822104995478311
0 0.8298974073259562 0.5271357791538552 0.8342921551610002 0.5271357791538552 0.8342921551610002 0.5381943095184151 0.8298974073259562 0.5381943095184151
0 0.8578169818074105 0.5198786186021128 0.863245787956582 0.5198786186021128 0.863245787956582 0.5299004117449951 0.8578169818074105 0.5299004117449951
0 0.889614274966844 0.5229888302671453 0.8981452560583996 0.5229888302671453 0.8981452560583996 0.5319738861883501 0.889614274966844 0.5319738861883501
0 0.8585925255430062 0.4732254436266263 0.8671235066345616 0.4732254436266263 0.8671235066345616 0.48186492047393853 0.8585925255430062 0.48186492047393853
0 0.8844439833962043 0.47218870640494887 0.8914238770165679 0.47218870640494887 0.8914238770165679 0.4797914460305836 0.8844439833962043 0.4797914460305836
0 0.7890521039179031 0.37750004015840566 0.7947394246456068 0.37750004015840566 0.7947394246456068 0.3857939379318256 0.7890521039179031 0.3857939379318256
0 0.7719901417347925 0.6194053918831508 0.777935977041028 0.6194053918831508 0.777935977041028 0.6290816059521408 0.7719901417347925 0.6290816059521408
0 0.7706975688421326 0.6733157274103797 0.7758678604127722 0.6733157274103797 0.7758678604127722 0.6836830996271546 0.7706975688421326 0.6836830996271546
0 0.8040459494727582 0.6218244454003983 0.8105088139360576 0.6218244454003983 0.8105088139360576 0.631500659469388 0.8040459494727582 0.631500659469388
0 0.8040459494727582 0.6722789901887023 0.8086992118863338 0.6722789901887023 0.8086992118863338 0.6826463624054772 0.8040459494727582 0.6826463624054772
0 0.8464423403520032 0.6774626762970897 0.8531637193938346 0.6774626762970897 0.8531637193938346 0.6861021531444021 0.8464423403520032 0.6861021531444021
0 0.8712597398910732 0.6211332872526133 0.8772055751973089 0.6211332872526133 0.8772055751973089 0.628736026878248 0.8712597398910732 0.628736026878248
0 0.8800492355611607 0.6708966738931322 0.8862535854459282 0.6708966738931322 0.8862535854459282 0.6778082553709822 0.8800492355611607 0.6778082553709822
0 0.9146901890844461 0.6650218296369599 0.9203775098121496 0.6650218296369599 0.9203775098121496 0.676425939075412 0.9146901890844461 0.676425939075412
0 0.9113294995635303 0.613876126700871 0.9162412765556379 0.613876126700871 0.9162412765556379 0.6238979198437532 0.9113294995635303 0.6238979198437532
0 0.8386869029960436 0.6245890779915383 0.8435986799881513 0.6245890779915383 0.8435986799881513 0.6304639222477106 0.8386869029960436 0.6304639222477106
