0 0.5027642059326172 0.3017508888244629 0.5102779769897462 0.3017508888244629 0.5102779769897462 0.311519735455513 0.5027642059326172 0.311519735455513
0 0.4841595458984375 0.5111714553833008 0.49201888680458067 0.5111714553833008 0.49201888680458067 0.5199503582715989 0.4841595458984375 0.5199503582715989
0 0.4424805450439453 0.3009918975830078 0.45101703882217403 0.3009918975830078 0.45101703882217403 0.31109509348869324 0.4424805450439453 0.31109509348869324
0 0.5605183792114258 0.5205415725708008 0.5684327226877213 0.5205415725708008 0.5684327226877213 0.5305214136838913 0.5605183792114258 0.5305214136838913
0 0.5466600799560547 0.3567463684082031 0.5545746010541917 0.3567463684082031 0.5545746010541917 0.3657864105701446 0.5466600799560547 0.3657864105701446
0 0.5685577392578125 0.45749176025390625 0.5760092920064926 0.45749176025390625 0.5760092920064926 0.4671171307563782 0.5685577392578125 0.4671171307563782
0 0.43780563354492186 0.46671981811523444 0.44512722015380857 0.46671981811523444 0.44512722015380857 0.476052662730217 0.43780563354492186 0.476052662730217
0 0.4821293640136719 0.3000851058959961 0.48921183764934545 0.3000851058959961 0.48921183764934545 0.30852544963359835 0.4821293640136719 0.30852544963359835
0 0.5169795608520508 0.5175349044799805 0.524213764667511 0.5175349044799805 0.524213764667511 0.527596573829651 0.5169795608520508 0.527596573829651
0 0.5108443832397461 0.3548871612548828 0.5189793878793717 0.3548871612548828 0.5189793878793717 0.3649906933307647 0.5108443832397461 0.3649906933307647
0 0.6097470855712891 0.4680436706542969 0.6167439502477646 0.4680436706542969 0.6167439502477646 0.4759460633993149 0.6097470855712891 0.4759460633993149
0 0.4887525939941406 0.4661055374145508 0.49650618791580203 0.4661055374145508 0.49650618791580203 0.4750245368480683 0.4887525939941406 0.4750245368480683
0 0.4582036590576172 0.5346722793579102 0.46565450191497804 0.5346722793579102 0.46565450191497804 0.5432020610570908 0.4582036590576172 0.5432020610570908
0 0.480909423828125 0.35334442138671873 0.48883861243724824 0.35334442138671873 0.48883861243724824 0.36372593164443967 0.480909423828125 0.36372593164443967
0 0.5422393798828125 0.30393453598022463 0.5507950657606124 0.30393453598022463 0.5507950657606124 0.31392291545867923 0.5422393798828125 0.31392291545867923
0 0.44240005493164064 0.3533125305175781 0.449680153131485 0.3533125305175781 0.449680153131485 0.3633343529701233 0.44240005493164064 0.3633343529701233
0 0.6034706497192383 0.5143305206298828 0.6109603494405746 0.5143305206298828 0.6109603494405746 0.5232911854982376 0.6034706497192383 0.5232911854982376
0 0.581339111328125 0.35555294036865237 0.5895047515630721 0.35555294036865237 0.5895047515630721 0.36532346725463866 0.581339111328125 0.36532346725463866
0 0.5260535430908203 0.4731855773925781 0.5349472880363464 0.4731855773925781 0.5349472880363464 0.4849706995487213 0.5260535430908203 0.4849706995487213
0 0.5733053025224734 0.3029526700862141 0.5821716858466816 0.3029526700862141 0.5821716858466816 0.3125828027511736 0.5733053025224734 0.3125828027511736
