0 0.1660426902770996 0.21729377746582032 0.17357225239276886 0.21729377746582032 0.17357225239276886 0.2271824610233307 0.1660426902770996 0.2271824610233307
0 0.5324542617797852 0.1553997802734375 0.540093533396721 0.1553997802734375 0.540093533396721 0.1653242588043213 0.5324542617797852 0.1653242588043213
0 0.4761559677124023 0.32029090881347655 0.48389051795005794 0.32029090881347655 0.48389051795005794 0.3306057322025299 0.4761559677124023 0.3306057322025299
0 0.16223611831665039 0.32169498443603517 0.16936055362224578 0.32169498443603517 0.16936055362224578 0.33144315659999846 0.16223611831665039 0.33144315659999846
0 0.5230486679077149 0.522396354675293 0.5299922448396683 0.522396354675293 0.5299922448396683 0.5317637884616851 0.5230486679077149 0.5317637884616851
0 0.5247421264648438 0.678668212890625 0.5317148017883301 0.678668212890625 0.5317148017883301 0.687489452958107 0.5247421264648438 0.687489452958107
0 0.539470443725586 0.6265088653564453 0.54802725315094 0.6265088653564453 0.54802725315094 0.6360645043849945 0.539470443725586 0.6360645043849945
0 0.1971783447265625 0.8345599365234375 0.2040861111879349 0.8345599365234375 0.2040861111879349 0.8431994944810868 0.1971783447265625 0.8431994944810868
0 0.5088663101196289 0.20574495315551758 0.5161037665605546 0.20574495315551758 0.5161037665605546 0.21405146658420565 0.5088663101196289 0.21405146658420565
0 0.497897834777832 0.626328010559082 0.5064341807365417 0.626328010559082 0.5064341807365417 0.6360276198387146 0.497897834777832 0.6360276198387146
0 0.14170989036560058 0.21855375289916992 0.14946066021919252 0.21855375289916992 0.14946066021919252 0.2271162658929825 0.14170989036560058 0.2271162658929825
0 0.47773006439208987 0.47146751403808596 0.48579743921756746 0.47146751403808596 0.48579743921756746 0.4806463474035263 0.47773006439208987 0.4806463474035263
0 0.5476875305175781 0.7831220245361328 0.5552684873342515 0.7831220245361328 0.5552684873342515 0.7918041175603867 0.5476875305175781 0.7918041175603867
0 0.4858447265625 0.20736881256103515 0.4932175898551941 0.20736881256103515 0.4932175898551941 0.21603236556053163 0.4858447265625 0.21603236556053163
0 0.45448444366455076 0.06313238620758056 0.461873630285263 0.06313238620758056 0.461873630285263 0.07131590008735655 0.45448444366455076 0.07131590008735655
0 0.5552457427978515 0.31259233474731446 0.5635591804981231 0.31259233474731446 0.5635591804981231 0.3230702805519104 0.5552457427978515 0.3230702805519104
0 0.13954907417297363 0.3210255432128906 0.14615469574928283 0.3210255432128906 0.14615469574928283 0.3304381603002548 0.13954907417297363 0.3304381603002548
0 0.4920386505126953 0.15780109405517578 0.49830318212509156 0.15780109405517578 0.49830318212509156 0.16761851370334627 0.4920386505126953 0.16761851370334627
0 0.23346368789672853 0.21881101608276368 0.24060486018657687 0.21881101608276368 0.24060486018657687 0.22817597925662994 0.23346368789672853 0.22817597925662994
0 0.16336618423461913 0.37290451049804685 0.1698618149757385 0.37290451049804685 0.1698618149757385 0.38209670543670654 0.16336618423461913 0.38209670543670654
0 0.5027646255493164 0.7809748077392578 0.5107772052288055 0.7809748077392578 0.5107772052288055 0.791135106086731 0.5027646255493164 0.791135106086731
0 0.47490142822265624 0.06283988475799561 0.4817512935400009 0.06283988475799561 0.4817512935400009 0.0710520339012146 0.47490142822265624 0.0710520339012146
0 0.5293698501586914 0.7824391937255859 0.5358703309297562 0.7824391937255859 0.5358703309297562 0.792480504512787 0.5293698501586914 0.792480504512787
0 0.49501045227050783 0.4702214813232422 0.5022654151916505 0.4702214813232422 0.5022654151916505 0.4789847302436829 0.49501045227050783 0.4789847302436829
0 0.2082761573791504 0.6246149826049805 0.21622020542621614 0.6246149826049805 0.21622020542621614 0.6345624083280563 0.2082761573791504 0.6345624083280563
0 0.24787487030029298 0.1644076919555664 0.25500649094581607 0.1644076919555664 0.25500649094581607 0.17504345417022704 0.24787487030029298 0.17504345417022704
0 0.2489035606384277 0.8364482116699219 0.2560725891590118 0.8364482116699219 0.2560725891590118 0.8457081621885301 0.2489035606384277 0.8457081621885301
0 0.2182260513305664 0.02125006914138794 0.2250772476196289 0.02125006914138794 0.2250772476196289 0.028712706565856932 0.2182260513305664 0.028712706565856932
0 0.22021772384643554 0.32494091033935546 0.2274882560968399 0.32494091033935546 0.2274882560968399 0.33470827460289 0.22021772384643554 0.33470827460289
0 0.49800270080566406 0.6860913848876953 0.5058773595094681 0.6860913848876953 0.5058773595094681 0.6946793162822723 0.49800270080566406 0.6946793162822723
0 0.15922516822814942 0.5313317108154297 0.16638494074344637 0.5313317108154297 0.16638494074344637 0.541727808713913 0.15922516822814942 0.541727808713913
0 0.47161376953125 0.6276087188720703 0.47923219323158267 0.6276087188720703 0.47923219323158267 0.6370981436967849 0.47161376953125 0.6370981436967849
0 0.17234519958496095 0.7785005187988281 0.17979046821594238 0.7785005187988281 0.17979046821594238 0.7882305663824082 0.17234519958496095 0.7882305663824082
0 0.5496877670288086 0.5221121215820312 0.557600868344307 0.5221121215820312 0.557600868344307 0.5316143149137497 0.5496877670288086 0.5316143149137497
0 0.2038825798034668 0.22547954559326172 0.21176673114299774 0.22547954559326172 0.21176673114299774 0.2349432760477066 0.2038825798034668 0.2349432760477066
0 0.18585542678833009 0.3727491378784179 0.19335309624671934 0.3727491378784179 0.19335309624671934 0.38111668646335595 0.18585542678833009 0.38111668646335595
0 0.4789993667602539 0.7792338562011719 0.48654066860675815 0.7792338562011719 0.48654066860675815 0.7886212527751923 0.4789993667602539 0.7886212527751923
0 0.45098262786865234 0.47012210845947267 0.45815425872802734 0.47012210845947267 0.45815425872802734 0.4802055191993713 0.45098262786865234 0.4802055191993713
0 0.1782124900817871 0.8319840240478515 0.18471807181835173 0.8319840240478515 0.18471807181835173 0.8405383539199828 0.1782124900817871 0.8405383539199828
0 0.13442009925842285 0.7743777465820313 0.14073785901069644 0.7743777465820313 0.14073785901069644 0.7827060413360596 0.13442009925842285 0.7827060413360596
0 0.47088294982910156 0.010194337368011475 0.47819291532039643 0.010194337368011475 0.47819291532039643 0.01867735505104065 0.47088294982910156 0.01867735505104065
0 0.5557173538208008 0.8322325134277344 0.5632590401172638 0.8322325134277344 0.5632590401172638 0.8406147277355194 0.5557173538208008 0.8406147277355194
0 0.23996631622314454 0.6245026016235351 0.24705032706260685 0.6245026016235351 0.24705032706260685 0.6342881894111633 0.23996631622314454 0.6342881894111633
0 0.45402687072753906 0.8380224609375 0.46091754496097564 0.8380224609375 0.46091754496097564 0.847029020190239 0.45402687072753906 0.847029020190239
0 0.503082160949707 0.5204407501220704 0.5106910330057144 0.5204407501220704 0.5106910330057144 0.5310544633865356 0.503082160949707 0.5310544633865356
0 0.5431597900390625 0.4670227813720703 0.5516953080892563 0.4670227813720703 0.5516953080892563 0.4766812783479691 0.5431597900390625 0.4766812783479691
0 0.17120264053344728 0.16204992294311524 0.17797190964221954 0.16204992294311524 0.17797190964221954 0.1720702040195465 0.17120264053344728 0.1720702040195465
0 0.45115516662597654 0.680382080078125 0.4581601333618164 0.680382080078125 0.4581601333618164 0.6903967475891113 0.45115516662597654 0.6903967475891113
0 0.1847354507446289 0.6696047973632813 0.19224002480506897 0.6696047973632813 0.19224002480506897 0.6790011280775071 0.1847354507446289 0.6790011280775071
0 0.15493185997009276 0.4720637893676758 0.16167538702487944 0.4720637893676758 0.16167538702487944 0.48052071630954746 0.15493185997009276 0.48052071630954746
0 0.5317826461791992 0.8278753662109375 0.5387120288610459 0.8278753662109375 0.5387120288610459 0.8374701404571533 0.5317826461791992 0.8374701404571533
0 0.2103931999206543 0.3681443405151367 0.2172123855352402 0.3681443405151367 0.2172123855352402 0.3777246069908142 0.2103931999206543 0.3777246069908142
0 0.5497661972045899 0.3567280960083008 0.5574439704418183 0.3567280960083008 0.5574439704418183 0.3660261535644531 0.5497661972045899 0.3660261535644531
0 0.5056229782104492 0.3616845321655273 0.5126620703935624 0.3616845321655273 0.5126620703935624 0.37111564993858337 0.5056229782104492 0.37111564993858337
0 0.5187501525878906 0.46699306488037107 0.5274085688591003 0.46699306488037107 0.5274085688591003 0.4768485426902771 0.5187501525878906 0.4768485426902771
0 0.21798738479614257 0.07604023933410645 0.2255354285240173 0.07604023933410645 0.2255354285240173 0.08488356769084932 0.21798738479614257 0.08488356769084932
0 0.4716757583618164 0.1530785369873047 0.4786544954776764 0.1530785369873047 0.4786544954776764 0.16234824180603027 0.4716757583618164 0.16234824180603027
0 0.23218484878540038 0.37163726806640623 0.23941849052906036 0.37163726806640623 0.23941849052906036 0.3814761829376221 0.23218484878540038 0.3814761829376221
0 0.1708851432800293 0.07598485946655273 0.17794078052043913 0.07598485946655273 0.17794078052043913 0.08499032735824585 0.1708851432800293 0.08499032735824585
0 0.2129746437072754 0.6736517333984375 0.2205503958463669 0.6736517333984375 0.2205503958463669 0.6841490685939788 0.2129746437072754 0.6841490685939788
0 0.22191200256347657 0.16685293197631837 0.22934329926967623 0.16685293197631837 0.22934329926967623 0.17720511078834536 0.22191200256347657 0.17720511078834536
0 0.4796154022216797 0.8365088653564453 0.4865340805053711 0.8365088653564453 0.4865340805053711 0.8456130653619767 0.4796154022216797 0.8456130653619767
0 0.4680120849609375 0.21481786727905272 0.47441634058952337 0.21481786727905272 0.47441634058952337 0.22440999269485473 0.4680120849609375 0.22440999269485473
0 0.45589618682861327 0.6287580490112304 0.4623281210660934 0.6287580490112304 0.4623281210660934 0.6374374932050705 0.45589618682861327 0.6374374932050705
0 0.13132421493530275 0.4730291748046875 0.13936917483806613 0.4730291748046875 0.13936917483806613 0.4822939085960388 0.13132421493530275 0.4822939085960388
0 0.5200319290161133 0.6285668182373046 0.5272378623485565 0.6285668182373046 0.5272378623485565 0.6380739134550094 0.5200319290161133 0.6380739134550094
0 0.48242839813232424 0.36745025634765627 0.49013526916503913 0.36745025634765627 0.49013526916503913 0.3766649442911148 0.48242839813232424 0.3766649442911148
0 0.16583850860595703 0.02395488023757935 0.17244145393371585 0.02395488023757935 0.17244145393371585 0.03200948953628541 0.16583850860595703 0.03200948953628541
0 0.15726057052612305 0.6190273666381836 0.1635257965326309 0.6190273666381836 0.1635257965326309 0.6281593567132949 0.15726057052612305 0.6281593567132949
0 0.18483638763427734 0.318486270904541 0.19272521138191223 0.318486270904541 0.19272521138191223 0.32847704231739044 0.18483638763427734 0.32847704231739044
0 0.15462464332580567 0.6593253326416015 0.16158473610877994 0.6593253326416015 0.16158473610877994 0.6682643741369247 0.15462464332580567 0.6682643741369247
0 0.234693660736084 0.6712807464599609 0.24224452853202824 0.6712807464599609 0.24224452853202824 0.679913188815117 0.234693660736084 0.679913188815117
0 0.4483931350708008 0.21597206115722656 0.4557235342264176 0.21597206115722656 0.4557235342264176 0.22568044602870937 0.4483931350708008 0.22568044602870937
0 0.5416518402099609 0.01152327299118042 0.5494674748182297 0.01152327299118042 0.5494674748182297 0.019528746008872985 0.5416518402099609 0.019528746008872985
0 0.15150948524475097 0.7797278594970704 0.1584476065635681 0.7797278594970704 0.1584476065635681 0.7895399725437164 0.15150948524475097 0.7895399725437164
0 0.15765591621398925 0.828233642578125 0.16412326216697692 0.828233642578125 0.16412326216697692 0.8373757129907609 0.15765591621398925 0.8373757129907609
0 0.44837055206298826 0.3200101852416992 0.45664522171020505 0.3200101852416992 0.45664522171020505 0.3300331342220306 0.44837055206298826 0.3300331342220306
0 0.14001480102539063 0.3687549591064453 0.14677664756774902 0.3687549591064453 0.14677664756774902 0.37821695029735564 0.14001480102539063 0.37821695029735564
0 0.2227927017211914 0.7796821594238281 0.230158571600914 0.7796821594238281 0.230158571600914 0.7888200396299362 0.2227927017211914 0.7888200396299362
0 0.14596484184265138 0.07584068298339844 0.1532395875453949 0.07584068298339844 0.1532395875453949 0.08522149324417114 0.14596484184265138 0.08522149324417114
0 0.22959609985351562 0.5274341201782227 0.23850468933582306 0.5274341201782227 0.23850468933582306 0.5383058094978332 0.22959609985351562 0.5383058094978332
0 0.5267429351806641 0.20476898193359375 0.5343597322702407 0.20476898193359375 0.5343597322702407 0.21426542341709134 0.5267429351806641 0.21426542341709134
0 0.2238953971862793 0.47454029083251953 0.23283686995506286 0.47454029083251953 0.23283686995506286 0.48497421860694884 0.2238953971862793 0.48497421860694884
0 0.20961671829223633 0.8386721038818359 0.21664302110671996 0.8386721038818359 0.21664302110671996 0.8468750077486038 0.20961671829223633 0.8468750077486038
0 0.19429800033569336 0.026353936195373535 0.20091919124126434 0.026353936195373535 0.20091919124126434 0.03578957259654999 0.19429800033569336 0.03578957259654999
0 0.5111215591430665 0.15576766014099122 0.5184415787458421 0.15576766014099122 0.5184415787458421 0.16596452355384828 0.5111215591430665 0.16596452355384828
0 0.14525026321411133 0.023169491291046142 0.15088374316692355 0.023169491291046142 0.15088374316692355 0.031089462041854858 0.14525026321411133 0.031089462041854858
0 0.4985735321044921 0.05536481857299805 0.5058581846952438 0.05536481857299805 0.5058581846952438 0.0640917044878006 0.4985735321044921 0.0640917044878006
0 0.19485881805419922 0.15997119903564452 0.20262166798114778 0.15997119903564452 0.20262166798114778 0.1702389109134674 0.19485881805419922 0.1702389109134674
0 0.5188457870483398 0.007245292067527771 0.526252036690712 0.007245292067527771 0.526252036690712 0.01774401605129242 0.5188457870483398 0.01774401605129242
0 0.5276453018188476 0.30929252624511716 0.5356514936685562 0.30929252624511716 0.5356514936685562 0.3197607862949371 0.5276453018188476 0.3197607862949371
0 0.5033832550048828 0.31157138824462893 0.5113688653707503 0.31157138824462893 0.5113688653707503 0.32195568561553956 0.5033832550048828 0.32195568561553956
0 0.14003142356872558 0.16112590789794923 0.14803751230239867 0.16112590789794923 0.14803751230239867 0.17148363113403323 0.14003142356872558 0.17148363113403323
0 0.1973973274230957 0.4732255554199219 0.20517728447914124 0.4732255554199219 0.20517728447914124 0.48335237145423887 0.1973973274230957 0.48335237145423887
0 0.542324333190918 0.6806275939941406 0.5498104250431061 0.6806275939941406 0.5498104250431061 0.6902707535028457 0.542324333190918 0.6902707535028457
0 0.13796883583068847 0.6751557922363282 0.14501035273075102 0.6751557922363282 0.14501035273075102 0.6849771553277969 0.13796883583068847 0.6849771553277969
0 0.47329124450683596 0.5223761367797851 0.4806848376989365 0.5223761367797851 0.4806848376989365 0.5324179613590241 0.47329124450683596 0.5324179613590241
0 0.5446258163452149 0.05501304149627686 0.5515314829349519 0.05501304149627686 0.5515314829349519 0.06395051121711731 0.5446258163452149 0.06395051121711731
0 0.455699462890625 0.78625 0.4629458498954773 0.78625 0.4629458498954773 0.7968778645992279 0.455699462890625 0.7968778645992279
0 0.19386838912963866 0.07822300434112549 0.20079159140586852 0.07822300434112549 0.20079159140586852 0.08792537093162538 0.19386838912963866 0.08792537093162538
0 0.45264598846435544 0.004936636388301849 0.45973419845104213 0.004936636388301849 0.45973419845104213 0.01510416716337204 0.45264598846435544 0.01510416716337204
0 0.47559074401855467 0.6822090148925781 0.4838774788379669 0.6822090148925781 0.4838774788379669 0.6926313209533691 0.47559074401855467 0.6926313209533691
0 0.5015479278564453 0.8283695983886719 0.5089253157377243 0.8283695983886719 0.5089253157377243 0.8390936803817749 0.5015479278564453 0.8390936803817749
0 0.20082670211791992 0.7759127807617188 0.20833719074726104 0.7759127807617188 0.20833719074726104 0.7856648069620134 0.20082670211791992 0.7856648069620134
0 0.2627490234375 0.22423362731933594 0.2704485017061234 0.22423362731933594 0.2704485017061234 0.23472167253494264 0.2627490234375 0.23472167253494264
0 0.1815633773803711 0.5255757522583008 0.1885005521774292 0.5255757522583008 0.1885005521774292 0.536405302286148 0.1815633773803711 0.536405302286148
0 0.1752379608154297 0.4721756744384766 0.18290499985218048 0.4721756744384766 0.18290499985218048 0.4808942538499832 0.1752379608154297 0.4808942538499832
0 0.44943435668945314 0.15719424247741698 0.4574562805891037 0.15719424247741698 0.4574562805891037 0.16770949482917785 0.44943435668945314 0.16770949482917785
0 0.25334184646606445 0.323868408203125 0.2615813559293747 0.323868408203125 0.2615813559293747 0.3345538496971131 0.25334184646606445 0.3345538496971131
0 0.2025688934326172 0.5256976699829101 0.21035943686962127 0.5256976699829101 0.21035943686962127 0.536407481431961 0.2025688934326172 0.536407481431961
0 0.24999074935913082 0.021664676666259767 0.25646094918251033 0.021664676666259767 0.25646094918251033 0.02918913006782532 0.24999074935913082 0.02918913006782532
0 0.5281530380249023 0.35553268432617186 0.5355688095092773 0.35553268432617186 0.5355688095092773 0.3655260843038559 0.5281530380249023 0.3655260843038559
0 0.13628825187683105 0.8245828247070313 0.14340397834777832 0.8245828247070313 0.14340397834777832 0.8332171648740769 0.13628825187683105 0.8332171648740769
0 0.456206169128418 0.37046939849853516 0.4642055302858353 0.37046939849853516 0.4642055302858353 0.3806701755523682 0.456206169128418 0.3806701755523682
0 0.13502094268798828 0.5255853271484375 0.14261081516742705 0.5255853271484375 0.14261081516742705 0.5351022654771805 0.13502094268798828 0.5351022654771805
0 0.13268027305603028 0.6197793197631836 0.14013155937194827 0.6197793197631836 0.14013155937194827 0.6294505459070205 0.13268027305603028 0.6294505459070205
0 0.4498366928100586 0.5237633514404297 0.4573682063817978 0.5237633514404297 0.4573682063817978 0.5334499943256379 0.4498366928100586 0.5334499943256379
0 0.24661325454711913 0.07260987758636475 0.25420606911182403 0.07260987758636475 0.25420606911182403 0.08228273928165436 0.24661325454711913 0.08228273928165436
0 0.17593012262840843 0.620545017274667 0.18348669932517697 0.620545017274667 0.18348669932517697 0.6313199908858105 0.17593012262840843 0.6313199908858105
0 0.4952206766558658 0.010774973611143442 0.5027772533526343 0.010774973611143442 0.5027772533526343 0.023570254774376274 0.4952206766558658 0.023570254774376274
0 0.5183941785259557 0.05522173975711012 0.5269582987822934 0.05522173975711012 0.5269582987822934 0.06869045677103942 0.5183941785259557 0.06869045677103942
