0 0.5008259963989258 0.5303771209716797 0.508469467163086 0.5303771209716797 0.508469467163086 0.5402717739343643 0.5008259963989258 0.5402717739343643
0 0.5479502868652344 0.8434037780761718 0.5564748042821884 0.8434037780761718 0.5564748042821884 0.854323537349701 0.5479502868652344 0.854323537349701
0 0.4694571304321289 0.37350677490234374 0.4769508814811706 0.37350677490234374 0.4769508814811706 0.3839970338344573 0.4694571304321289 0.3839970338344573
0 0.5167056655883789 0.6866510772705078 0.5246809852123261 0.6866510772705078 0.5246809852123261 0.6963797014951706 0.5167056655883789 0.6963797014951706
0 0.5399063873291016 0.22624149322509762 0.5478692871332169 0.22624149322509762 0.5478692871332169 0.23720878720283506 0.5399063873291016 0.23720878720283506
0 0.5216417694091797 0.3732946014404297 0.5300886917114258 0.3732946014404297 0.5300886917114258 0.38360543131828306 0.5216417694091797 0.38360543131828306
0 0.5782201766967774 0.8439629364013671 0.5867495441436769 0.8439629364013671 0.5867495441436769 0.8539890670776367 0.5782201766967774 0.8539890670776367
0 0.46920997619628907 0.8426911926269531 0.47692459523677827 0.8426911926269531 0.47692459523677827 0.8529260456562042 0.46920997619628907 0.8529260456562042
0 0.5070534896850586 0.8441279602050781 0.5150769513845445 0.8441279602050781 0.5150769513845445 0.8544459855556488 0.5070534896850586 0.8544459855556488
0 0.45332099914550783 0.14428765296936036 0.46163550138473514 0.14428765296936036 0.46163550138473514 0.15500779151916505 0.45332099914550783 0.15500779151916505
0 0.5073297882080078 0.2271131706237793 0.5151862901449203 0.2271131706237793 0.5151862901449203 0.2374797785282135 0.5073297882080078 0.2374797785282135
0 0.44608421325683595 0.3728837585449219 0.4541648364067078 0.3728837585449219 0.4541648364067078 0.38241109371185306 0.44608421325683595 0.38241109371185306
0 0.5790531158447265 0.770302734375 0.5870574152469635 0.770302734375 0.5870574152469635 0.7802632451057434 0.5790531158447265 0.7802632451057434
0 0.43751548767089843 0.2265627098083496 0.44611845791339877 0.2265627098083496 0.44611845791339877 0.23751263022422792 0.43751548767089843 0.23751263022422792
0 0.5621352767944336 0.5327405548095703 0.5708738315105439 0.5327405548095703 0.5708738315105439 0.5433243834972381 0.5621352767944336 0.5433243834972381
0 0.7737320709228516 0.7632452392578125 0.7820332068204879 0.7632452392578125 0.7820332068204879 0.7725600582361222 0.7737320709228516 0.7725600582361222
0 0.4851769256591797 0.7733244323730468 0.49298682332038885 0.7733244323730468 0.49298682332038885 0.7843099701404571 0.4851769256591797 0.7843099701404571
0 0.46198101043701173 0.47092933654785163 0.4693642240762711 0.47092933654785163 0.4693642240762711 0.4807548505067825 0.46198101043701173 0.4807548505067825
0 0.5697546005249023 0.46992931365966795 0.5782526814937591 0.46992931365966795 0.5782526814937591 0.4786852097511291 0.5697546005249023 0.4786852097511291
0 0.4982827377319336 0.37397541046142574 0.5055191886425019 0.37397541046142574 0.5055191886425019 0.3841957151889801 0.4982827377319336 0.3841957151889801
0 0.5798255920410156 0.6853475952148438 0.5872026252746582 0.6853475952148438 0.5872026252746582 0.6966140365600586 0.5798255920410156 0.6966140365600586
0 0.5844494247436524 0.6247991561889649 0.592272511124611 0.6247991561889649 0.592272511124611 0.6342817425727845 0.5844494247436524 0.6342817425727845
0 0.5289614486694336 0.4678279876708985 0.5368812334537506 0.4678279876708985 0.5368812334537506 0.4777459239959717 0.5289614486694336 0.4777459239959717
0 0.2179942512512207 0.7732726287841797 0.22494468867778777 0.7732726287841797 0.22494468867778777 0.7826392322778701 0.2179942512512207 0.7826392322778701
0 0.548069953918457 0.6217911148071289 0.5561835485696792 0.6217911148071289 0.5561835485696792 0.6319817328453063 0.548069953918457 0.6319817328453063
0 0.4665687942504883 0.3034553527832031 0.4742556458711625 0.3034553527832031 0.4742556458711625 0.3139892935752869 0.4665687942504883 0.3139892935752869
0 0.5244475936889649 0.14659350395202636 0.5324119716882705 0.14659350395202636 0.5324119716882705 0.15792879819869995 0.5244475936889649 0.15792879819869995
0 0.5284074401855469 0.5334245300292969 0.5370711201429367 0.5334245300292969 0.5370711201429367 0.543658196926117 0.5284074401855469 0.543658196926117
0 0.8196184539794922 0.8377613067626954 0.8279563176631927 0.8377613067626954 0.8279563176631927 0.8476048070192338 0.8196184539794922 0.8476048070192338
0 0.5445439910888672 0.6853617095947265 0.5518040400743486 0.6853617095947265 0.5518040400743486 0.6951402217149736 0.5445439910888672 0.6951402217149736
0 0.4359428787231445 0.47092464447021487 0.44352803468704227 0.47092464447021487 0.44352803468704227 0.47959713160991674 0.4359428787231445 0.47959713160991674
0 0.4792755126953125 0.5340451431274414 0.48667448759078974 0.5340451431274414 0.48667448759078974 0.5438346445560456 0.4792755126953125 0.5438346445560456
0 0.48566417694091796 0.3053101921081543 0.492836754322052 0.3053101921081543 0.492836754322052 0.314432932138443 0.48566417694091796 0.314432932138443
0 0.18893352508544922 0.7710456848144531 0.1961396062374115 0.7710456848144531 0.1961396062374115 0.7803432679176331 0.18893352508544922 0.7803432679176331
0 0.5375138473510742 0.30812725067138674 0.5450095206499099 0.30812725067138674 0.5450095206499099 0.31819983005523683 0.5375138473510742 0.31819983005523683
0 0.5101254272460938 0.7695777130126954 0.518368781208992 0.7695777130126954 0.518368781208992 0.7793300557136537 0.5101254272460938 0.7793300557136537
0 0.60169677734375 0.7687091827392578 0.6097281050682068 0.7687091827392578 0.6097281050682068 0.7777237272262574 0.60169677734375 0.7777237272262574
0 0.22499034881591798 0.8422150421142578 0.2325880873203278 0.8422150421142578 0.2325880873203278 0.8522781741619109 0.22499034881591798 0.8522781741619109
0 0.8360188293457032 0.7735888671875001 0.8443968510627747 0.7735888671875001 0.8443968510627747 0.7827288818359376 0.8360188293457032 0.7827288818359376
0 0.7691885375976563 0.8364141082763672 0.7782556295394898 0.8364141082763672 0.7782556295394898 0.8472027838230134 0.7691885375976563 0.8472027838230134
0 0.25915802001953125 0.7733644104003906 0.26749425709247593 0.7733644104003906 0.26749425709247593 0.7836484384536743 0.25915802001953125 0.7836484384536743
0 0.5124537658691406 0.30855676651000974 0.5202715295553207 0.30855676651000974 0.5202715295553207 0.31955503344535824 0.5124537658691406 0.31955503344535824
0 0.4562044525146484 0.7708002471923828 0.46398418724536894 0.7708002471923828 0.46398418724536894 0.7811764609813691 0.4562044525146484 0.7811764609813691
0 0.5673768234252929 0.2248662185668945 0.575400344133377 0.2248662185668945 0.575400344133377 0.23511735796928404 0.5673768234252929 0.23511735796928404
0 0.12751182556152343 0.8328539276123047 0.13558085680007934 0.8328539276123047 0.13558085680007934 0.8422799855470657 0.12751182556152343 0.8422799855470657
0 0.5529730224609375 0.3684180068969727 0.5613435328006744 0.3684180068969727 0.5613435328006744 0.3780914074182511 0.5529730224609375 0.3780914074182511
0 0.48753475189208983 0.6854473876953125 0.4953224122524261 0.6854473876953125 0.4953224122524261 0.6955621469020844 0.48753475189208983 0.6955621469020844
0 0.48595516204833983 0.1486571979522705 0.4941980129480362 0.1486571979522705 0.4941980129480362 0.15814074277877807 0.48595516204833983 0.15814074277877807
0 0.4505012512207031 0.6174164199829102 0.4581672549247741 0.6174164199829102 0.4581672549247741 0.6274258303642274 0.4505012512207031 0.6274258303642274
0 0.1629840087890625 0.8380491638183594 0.17013604879379274 0.8380491638183594 0.17013604879379274 0.8475562590360641 0.1629840087890625 0.8475562590360641
0 0.4870458221435547 0.6186251831054688 0.49574167609214786 0.6186251831054688 0.49574167609214786 0.6288021624088287 0.4870458221435547 0.6288021624088287
0 0.8028983306884766 0.7669105529785156 0.8114194774627687 0.7669105529785156 0.8114194774627687 0.7774182450771332 0.8028983306884766 0.7774182450771332
0 0.8475424194335938 0.8394559478759765 0.8536128151416779 0.8394559478759765 0.8536128151416779 0.8472973054647445 0.8475424194335938 0.8472973054647445
0 0.5639253997802735 0.30609031677246096 0.5729464197158814 0.30609031677246096 0.5729464197158814 0.3173221492767334 0.5639253997802735 0.3173221492767334
0 0.47301647186279294 0.2223690414428711 0.48182377994060516 0.2223690414428711 0.48182377994060516 0.2342379081249237 0.47301647186279294 0.2342379081249237
0 0.28427135467529296 0.851795654296875 0.2927541768550873 0.851795654296875 0.2927541768550873 0.8621197664737701 0.28427135467529296 0.8621197664737701
0 0.497978630065918 0.4640274429321289 0.5056468218564988 0.4640274429321289 0.5056468218564988 0.47443769216537474 0.497978630065918 0.47443769216537474
0 0.4501749420166016 0.535306396484375 0.45846699953079223 0.535306396484375 0.45846699953079223 0.5444479131698607 0.4501749420166016 0.5444479131698607
0 0.43621910095214844 0.8407703399658202 0.44345697164535525 0.8407703399658202 0.44345697164535525 0.8504834681749343 0.43621910095214844 0.8504834681749343
0 0.5187437438964844 0.620697135925293 0.5278401112556458 0.620697135925293 0.5278401112556458 0.6316062605381012 0.5187437438964844 0.6316062605381012
0 0.4557443618774414 0.6836254119873046 0.463776074051857 0.6836254119873046 0.463776074051857 0.6940847194194794 0.4557443618774414 0.6940847194194794
0 0.6058663177490234 0.1556340217590332 0.6143127673864365 0.1556340217590332 0.6143127673864365 0.1665173423290253 0.6058663177490234 0.1665173423290253
0 0.5809556579589844 0.36874778747558595 0.5902158504724503 0.36874778747558595 0.5902158504724503 0.3801985991001129 0.5809556579589844 0.3801985991001129
0 0.12303408575102914 0.765333725174407 0.13008689066801307 0.765333725174407 0.13008689066801307 0.7794758780390328 0.12303408575102914 0.7794758780390328
0 0.18197538398582325 0.8400851046017149 0.19305836314108366 0.8400851046017149 0.19305836314108366 0.8481663348100723 0.18197538398582325 0.8481663348100723
0 0.8806060881910579 0.7673540327264965 0.8886664366676109 0.7673540327264965 0.8886664366676109 0.7808227497404258 0.8806060881910579 0.7808227497404258
0 0.8967267851441642 0.8279632592891782 0.9052909054005016 0.8279632592891782 0.9052909054005016 0.8394116687510182 0.8967267851441642 0.8394116687510182
