0 0.500590934753418 0.5298169708251953 0.5084544748067856 0.5298169708251953 0.5084544748067856 0.5398904597759246 0.500590934753418 0.5398904597759246
0 0.5165996551513672 0.6863246917724608 0.5245945507287979 0.6863246917724608 0.5245945507287979 0.6960139435529707 0.5165996551513672 0.6960139435529707
0 0.5478678894042969 0.8424433135986328 0.556494842171669 0.8424433135986328 0.556494842171669 0.8538354623317718 0.5478678894042969 0.8538354623317718
0 0.5070470809936524 0.8436079406738282 0.5149661558866501 0.8436079406738282 0.5149661558866501 0.8541178464889527 0.5070470809936524 0.8541178464889527
0 0.21797845840454103 0.7726639556884766 0.22527548611164094 0.7726639556884766 0.22527548611164094 0.7824644464254379 0.21797845840454103 0.7824644464254379
0 0.4692572784423828 0.37324649810791016 0.4767909508943558 0.37324649810791016 0.4767909508943558 0.3838198506832123 0.4692572784423828 0.3838198506832123
0 0.5216426086425782 0.37327358245849607 0.5300682991743089 0.37327358245849607 0.5300682991743089 0.38349301815032955 0.5216426086425782 0.38349301815032955
0 0.7737552642822265 0.7627778625488282 0.7821700131893158 0.7627778625488282 0.7821700131893158 0.7719784379005432 0.7737552642822265 0.7719784379005432
0 0.5398142623901367 0.2256795883178711 0.5476050567626953 0.2256795883178711 0.5476050567626953 0.23664186239242554 0.5398142623901367 0.23664186239242554
0 0.44590667724609373 0.3724733734130859 0.45404449105262756 0.3724733734130859 0.45404449105262756 0.3820211851596832 0.44590667724609373 0.3820211851596832
0 0.4532357788085937 0.14409729957580567 0.46147017240524285 0.14409729957580567 0.46147017240524285 0.15479096293449401 0.4532357788085937 0.15479096293449401
0 0.5779546737670899 0.8433782196044922 0.5865761262178423 0.8433782196044922 0.5865761262178423 0.8536059570312501 0.5779546737670899 0.8536059570312501
0 0.46902042388916015 0.84166748046875 0.47695147514343267 0.84166748046875 0.47695147514343267 0.8522090899944305 0.46902042388916015 0.8522090899944305
0 0.43736732482910157 0.22642377853393555 0.44596275448799133 0.22642377853393555 0.44596275448799133 0.23746240615844724 0.43736732482910157 0.23746240615844724
0 0.5071434783935547 0.22697351455688478 0.5149872058629991 0.22697351455688478 0.5149872058629991 0.2373728334903717 0.5071434783935547 0.2373728334903717
0 0.18903083801269532 0.77064208984375 0.1963365453481674 0.77064208984375 0.1963365453481674 0.7803106278181076 0.18903083801269532 0.7803106278181076
0 0.5620226669311523 0.532376594543457 0.5707674318552017 0.532376594543457 0.5707674318552017 0.5430540311336517 0.5620226669311523 0.5430540311336517
0 0.5693942642211914 0.4695072555541992 0.5780720794200896 0.4695072555541992 0.5780720794200896 0.47852061450481415 0.5693942642211914 0.47852061450481415
0 0.4850121307373047 0.7730046081542968 0.49297816514968873 0.7730046081542968 0.49297816514968873 0.7840016889572143 0.4850121307373047 0.7840016889572143
0 0.4981661224365234 0.3738376235961914 0.5053469204902649 0.3738376235961914 0.5053469204902649 0.38407745718955993 0.4981661224365234 0.38407745718955993
0 0.46191864013671874 0.4708140563964844 0.4692885762453079 0.4708140563964844 0.4692885762453079 0.480552049279213 0.46191864013671874 0.480552049279213
0 0.8193961334228516 0.8368028259277344 0.8276564019918442 0.8368028259277344 0.8276564019918442 0.8466689378023147 0.8193961334228516 0.8466689378023147
0 0.5785867691040039 0.7694138336181641 0.5869866144657134 0.7694138336181641 0.5869866144657134 0.7792844516038895 0.5785867691040039 0.7792844516038895
0 0.16264884948730468 0.8353205871582031 0.16985763669013976 0.8353205871582031 0.16985763669013976 0.8438863813877104 0.16264884948730468 0.8438863813877104
0 0.46634376525878907 0.3032673263549805 0.47408068120479585 0.3032673263549805 0.47408068120479585 0.31404022932052617 0.46634376525878907 0.31404022932052617
0 0.5794873428344727 0.6846082305908203 0.5868957215547562 0.6846082305908203 0.5868957215547562 0.6961869633197785 0.5794873428344727 0.6961869633197785
0 0.5288819885253906 0.4673806381225586 0.5367368936538696 0.4673806381225586 0.5367368936538696 0.47745436429977417 0.5288819885253906 0.47745436429977417
0 0.4854777526855469 0.30489774703979494 0.4925932276248932 0.30489774703979494 0.4925932276248932 0.31424670040607455 0.4854777526855469 0.31424670040607455
0 0.5842259979248047 0.6241643142700195 0.5921295773983002 0.6241643142700195 0.5921295773983002 0.6337533169984817 0.5842259979248047 0.6337533169984817
0 0.43584617614746096 0.4703597640991211 0.4434048658609391 0.4703597640991211 0.4434048658609391 0.4792583656311035 0.43584617614746096 0.4792583656311035
0 0.5243761444091797 0.14663912773132323 0.532079467177391 0.14663912773132323 0.532079467177391 0.15768869519233703 0.5243761444091797 0.15768869519233703
0 0.4792593383789063 0.5335238647460937 0.48641393601894384 0.5335238647460937 0.48641393601894384 0.5435484147071838 0.4792593383789063 0.5435484147071838
0 0.5283813858032227 0.5330060577392578 0.5368445134162905 0.5330060577392578 0.5368445134162905 0.543205885887146 0.5283813858032227 0.543205885887146
0 0.25921409606933593 0.7728285217285156 0.26780911147594455 0.7728285217285156 0.26780911147594455 0.7833016645908354 0.25921409606933593 0.7833016645908354
0 0.45609100341796877 0.7702796936035157 0.463827446103096 0.7702796936035157 0.463827446103096 0.7804229140281678 0.45609100341796877 0.7804229140281678
0 0.8357448577880859 0.7731748199462891 0.844359508752823 0.7731748199462891 0.844359508752823 0.7823920774459839 0.8357448577880859 0.7823920774459839
0 0.22507394790649415 0.8418971252441406 0.23286468327045443 0.8418971252441406 0.23286468327045443 0.852313027381897 0.22507394790649415 0.852313027381897
0 0.5526493835449219 0.3682707214355469 0.560993812084198 0.3682707214355469 0.560993812084198 0.3779222220182419 0.5526493835449219 0.3779222220182419
0 0.5101337432861328 0.7686251068115234 0.5184108084440232 0.7686251068115234 0.5184108084440232 0.7783159399032593 0.5101337432861328 0.7783159399032593
0 0.7688233184814454 0.8356903076171875 0.7780706179142 0.8356903076171875 0.7780706179142 0.846578916311264 0.7688233184814454 0.846578916311264
0 0.4869207000732422 0.6178343582153321 0.49540059447288515 0.6178343582153321 0.49540059447288515 0.6281666541099549 0.4869207000732422 0.6281666541099549
0 0.12749775886535644 0.8324514770507813 0.1356034731864929 0.8324514770507813 0.1356034731864929 0.8417503255605697 0.12749775886535644 0.8417503255605697
0 0.5439745330810547 0.6844660949707032 0.5516892701387406 0.6844660949707032 0.5516892701387406 0.6944919097423553 0.5439745330810547 0.6944919097423553
0 0.48736675262451173 0.6851645660400391 0.495313121676445 0.6851645660400391 0.495313121676445 0.695041587948799 0.48736675262451173 0.695041587948799
0 0.5373453140258789 0.30781375885009765 0.5446976846456528 0.30781375885009765 0.5446976846456528 0.3180373644828796 0.5373453140258789 0.3180373644828796
0 0.45018367767333983 0.6163628387451172 0.45797376275062557 0.6163628387451172 0.45797376275062557 0.6268989932537079 0.45018367767333983 0.6268989932537079
0 0.566892204284668 0.22433753967285155 0.5753448635339737 0.22433753967285155 0.5753448635339737 0.23498532772064212 0.566892204284668 0.23498532772064212
0 0.5477428436279297 0.6211101531982421 0.55599642932415 0.6211101531982421 0.55599642932415 0.6313584065437317 0.5477428436279297 0.6313584065437317
0 0.4858131408691406 0.14864012718200684 0.4940710735321045 0.14864012718200684 0.4940710735321045 0.1579263651371002 0.4858131408691406 0.1579263651371002
0 0.4501009368896484 0.5347925567626953 0.4584943652153015 0.5347925567626953 0.4584943652153015 0.5441971886157989 0.4501009368896484 0.5441971886157989
0 0.5636264038085937 0.30600921630859373 0.5725675809383393 0.30600921630859373 0.5725675809383393 0.316912293434143 0.5636264038085937 0.316912293434143
0 0.5119822311401367 0.3081696701049805 0.5201662647724152 0.3081696701049805 0.5201662647724152 0.31931904196739197 0.5119822311401367 0.31931904196739197
0 0.4728357696533203 0.2222382926940918 0.48171186029911045 0.2222382926940918 0.48171186029911045 0.23408867955207824 0.4728357696533203 0.23408867955207824
0 0.8470815277099609 0.8385488891601562 0.853434152007103 0.8385488891601562 0.853434152007103 0.8467331343889236 0.8470815277099609 0.8467331343889236
0 0.4971004104614257 0.46247058868408203 0.5056437945365905 0.46247058868408203 0.5056437945365905 0.4736447262763977 0.4971004104614257 0.4736447262763977
0 0.2843469619750977 0.8508975982666016 0.2935207766294479 0.8508975982666016 0.2935207766294479 0.8618170404434204 0.2843469619750977 0.8618170404434204
0 0.802214126586914 0.7657350158691406 0.8109731447696686 0.7657350158691406 0.8109731447696686 0.7771144354343413 0.802214126586914 0.7771144354343413
0 0.3126825714111328 0.7543454742431641 0.3198634874820709 0.7543454742431641 0.3198634874820709 0.76217022895813 0.3126825714111328 0.76217022895813
0 0.5807593154907227 0.36872158050537107 0.5898058849573136 0.36872158050537107 0.5898058849573136 0.37976273775100705 0.5807593154907227 0.37976273775100705
0 0.43589935302734373 0.8386544036865234 0.443835608959198 0.8386544036865234 0.443835608959198 0.8493944561481476 0.43589935302734373 0.8493944561481476
0 0.51883056640625 0.6192691802978516 0.5284428936243057 0.6192691802978516 0.5284428936243057 0.631302078962326 0.51883056640625 0.631302078962326
0 0.6013387680053711 0.7676031494140625 0.6095665675401688 0.7676031494140625 0.6095665675401688 0.7772610932588577 0.6013387680053711 0.7772610932588577
0 0.6055723953247071 0.1553560256958008 0.6142448288202287 0.1553560256958008 0.6142448288202287 0.16647708296775818 0.6055723953247071 0.16647708296775818
0 0.18335973739624023 0.838508529663086 0.19221555709838867 0.838508529663086 0.19221555709838867 0.8484903866052628 0.18335973739624023 0.8484903866052628
0 0.4552715745189498 0.6814909617626972 0.4646921068009212 0.6814909617626972 0.4646921068009212 0.6926026532991888 0.4552715745189498 0.6926026532991888
0 0.12278219986113685 0.7689029351830983 0.13109443422758224 0.7689029351830983 0.13109443422758224 0.7785330678480578 0.12278219986113685 0.7785330678480578
0 0.8808579740809502 0.7651729188621423 0.8886160594896325 0.7651729188621423 0.8886160594896325 0.7777661692701664 0.8808579740809502 0.7777661692701664
0 0.8952658469827888 0.8251760531591973 0.9046863792647603 0.8251760531591973 0.9046863792647603 0.8385100830029873 0.8952658469827888 0.8385100830029873
