0 0.5006239318847656 0.5312260055541992 0.5083272546529769 0.5312260055541992 0.5083272546529769 0.54054556787014 0.5006239318847656 0.54054556787014
0 0.5168951416015625 0.6872632598876953 0.5245671778917314 0.6872632598876953 0.5245671778917314 0.6967800796031953 0.5168951416015625 0.6967800796031953
0 0.5401068878173828 0.22659629821777344 0.5478137588500976 0.22659629821777344 0.5478137588500976 0.23728668093681338 0.5401068878173828 0.23728668093681338
0 0.5217512893676758 0.3734680557250976 0.5303054964542389 0.3734680557250976 0.5303054964542389 0.38375603675842285 0.5217512893676758 0.38375603675842285
0 0.5480864334106446 0.8442832183837891 0.5562327343225479 0.8442832183837891 0.5562327343225479 0.8550323629379273 0.5480864334106446 0.8550323629379273
0 0.46952728271484373 0.3739196395874023 0.47704270958900447 0.3739196395874023 0.47704270958900447 0.38460581183433534 0.46952728271484373 0.38460581183433534
0 0.46927364349365236 0.8435259246826172 0.47690871596336365 0.8435259246826172 0.47690871596336365 0.8534046071767807 0.46927364349365236 0.8534046071767807
0 0.5781955718994141 0.8444766235351563 0.5868325197696685 0.8444766235351563 0.5868325197696685 0.8542847836017609 0.5781955718994141 0.8542847836017609
0 0.4534732818603516 0.1445146942138672 0.4617318058013916 0.1445146942138672 0.4617318058013916 0.15510483741760253 0.4534732818603516 0.15510483741760253
0 0.5074858474731445 0.22754091262817383 0.5153025466203689 0.22754091262817383 0.5153025466203689 0.2377176356315613 0.5074858474731445 0.2377176356315613
0 0.579085578918457 0.7707746124267578 0.5871546393632888 0.7707746124267578 0.5871546393632888 0.7807099813222885 0.579085578918457 0.7807099813222885
0 0.4376838684082031 0.22718200683593753 0.44613939642906186 0.22718200683593753 0.44613939642906186 0.23755242943763735 0.4376838684082031 0.23755242943763735
0 0.5073075103759765 0.844754867553711 0.5150586205720902 0.844754867553711 0.5150586205720902 0.8547198057174683 0.5073075103759765 0.8547198057174683
0 0.44619274139404297 0.3731198501586914 0.4540497463941574 0.3731198501586914 0.4540497463941574 0.38229358434677124 0.44619274139404297 0.38229358434677124
0 0.5622063064575196 0.5329899978637695 0.5706546485424043 0.5329899978637695 0.5706546485424043 0.5437498164176942 0.5622063064575196 0.5437498164176942
0 0.48510414123535156 0.7736274719238281 0.4931263315677643 0.7736274719238281 0.4931263315677643 0.7848277390003204 0.48510414123535156 0.7848277390003204
0 0.5845699310302734 0.6254132080078125 0.5925280994176865 0.6254132080078125 0.5925280994176865 0.634446371793747 0.5845699310302734 0.634446371793747
0 0.5480742263793945 0.6223051452636719 0.5561661750078202 0.6223051452636719 0.5561661750078202 0.6322638767957687 0.5480742263793945 0.6322638767957687
0 0.5800808334350586 0.6861605072021484 0.587241877913475 0.6861605072021484 0.587241877913475 0.6969589066505432 0.5800808334350586 0.6969589066505432
0 0.49844863891601565 0.3743916702270508 0.5056127583980561 0.3743916702270508 0.5056127583980561 0.38432229578495025 0.49844863891601565 0.38432229578495025
0 0.7739614868164062 0.7633533477783203 0.7825625348091124 0.7633533477783203 0.7825625348091124 0.7731162059307098 0.7739614868164062 0.7731162059307098
0 0.56982421875 0.4703959274291992 0.5783564841747284 0.4703959274291992 0.5783564841747284 0.4793777805566788 0.56982421875 0.4793777805566788
0 0.5290738677978516 0.468245735168457 0.5370146483182907 0.468245735168457 0.5370146483182907 0.4778408253192901 0.5290738677978516 0.4778408253192901
0 0.4622188568115234 0.4713938903808594 0.46936150789260866 0.4713938903808594 0.46936150789260866 0.4810947245359421 0.4622188568115234 0.4810947245359421
0 0.21782073974609376 0.7738114929199219 0.22547731041908264 0.7738114929199219 0.22547731041908264 0.7829082614183426 0.21782073974609376 0.7829082614183426
0 0.6017470169067383 0.7694386291503906 0.6095037454366684 0.7694386291503906 0.6095037454366684 0.7781484723091125 0.6017470169067383 0.7781484723091125
0 0.5246815490722656 0.14670564651489257 0.5323370844125748 0.14670564651489257 0.5323370844125748 0.15787252068519592 0.5246815490722656 0.15787252068519592
0 0.5446610260009765 0.6859687042236328 0.5516948544979096 0.6859687042236328 0.5516948544979096 0.6953704899549483 0.5446610260009765 0.6953704899549483
0 0.5376131439208984 0.30831605911254883 0.5450732725858688 0.30831605911254883 0.5450732725858688 0.3185770809650421 0.5376131439208984 0.3185770809650421
0 0.5284014511108398 0.533719482421875 0.5370485121011733 0.533719482421875 0.5370485121011733 0.5439235401153564 0.5284014511108398 0.5439235401153564
0 0.4666468048095703 0.30391265869140627 0.47434734761714936 0.30391265869140627 0.47434734761714936 0.3142201685905457 0.4666468048095703 0.3142201685905457
0 0.18880849838256836 0.7714718627929688 0.19613409221172334 0.7714718627929688 0.19613409221172334 0.7806505382061004 0.18880849838256836 0.7806505382061004
0 0.4360459518432617 0.47175846099853513 0.44364411890506744 0.47175846099853513 0.44364411890506744 0.4803482103347778 0.4360459518432617 0.4803482103347778
0 0.8197669219970704 0.8381609344482421 0.8277753615379334 0.8381609344482421 0.8277753615379334 0.8480246740579604 0.8197669219970704 0.8480246740579604
0 0.512735595703125 0.30904356002807615 0.5202827823162078 0.30904356002807615 0.5202827823162078 0.3201027226448059 0.512735595703125 0.3201027226448059
0 0.51040283203125 0.7701183319091796 0.5183967220783234 0.7701183319091796 0.5183967220783234 0.7801532387733459 0.51040283203125 0.7801532387733459
0 0.7696576690673829 0.8372137451171875 0.7783770614862443 0.8372137451171875 0.7783770614862443 0.8473059713840485 0.7696576690673829 0.8473059713840485
0 0.5677702713012696 0.22538970947265624 0.5754819333553315 0.22538970947265624 0.5754819333553315 0.23534468591213228 0.5677702713012696 0.23534468591213228
0 0.12755311012268067 0.8333106231689453 0.13546973049640654 0.8333106231689453 0.13546973049640654 0.8425699412822725 0.12755311012268067 0.8425699412822725
0 0.485901985168457 0.3056587028503418 0.49320988059043874 0.3056587028503418 0.49320988059043874 0.31487204670906066 0.485901985168457 0.31487204670906066
0 0.25895965576171875 0.7738557434082032 0.2674897921085358 0.7738557434082032 0.2674897921085358 0.7841815948486328 0.25895965576171875 0.7841815948486328
0 0.22493419647216797 0.8426132202148438 0.23236213684082033 0.8426132202148438 0.23236213684082033 0.8523708599805832 0.22493419647216797 0.8523708599805832
0 0.5530829620361328 0.368487663269043 0.5616385889053345 0.368487663269043 0.5616385889053345 0.3784365123510361 0.5530829620361328 0.3784365123510361
0 0.4562863922119141 0.7711471557617189 0.46407541275024417 0.7711471557617189 0.46407541275024417 0.7816800689697267 0.4562863922119141 0.7816800689697267
0 0.8030369567871094 0.7670475769042969 0.8115472799539566 0.7670475769042969 0.8115472799539566 0.7774509084224701 0.8030369567871094 0.7774509084224701
0 0.43623664855957034 0.8411906433105468 0.4434635776281357 0.8411906433105468 0.4434635776281357 0.8507296001911163 0.43623664855957034 0.8507296001911163
0 0.28432340621948243 0.8520494842529297 0.29283695280551914 0.8520494842529297 0.29283695280551914 0.8625527489185333 0.28432340621948243 0.8625527489185333
0 0.4859536361694336 0.14786094665527344 0.49411797523498535 0.14786094665527344 0.49411797523498535 0.1584154522418976 0.4859536361694336 0.1584154522418976
0 0.4795464324951172 0.5347378540039063 0.48672773301601413 0.5347378540039063 0.48672773301601413 0.5441318130493165 0.4795464324951172 0.5441318130493165
0 0.16308422088623048 0.8379948425292968 0.1702336436510086 0.8379948425292968 0.1702336436510086 0.8473895126581192 0.16308422088623048 0.8473895126581192
0 0.5187372207641602 0.6211034774780273 0.5277630311250688 0.6211034774780273 0.5277630311250688 0.6322506153583527 0.5187372207641602 0.6322506153583527
0 0.487657356262207 0.685970458984375 0.49548372507095334 0.685970458984375 0.49548372507095334 0.6961639630794525 0.487657356262207 0.6961639630794525
0 0.47323295593261716 0.2238351058959961 0.481771342754364 0.2238351058959961 0.481771342754364 0.23467596173286437 0.47323295593261716 0.23467596173286437
0 0.8365947723388671 0.774025344848633 0.8447991514205933 0.774025344848633 0.8447991514205933 0.7830105578899385 0.8365947723388671 0.7830105578899385
0 0.8479161834716797 0.840413818359375 0.853716061115265 0.840413818359375 0.853716061115265 0.8478659582138062 0.8479161834716797 0.8478659582138062
0 0.49804718017578126 0.46413230895996094 0.5056512027978897 0.46413230895996094 0.5056512027978897 0.47447025656700137 0.49804718017578126 0.47447025656700137
0 0.4505479049682617 0.6178730773925781 0.4581227111816406 0.6178730773925781 0.4581227111816406 0.6276732522249222 0.4505479049682617 0.6276732522249222
0 0.4559844207763672 0.68381103515625 0.46395725607872007 0.68381103515625 0.46395725607872007 0.6944615113735199 0.4559844207763672 0.6944615113735199
0 0.48714183807373046 0.6188024139404297 0.49597490251064297 0.6188024139404297 0.49597490251064297 0.6292204904556274 0.48714183807373046 0.6292204904556274
0 0.5639363479614258 0.30610559463500975 0.573095229268074 0.30610559463500975 0.573095229268074 0.31783705353736874 0.5639363479614258 0.31783705353736874
0 0.45039791107177735 0.5355463027954102 0.45855825841426845 0.5355463027954102 0.45855825841426845 0.5444769239425659 0.45039791107177735 0.5444769239425659
0 0.6060331726074218 0.15618142127990722 0.6143432390689849 0.15618142127990722 0.6143432390689849 0.16684821486473084 0.6060331726074218 0.16684821486473084
0 0.5811618423461914 0.36991134643554685 0.5900050204992294 0.36991134643554685 0.5900050204992294 0.3807487630844116 0.5811618423461914 0.3807487630844116
0 0.12417902161417585 0.7691951675340296 0.13059066244779757 0.7691951675340296 0.13059066244779757 0.7789905980896146 0.12417902161417585 0.7789905980896146
0 0.1814258147715126 0.8395998246522954 0.19424909643875618 0.8395998246522954 0.19424909643875618 0.8493952552078804 0.1814258147715126 0.8493952552078804
0 0.8823005932685151 0.7667463098951335 0.890086157137913 0.7667463098951335 0.890086157137913 0.7808272413187869 0.8823005932685151 0.7808272413187869
0 0.8969557723167934 0.8267433220480913 0.9056572848767086 0.8267433220480913 0.9056572848767086 0.8395998246522965 0.8969557723167934 0.8395998246522965
