0 0.49183135986328125 0.1552100658416748 0.49814255475997926 0.1552100658416748 0.49814255475997926 0.1649863642454147 0.49183135986328125 0.1649863642454147
0 0.522965202331543 0.5224330139160156 0.5299018597602845 0.5224330139160156 0.5299018597602845 0.5316693645715713 0.522965202331543 0.5316693645715713
0 0.5247849273681641 0.6783439636230468 0.5317596131563186 0.6783439636230468 0.5317596131563186 0.6872803962230682 0.5247849273681641 0.6872803962230682
0 0.16232303619384766 0.32151161193847655 0.16931349873542786 0.32151161193847655 0.16931349873542786 0.3311539804935455 0.16232303619384766 0.3311539804935455
0 0.19726814270019533 0.8340758514404297 0.2041006648540497 0.8340758514404297 0.2041006648540497 0.8426882123947144 0.19726814270019533 0.8426882123947144
0 0.5394326782226563 0.6263776016235352 0.5478234153985977 0.6263776016235352 0.5478234153985977 0.6356441533565521 0.5394326782226563 0.6356441533565521
0 0.497883186340332 0.6260496139526367 0.5061972749233246 0.6260496139526367 0.5061972749233246 0.6355565905570983 0.497883186340332 0.6355565905570983
0 0.47764495849609373 0.4712556838989258 0.48561374306678773 0.4712556838989258 0.48561374306678773 0.48043127596378327 0.47764495849609373 0.48043127596378327
0 0.5477262115478516 0.782816162109375 0.5552414017915727 0.782816162109375 0.5552414017915727 0.791375868320465 0.5477262115478516 0.791375868320465
0 0.555361557006836 0.3122056198120117 0.5635849797725677 0.3122056198120117 0.5635849797725677 0.322516371011734 0.555361557006836 0.322516371011734
0 0.47621162414550783 0.3192909049987793 0.48395921528339386 0.3192909049987793 0.48395921528339386 0.32960068821907046 0.47621162414550783 0.32960068821907046
0 0.5026251983642578 0.7807777404785157 0.5106583595275879 0.7807777404785157 0.5106583595275879 0.7908502805233001 0.5026251983642578 0.7908502805233001
0 0.2333008575439453 0.21851421356201173 0.24050282835960388 0.21851421356201173 0.24050282835960388 0.22809153497219087 0.2333008575439453 0.22809153497219087
0 0.5292443084716797 0.7819952392578124 0.5358492350578308 0.7819952392578124 0.5358492350578308 0.7920669102668763 0.5292443084716797 0.7920669102668763
0 0.13970355987548827 0.3205426788330078 0.1463336515426636 0.3205426788330078 0.1463336515426636 0.3300762790441513 0.13970355987548827 0.3300762790441513
0 0.15647300720214843 0.47186122894287114 0.16360890090465546 0.47186122894287114 0.16360890090465546 0.47986327767372133 0.15647300720214843 0.47986327767372133
0 0.518620719909668 0.051255564689636234 0.5250721716880797 0.051255564689636234 0.5250721716880797 0.06053807735443116 0.518620719909668 0.06053807735443116
0 0.49493316650390623 0.4701193237304688 0.5021391594409942 0.4701193237304688 0.5021391594409942 0.47882584631443026 0.49493316650390623 0.47882584631443026
0 0.20862548828125 0.6242057037353516 0.2165845876932144 0.6242057037353516 0.2165845876932144 0.633934644460678 0.20862548828125 0.633934644460678
0 0.22020627975463866 0.3247420883178711 0.2275466740131378 0.3247420883178711 0.2275466740131378 0.33441307723522185 0.22020627975463866 0.33441307723522185
0 0.24891231536865235 0.835997085571289 0.25616775155067445 0.835997085571289 0.25616775155067445 0.8452203518152236 0.24891231536865235 0.8452203518152236
0 0.4714896011352539 0.6274044799804688 0.47896951258182524 0.6274044799804688 0.47896951258182524 0.6367807686328888 0.4714896011352539 0.6367807686328888
0 0.24791309356689453 0.1642688751220703 0.25506798684597015 0.1642688751220703 0.25506798684597015 0.17490867853164674 0.24791309356689453 0.17490867853164674
0 0.16341136932373046 0.37265613555908206 0.1699486219882965 0.37265613555908206 0.1699486219882965 0.3816051781177521 0.16341136932373046 0.3816051781177521
0 0.5496872711181641 0.5220377349853516 0.5575330090522765 0.5220377349853516 0.5575330090522765 0.5313881707191467 0.5496872711181641 0.5313881707191467
0 0.5325218963623047 0.15216382026672362 0.5400322961807252 0.15216382026672362 0.5400322961807252 0.16174591422080994 0.5325218963623047 0.16174591422080994
0 0.15759138107299805 0.6182682418823242 0.16369242727756503 0.6182682418823242 0.16369242727756503 0.6268730920553207 0.15759138107299805 0.6268730920553207
0 0.497939453125 0.6856641387939453 0.5058694696426392 0.6856641387939453 0.5058694696426392 0.6945010334253312 0.497939453125 0.6945010334253312
0 0.13465309143066406 0.7742613220214843 0.14089674532413482 0.7742613220214843 0.14089674532413482 0.7826083540916444 0.13465309143066406 0.7826083540916444
0 0.4538555908203125 0.8376818084716797 0.4608089852333069 0.8376818084716797 0.4608089852333069 0.8466179245710372 0.4538555908203125 0.8466179245710372
0 0.45095363616943357 0.47012294769287105 0.45808102846145626 0.47012294769287105 0.45808102846145626 0.48020193099975583 0.45095363616943357 0.48020193099975583
0 0.18500715255737304 0.6687522125244141 0.19234180986881255 0.6687522125244141 0.19234180986881255 0.6782107645273209 0.18500715255737304 0.6782107645273209
0 0.24016231536865235 0.6244043350219727 0.24734051108360292 0.6244043350219727 0.24734051108360292 0.6340699082612992 0.24016231536865235 0.6340699082612992
0 0.503017692565918 0.5203584289550781 0.5105488514900208 0.5203584289550781 0.5105488514900208 0.5308953344821931 0.503017692565918 0.5308953344821931
0 0.4980950546264648 0.04978223323822021 0.5049652355909348 0.04978223323822021 0.5049652355909348 0.057530535459518424 0.4980950546264648 0.057530535459518424
0 0.5316797256469726 0.8275299072265625 0.5386234211921691 0.8275299072265625 0.5386234211921691 0.8370678365230559 0.5316797256469726 0.8370678365230559
0 0.21046653747558594 0.36802871704101564 0.21719644725322726 0.36802871704101564 0.21719644725322726 0.3774751329421997 0.21046653747558594 0.3774751329421997
0 0.48234039306640625 0.3663870620727539 0.4899990928173065 0.3663870620727539 0.4899990928173065 0.375897991657257 0.48234039306640625 0.375897991657257
0 0.5186385726928711 0.46701229095458985 0.527228797674179 0.46701229095458985 0.527228797674179 0.4768059432506562 0.5186385726928711 0.4768059432506562
0 0.4786500930786133 0.7788323974609375 0.4865623074769974 0.7788323974609375 0.4865623074769974 0.7884391885995865 0.4786500930786133 0.7884391885995865
0 0.20389062881469727 0.22508810043334962 0.21193827986717226 0.22508810043334962 0.21193827986717226 0.23472612082958222 0.20389062881469727 0.23472612082958222
0 0.18625661849975586 0.3680546569824219 0.19344177842140198 0.3680546569824219 0.19344177842140198 0.37599559187889103 0.18625661849975586 0.37599559187889103
0 0.4795869445800781 0.83598876953125 0.4864149570465088 0.83598876953125 0.4864149570465088 0.8451180320978166 0.4795869445800781 0.8451180320978166
0 0.1783253288269043 0.8324710083007812 0.18473413825035095 0.8324710083007812 0.18473413825035095 0.840359011888504 0.1783253288269043 0.840359011888504
0 0.23124244689941406 0.5276224136352539 0.23987757623195646 0.5276224136352539 0.23987757623195646 0.5377994728088379 0.23124244689941406 0.5377994728088379
0 0.17243679046630858 0.7781429290771484 0.179913774728775 0.7781429290771484 0.179913774728775 0.7880766379833221 0.17243679046630858 0.7880766379833221
0 0.46854457855224607 0.21079574584960936 0.4750788003206253 0.21079574584960936 0.4750788003206253 0.21993633389472958 0.46854457855224607 0.21993633389472958
0 0.15772494316101074 0.8279093933105469 0.164132422208786 0.8279093933105469 0.164132422208786 0.8368092995882034 0.15772494316101074 0.8368092995882034
0 0.5497747421264648 0.3559201049804688 0.5574256056547164 0.3559201049804688 0.5574256056547164 0.36544028460979466 0.5497747421264648 0.36544028460979466
0 0.5555340194702149 0.8317188262939454 0.5631446069478989 0.8317188262939454 0.5631446069478989 0.8404073232412338 0.5555340194702149 0.8404073232412338
0 0.49482093811035155 0.006056029796600342 0.5017972803115845 0.006056029796600342 0.5017972803115845 0.016954528093338014 0.49482093811035155 0.016954528093338014
0 0.45110355377197264 0.6801583862304688 0.4580261647701263 0.6801583862304688 0.4580261647701263 0.6901812756061554 0.45110355377197264 0.6901812756061554
0 0.15471199989318848 0.6584758758544922 0.16173395574092866 0.6584758758544922 0.16173395574092866 0.6673342353105545 0.15471199989318848 0.6673342353105545
0 0.5428939056396485 0.4669529342651367 0.5516788280010224 0.4669529342651367 0.5516788280010224 0.476487226486206 0.5428939056396485 0.476487226486206
0 0.22190366744995116 0.16665843963623048 0.22945332288742065 0.16665843963623048 0.22945332288742065 0.17706477522850037 0.22190366744995116 0.17706477522850037
0 0.23494152069091798 0.6710916900634766 0.2421932601928711 0.6710916900634766 0.2421932601928711 0.6793399745225907 0.23494152069091798 0.6793399745225907
0 0.4559380340576172 0.6285320281982422 0.4623447740077972 0.6285320281982422 0.4623447740077972 0.6373255574703217 0.4559380340576172 0.6373255574703217
0 0.23212743759155274 0.37129276275634765 0.23947049319744113 0.37129276275634765 0.23947049319744113 0.3811565023660659 0.23212743759155274 0.3811565023660659
0 0.1712644386291504 0.16174978256225586 0.1780515539646149 0.16174978256225586 0.1780515539646149 0.1718078637123108 0.1712644386291504 0.1718078637123108
0 0.17796371459960938 0.47234935760498054 0.1848734474182129 0.47234935760498054 0.1848734474182129 0.48099057614803314 0.17796371459960938 0.48099057614803314
0 0.2453232765197754 0.0743958854675293 0.25200222015380863 0.0743958854675293 0.25200222015380863 0.08265132963657379 0.2453232765197754 0.08265132963657379
0 0.5199865341186524 0.6282381820678711 0.5271803432703018 0.6282381820678711 0.5271803432703018 0.6376902902126312 0.5199865341186524 0.6376902902126312
0 0.5053909683227539 0.36070041656494134 0.5128231811523437 0.36070041656494134 0.5128231811523437 0.37055415511131284 0.5053909683227539 0.37055415511131284
0 0.18497095108032227 0.31830629348754885 0.19281572818756104 0.31830629348754885 0.19281572818756104 0.3284000027179718 0.18497095108032227 0.3284000027179718
0 0.14206204414367676 0.2178582763671875 0.1490208947658539 0.2178582763671875 0.1490208947658539 0.22592535316944123 0.14206204414367676 0.22592535316944123
0 0.216995849609375 0.02321518898010254 0.2237270897626877 0.02321518898010254 0.2237270897626877 0.030482165217399597 0.216995849609375 0.030482165217399597
0 0.20992643356323243 0.8385340118408203 0.21669799447059632 0.8385340118408203 0.21669799447059632 0.8465771329402924 0.20992643356323243 0.8465771329402924
0 0.19497383117675782 0.1598565673828125 0.20259221017360687 0.1598565673828125 0.20259221017360687 0.1700151658058167 0.19497383117675782 0.1700151658058167
0 0.14010211944580078 0.368717155456543 0.1466887855529785 0.368717155456543 0.1466887855529785 0.37783321440219875 0.14010211944580078 0.37783321440219875
0 0.2229200553894043 0.7794347381591797 0.23027742385864258 0.7794347381591797 0.23027742385864258 0.7885059696435929 0.2229200553894043 0.7885059696435929
0 0.13366913795471191 0.473148193359375 0.1413340622186661 0.473148193359375 0.1413340622186661 0.4817068320512772 0.13366913795471191 0.4817068320512772
0 0.5172478866577148 0.0007597368955612182 0.5254238176345825 0.0007597368955612182 0.5254238176345825 0.011653684973716735 0.5172478866577148 0.011653684973716735
0 0.471685905456543 0.14851086616516113 0.4790994000434876 0.14851086616516113 0.4790994000434876 0.15815861105918883 0.471685905456543 0.15815861105918883
0 0.4555826187133789 0.7861274719238283 0.46268298268318175 0.7861274719238283 0.46268298268318175 0.7959140479564668 0.4555826187133789 0.7959140479564668
0 0.542266731262207 0.680340805053711 0.5494629061222076 0.680340805053711 0.5494629061222076 0.6899864155054093 0.542266731262207 0.6899864155054093
0 0.15157570838928222 0.779338150024414 0.15838560819625852 0.779338150024414 0.15838560819625852 0.7889050155878066 0.15157570838928222 0.7889050155878066
0 0.14360726356506348 0.02457268476486206 0.14971709251403809 0.02457268476486206 0.14971709251403809 0.03198422431945801 0.14360726356506348 0.03198422431945801
0 0.1936495590209961 0.028160862922668457 0.1991023433208466 0.028160862922668457 0.1991023433208466 0.035143619179725645 0.1936495590209961 0.035143619179725645
0 0.4756623840332031 0.6820972442626954 0.4837257075309753 0.6820972442626954 0.4837257075309753 0.6921459865570069 0.4756623840332031 0.6921459865570069
0 0.20119405746459962 0.7757625579833984 0.20838714241981507 0.7757625579833984 0.20838714241981507 0.7848250138759613 0.20119405746459962 0.7848250138759613
0 0.1335124683380127 0.619505386352539 0.14060313284397125 0.619505386352539 0.14060313284397125 0.6279622340202332 0.1335124683380127 0.6279622340202332
0 0.16401224136352538 0.024257762432098387 0.17136161029338837 0.024257762432098387 0.17136161029338837 0.033606888651847834 0.16401224136352538 0.033606888651847834
0 0.5016166687011718 0.8283366394042969 0.5087636369466781 0.8283366394042969 0.5087636369466781 0.8385949730873108 0.5016166687011718 0.8385949730873108
0 0.20437562942504883 0.5266958236694336 0.21196937561035156 0.5266958236694336 0.21196937561035156 0.5359592920541764 0.20437562942504883 0.5359592920541764
0 0.44837158203125 0.21171047210693358 0.45593506217002866 0.21171047210693358 0.45593506217002866 0.22101080298423767 0.44837158203125 0.22101080298423767
0 0.21352607727050782 0.6731809997558593 0.22070897459983826 0.6731809997558593 0.22070897459983826 0.6839067423343659 0.21352607727050782 0.6839067423343659
0 0.503401985168457 0.3109909248352051 0.5114476841688156 0.3109909248352051 0.5114476841688156 0.32127378702163695 0.503401985168457 0.32127378702163695
0 0.5111461639404297 0.15283358573913575 0.518725464940071 0.15283358573913575 0.518725464940071 0.16249945521354675 0.5111461639404297 0.16249945521354675
0 0.5088024139404297 0.20182018280029296 0.5163316798210145 0.20182018280029296 0.5163316798210145 0.21072922050952908 0.5088024139404297 0.21072922050952908
0 0.21660511016845704 0.07634833335876465 0.22405401647090914 0.07634833335876465 0.22405401647090914 0.08594846844673157 0.21660511016845704 0.08594846844673157
0 0.47322826385498046 0.5223251724243164 0.4805984956026077 0.5223251724243164 0.4805984956026077 0.5323914670944214 0.47322826385498046 0.5323914670944214
0 0.5276075744628906 0.308519287109375 0.53571164727211 0.308519287109375 0.53571164727211 0.3189555275440216 0.5276075744628906 0.3189555275440216
0 0.44848869323730467 0.31858972549438475 0.4567237669229507 0.31858972549438475 0.4567237669229507 0.3291201484203339 0.44848869323730467 0.3291201484203339
0 0.19226051330566407 0.07877631187438965 0.1999792575836182 0.07877631187438965 0.1999792575836182 0.08838919579982757 0.19226051330566407 0.08838919579982757
0 0.1603280258178711 0.5299886322021484 0.1681572777032852 0.5299886322021484 0.1681572777032852 0.5408994960784912 0.1603280258178711 0.5408994960784912
0 0.4692064666748047 0.0017607061564922334 0.477141746878624 0.0017607061564922334 0.477141746878624 0.012665267437696456 0.4692064666748047 0.012665267437696456
0 0.1379481601715088 0.6736937713623047 0.14517569541931152 0.6736937713623047 0.14517569541931152 0.6838502740859985 0.1379481601715088 0.6838502740859985
0 0.5425026321411133 0.04979984760284424 0.5502736729383468 0.04979984760284424 0.5502736729383468 0.05879736959934235 0.5425026321411133 0.05879736959934235
0 0.13981303215026855 0.1601078987121582 0.14822372972965242 0.1601078987121582 0.14822372972965242 0.17097467660903928 0.13981303215026855 0.17097467660903928
0 0.4512752914428711 0.0 0.4583013725280762 0.0 0.4583013725280762 0.009207208156585694 0.4512752914428711 0.009207208156585694
0 0.14374747276306152 0.07596882820129394 0.15168177664279936 0.07596882820129394 0.15168177664279936 0.08562346100807189 0.14374747276306152 0.08562346100807189
0 0.22531791687011718 0.47436462402343754 0.23435737431049344 0.47436462402343754 0.23435737431049344 0.48476341009140017 0.22531791687011718 0.48476341009140017
0 0.5267697143554687 0.20121656417846678 0.5344157868623733 0.20121656417846678 0.5344157868623733 0.21039484441280365 0.5267697143554687 0.21039484441280365
0 0.2627676010131836 0.22414697647094728 0.2704451674222946 0.22414697647094728 0.2704451674222946 0.23463263034820556 0.2627676010131836 0.23463263034820556
0 0.449736213684082 0.15361244201660157 0.4573539274930954 0.15361244201660157 0.4573539274930954 0.16501832723617554 0.449736213684082 0.16501832723617554
0 0.25334562301635744 0.3236402130126953 0.2615777987241745 0.3236402130126953 0.2615777987241745 0.33441291809082024 0.25334562301635744 0.33441291809082024
0 0.5280960464477539 0.3548663330078125 0.5355397921800613 0.3548663330078125 0.5355397921800613 0.36496674180030825 0.5280960464477539 0.36496674180030825
0 0.1363023567199707 0.8242549896240234 0.1435196751356125 0.8242549896240234 0.1435196751356125 0.8330831080675125 0.1363023567199707 0.8330831080675125
0 0.19863271713256836 0.4726406097412109 0.20764535367488862 0.4726406097412109 0.20764535367488862 0.4838951528072357 0.19863271713256836 0.4838951528072357
0 0.17598344802856444 0.6191468811035157 0.18430166184902189 0.6191468811035157 0.18430166184902189 0.6292407286167145 0.17598344802856444 0.6292407286167145
0 0.4497554779052734 0.5236311340332032 0.4573596483469009 0.5236311340332032 0.4573596483469009 0.5333600747585298 0.4497554779052734 0.5333600747585298
0 0.16716063601942385 0.07530237239605928 0.17632012292459776 0.07530237239605928 0.17632012292459776 0.08693444618081637 0.16716063601942385 0.08693444618081637
0 0.24639019774917814 0.023876361979238304 0.2564656333448695 0.023876361979238304 0.2564656333448695 0.03305957812509919 0.24639019774917814 0.03305957812509919
0 0.15158950828062817 0.2124384001742485 0.15891709780476732 0.2124384001742485 0.15891709780476732 0.22100940191038532 0.15158950828062817 0.22100940191038532
0 0.4845368572836998 0.20264296961866354 0.49232242115309754 0.20264296961866354 0.49232242115309754 0.21549947222286883 0.4845368572836998 0.21549947222286883
0 0.4524786531155911 0.05693594010433749 0.4607221913302476 0.05693594010433749 0.4607221913302476 0.06611915625019837 0.4524786531155911 0.06611915625019837
0 0.47354547299749106 0.05571151128488938 0.48087306252163015 0.05571151128488938 0.48087306252163015 0.06489472743075025 0.47354547299749106 0.06489472743075025
0 0.5394937787147432 0.004897715277792473 0.5486532656199171 0.004897715277792473 0.5486532656199171 0.0134687170139293 0.5394937787147432 0.0134687170139293
0 0.4561424478776606 0.3673286458344355 0.4666758578186106 0.3673286458344355 0.4666758578186106 0.37834850520946856 0.4561424478776606 0.37834850520946856
0 0.13601838054183255 0.5234433203140706 0.14334597006597163 0.5234433203140706 0.14334597006597163 0.5350753940988277 0.13601838054183255 0.5350753940988277
0 0.18181581506770209 0.5258921779529668 0.190975301972876 0.5258921779529668 0.190975301972876 0.5369120373279999 0.18181581506770209 0.5369120373279999
