0 0.5019942474365234 0.30203006744384764 0.5096198570728302 0.30203006744384764 0.5096198570728302 0.31172983467578885 0.5019942474365234 0.31172983467578885
0 0.4834756851196289 0.5113476181030273 0.4912723940610885 0.5113476181030273 0.4912723940610885 0.5201291698217392 0.4834756851196289 0.5201291698217392
0 0.5104755401611328 0.35501617431640625 0.518458725810051 0.35501617431640625 0.518458725810051 0.36467067897319794 0.5104755401611328 0.36467067897319794
0 0.5459123229980469 0.3569632339477539 0.5538485491275787 0.3569632339477539 0.5538485491275787 0.366220930814743 0.5459123229980469 0.366220930814743
0 0.43723506927490235 0.46660911560058593 0.4445802539587021 0.46660911560058593 0.4445802539587021 0.47647127389907834 0.43723506927490235 0.47647127389907834
0 0.5599847793579101 0.5208034515380859 0.5676873922348021 0.5208034515380859 0.5676873922348021 0.5308336544036865 0.5599847793579101 0.5308336544036865
0 0.4419559097290039 0.3008823204040527 0.450221648812294 0.3008823204040527 0.450221648812294 0.31117937445640564 0.4419559097290039 0.31117937445640564
0 0.568026466369629 0.4573170471191406 0.5753073334693909 0.4573170471191406 0.5753073334693909 0.4670934641361236 0.568026466369629 0.4670934641361236
0 0.5419655990600586 0.3040686225891113 0.5500861138105393 0.3040686225891113 0.5500861138105393 0.31376419961452484 0.5419655990600586 0.31376419961452484
0 0.5163168334960937 0.5178170394897461 0.5235119438171386 0.5178170394897461 0.5235119438171386 0.5276803839206695 0.5163168334960937 0.5276803839206695
0 0.581061019897461 0.35587894439697265 0.5887855154275894 0.35587894439697265 0.5887855154275894 0.3652405673265457 0.581061019897461 0.3652405673265457
0 0.6090695571899414 0.46817272186279296 0.6159933805465698 0.46817272186279296 0.6159933805465698 0.4761499851942062 0.6090695571899414 0.4761499851942062
0 0.4797804641723633 0.35333271026611335 0.4878940296173096 0.35333271026611335 0.4878940296173096 0.3635910046100617 0.4797804641723633 0.3635910046100617
0 0.48816650390625 0.4662479782104492 0.4957985305786133 0.4662479782104492 0.4957985305786133 0.4752537471055985 0.48816650390625 0.4752537471055985
0 0.48133216857910155 0.29988296508789064 0.488839995265007 0.29988296508789064 0.488839995265007 0.3087247616052628 0.48133216857910155 0.3087247616052628
0 0.6028787612915039 0.5143226623535156 0.61058409512043 0.5143226623535156 0.61058409512043 0.523412156701088 0.6028787612915039 0.523412156701088
0 0.44086883544921873 0.35333461761474616 0.4489288175106048 0.35333461761474616 0.4489288175106048 0.3635357105731965 0.44086883544921873 0.3635357105731965
0 0.45726490020751953 0.5345599365234375 0.465401708483696 0.5345599365234375 0.465401708483696 0.5435641241073608 0.45726490020751953 0.5435641241073608
0 0.5254950332641601 0.4745286178588867 0.5338292890787125 0.4745286178588867 0.5338292890787125 0.4849482750892639 0.5254950332641601 0.4849482750892639
0 0.573656120300293 0.30408994674682616 0.5809824091196062 0.30408994674682616 0.5809824091196062 0.3125699198246002 0.573656120300293 0.3125699198246002
