0 0.5544132995605469 0.6868447113037109 0.5629838299751282 0.6868447113037109 0.5629838299751282 0.6971135604381561 0.5544132995605469 0.6971135604381561
0 0.4925352478027344 0.6890596008300781 0.5006434309482575 0.6890596008300781 0.5006434309482575 0.6981422173976898 0.4925352478027344 0.6981422173976898
0 0.4671588134765625 0.6877274322509765 0.4742793154716492 0.6877274322509765 0.4742793154716492 0.697191202044487 0.4671588134765625 0.697191202044487
0 0.45455528259277345 0.7708397674560546 0.46201934397220606 0.7708397674560546 0.46201934397220606 0.7803036952018738 0.45455528259277345 0.7803036952018738
0 0.5458469390869141 0.3745276641845703 0.5540824270248413 0.3745276641845703 0.5540824270248413 0.3849709212779998 0.5458469390869141 0.3849709212779998
0 0.5849474716186523 0.44943565368652344 0.592862524986267 0.44943565368652344 0.592862524986267 0.45939074873924257 0.5849474716186523 0.45939074873924257
0 0.5290673446655273 0.287991943359375 0.5371403086185454 0.287991943359375 0.5371403086185454 0.29981730699539183 0.5290673446655273 0.29981730699539183
0 0.5165748596191406 0.4562271118164062 0.5245640182495117 0.4562271118164062 0.5245640182495117 0.4664817690849304 0.5165748596191406 0.4664817690849304
0 0.4449012756347656 0.8474277496337892 0.4515745121240616 0.8474277496337892 0.4515745121240616 0.8556343692541123 0.4449012756347656 0.8556343692541123
0 0.5630693054199218 0.6065181350708008 0.5716754990816116 0.6065181350708008 0.5716754990816116 0.6171995639801026 0.5630693054199218 0.6171995639801026
0 0.4455397033691406 0.684939193725586 0.4532939481735229 0.684939193725586 0.4532939481735229 0.6947830891609192 0.4455397033691406 0.6947830891609192
0 0.4832496643066406 0.7713761901855469 0.4904386532306671 0.7713761901855469 0.4904386532306671 0.7811231565475465 0.4832496643066406 0.7811231565475465
0 0.555191650390625 0.45037925720214844 0.5640364843606949 0.45037925720214844 0.5640364843606949 0.46080986499786375 0.555191650390625 0.46080986499786375
0 0.5397367858886719 0.7682075500488281 0.547534500360489 0.7682075500488281 0.547534500360489 0.7782785880565642 0.5397367858886719 0.7782785880565642
0 0.4731486892700195 0.5323167419433594 0.48166513383388515 0.5323167419433594 0.48166513383388515 0.5428602492809296 0.4731486892700195 0.5428602492809296
0 0.5938505935668945 0.6837356567382813 0.601830940246582 0.6837356567382813 0.601830940246582 0.6946341478824616 0.5938505935668945 0.6946341478824616
0 0.47590415954589843 0.294167594909668 0.4850619465112686 0.294167594909668 0.4850619465112686 0.30423165559768683 0.47590415954589843 0.30423165559768683
0 0.5065471267700196 0.8488131713867187 0.5152131724357605 0.8488131713867187 0.5152131724357605 0.8580866414308548 0.5065471267700196 0.8580866414308548
0 0.5058480834960938 0.2946881103515625 0.5145474857091904 0.2946881103515625 0.5145474857091904 0.3051214063167572 0.5058480834960938 0.3051214063167572
0 0.4462240982055664 0.4511539077758789 0.4535520136356354 0.4511539077758789 0.4535520136356354 0.4611269891262054 0.4462240982055664 0.4611269891262054
0 0.5376446151733398 0.6098861694335938 0.544562583565712 0.6098861694335938 0.544562583565712 0.6194037801027298 0.5376446151733398 0.6194037801027298
0 0.4457649612426758 0.37833404541015625 0.4526746791601181 0.37833404541015625 0.4526746791601181 0.3876795792579651 0.4457649612426758 0.3876795792579651
0 0.5535115051269531 0.5215041732788086 0.5607994693517685 0.5215041732788086 0.5607994693517685 0.5309386116266251 0.5535115051269531 0.5309386116266251
0 0.44337303161621094 0.524761962890625 0.44988244295120244 0.524761962890625 0.44988244295120244 0.5331872653961183 0.44337303161621094 0.5331872653961183
0 0.4736300277709961 0.6074887084960937 0.48229619204998014 0.6074887084960937 0.48229619204998014 0.6174813574552536 0.4736300277709961 0.6174813574552536
0 0.4990873336791992 0.5270151138305664 0.5070026236772537 0.5270151138305664 0.5070026236772537 0.5373349177837372 0.4990873336791992 0.5373349177837372
0 0.5293062210083008 0.5266204452514649 0.5371167099475861 0.5266204452514649 0.5371167099475861 0.5373466622829438 0.5293062210083008 0.5373466622829438
0 0.6040577697753906 0.28751068115234374 0.6111657631397247 0.28751068115234374 0.6111657631397247 0.2985203719139099 0.6040577697753906 0.2985203719139099
0 0.4797804260253906 0.8527213287353516 0.4869575273990631 0.8527213287353516 0.4869575273990631 0.8623545265197754 0.4797804260253906 0.8623545265197754
0 0.5135688018798829 0.6945787048339844 0.5206488800048829 0.6945787048339844 0.5206488800048829 0.704678362607956 0.5135688018798829 0.704678362607956
0 0.5641193008422851 0.76562744140625 0.5721168577671051 0.76562744140625 0.5721168577671051 0.7749071568250656 0.5641193008422851 0.7749071568250656
0 0.5379679489135742 0.848508529663086 0.5462620472908021 0.848508529663086 0.5462620472908021 0.8591118860244752 0.5379679489135742 0.8591118860244752
0 0.514400749206543 0.6102889251708984 0.5225989770889282 0.6102889251708984 0.5225989770889282 0.6205942606925964 0.514400749206543 0.6205942606925964
0 0.4630028533935547 0.37620758056640624 0.47083217918872833 0.37620758056640624 0.47083217918872833 0.386702070236206 0.4630028533935547 0.386702070236206
0 0.562479248046875 0.28547143936157227 0.5709760278463363 0.28547143936157227 0.5709760278463363 0.296469566822052 0.562479248046875 0.296469566822052
0 0.46214057922363283 0.8494237518310547 0.4691345459222794 0.8494237518310547 0.4691345459222794 0.85870536506176 0.46214057922363283 0.85870536506176
0 0.6126591110229492 0.36754093170166013 0.6208774477243424 0.36754093170166013 0.6208774477243424 0.3772137784957886 0.6126591110229492 0.3772137784957886
0 0.46951751708984374 0.45378780364990234 0.477620170712471 0.45378780364990234 0.477620170712471 0.4641751253604889 0.46951751708984374 0.4641751253604889
0 0.5097934203219974 0.7661340954854093 0.5184949328819126 0.7661340954854093 0.5184949328819126 0.7747050972215461 0.5097934203219974 0.7747050972215461
0 0.5830693155633887 0.285545783852023 0.5903969050875278 0.285545783852023 0.5903969050875278 0.29472899999788393 0.5830693155633887 0.29472899999788393
