0 0.49248802185058593 0.6336751174926758 0.5001034885644913 0.6336751174926758 0.5001034885644913 0.6433431023359298 0.49248802185058593 0.6433431023359298
0 0.46705020904541017 0.6347519302368164 0.4745493716001511 0.6347519302368164 0.4745493716001511 0.6444956159591675 0.46705020904541017 0.6444956159591675
0 0.47007232666015625 0.5309169387817383 0.4775337564945221 0.5309169387817383 0.4775337564945221 0.539883177280426 0.47007232666015625 0.539883177280426
0 0.5157132339477539 0.6332545852661133 0.5232164770364761 0.6332545852661133 0.5232164770364761 0.6431857639551163 0.5157132339477539 0.6431857639551163
0 0.5169699096679687 0.31259077072143554 0.5242774504423141 0.31259077072143554 0.5242774504423141 0.3218631535768509 0.5169699096679687 0.3218631535768509
0 0.5395787048339844 0.2279497528076172 0.5472605586051942 0.2279497528076172 0.5472605586051942 0.23753980278968811 0.5395787048339844 0.23753980278968811
0 0.49378486633300783 0.16288681030273439 0.5013487607240676 0.16288681030273439 0.5013487607240676 0.17317155003547668 0.49378486633300783 0.17317155003547668
0 0.4907963180541992 0.31419183731079103 0.4980071902275085 0.31419183731079103 0.4980071902275085 0.3228169864416123 0.4907963180541992 0.3228169864416123
0 0.4928278350830078 0.5343513107299804 0.499529282450676 0.5343513107299804 0.499529282450676 0.5436937218904495 0.4928278350830078 0.5436937218904495
0 0.5163136672973633 0.3519609832763672 0.5231572341918945 0.3519609832763672 0.5231572341918945 0.3609381318092346 0.5163136672973633 0.3609381318092346
0 0.47657012939453125 0.35708797454833985 0.48348153293132784 0.35708797454833985 0.48348153293132784 0.3653938549757004 0.47657012939453125 0.3653938549757004
0 0.5451447677612304 0.3103726577758789 0.5526051330566406 0.3103726577758789 0.5526051330566406 0.3206833302974701 0.5451447677612304 0.3206833302974701
0 0.45119457244873046 0.2185551452636719 0.45801460087299345 0.2185551452636719 0.45801460087299345 0.22739069581031798 0.45119457244873046 0.22739069581031798
0 0.4678504943847656 0.30947853088378907 0.47519789695739745 0.30947853088378907 0.47519789695739745 0.3184625381231308 0.4678504943847656 0.3184625381231308
0 0.44707763671875 0.3123959732055664 0.45477486789226534 0.3123959732055664 0.45477486789226534 0.32110888004302973 0.44707763671875 0.32110888004302973
0 0.4452249526977539 0.6331444168090821 0.4529392170906067 0.6331444168090821 0.4529392170906067 0.6421523994207383 0.4452249526977539 0.6421523994207383
0 0.5263965988159179 0.4709227752685547 0.5327304154634476 0.4709227752685547 0.5327304154634476 0.47930123388767243 0.5263965988159179 0.47930123388767243
0 0.498039436340332 0.3557981872558594 0.5049762117862701 0.3557981872558594 0.5049762117862701 0.36444276571273804 0.498039436340332 0.36444276571273804
0 0.5443486022949219 0.5273488998413086 0.552722424864769 0.5273488998413086 0.552722424864769 0.5376263666152954 0.5443486022949219 0.5376263666152954
0 0.5084557342529297 0.2247121238708496 0.5159301751852036 0.2247121238708496 0.5159301751852036 0.23464775025844575 0.5084557342529297 0.23464775025844575
0 0.45218017578125 0.3578385543823242 0.4588894003629685 0.3578385543823242 0.4588894003629685 0.3665175640583039 0.45218017578125 0.3665175640583039
0 0.5030243301391601 0.4702042770385742 0.5107889246940612 0.4702042770385742 0.5107889246940612 0.48012826144695286 0.5030243301391601 0.48012826144695286
0 0.5457305145263672 0.4657413101196289 0.5533215254545212 0.4657413101196289 0.5533215254545212 0.47466722726821897 0.5457305145263672 0.47466722726821897
0 0.5186215591430664 0.5281970977783204 0.525939804315567 0.5281970977783204 0.525939804315567 0.5384307253360748 0.5186215591430664 0.5384307253360748
0 0.45469409942626954 0.472652702331543 0.46290601909160617 0.472652702331543 0.46290601909160617 0.48105721175670624 0.45469409942626954 0.48105721175670624
0 0.4486583709716797 0.5303366470336914 0.4562426990270615 0.5303366470336914 0.4562426990270615 0.5403693795204163 0.4486583709716797 0.5403693795204163
0 0.5406732940673828 0.34770992279052737 0.5477959549427034 0.34770992279052737 0.5477959549427034 0.35631793558597563 0.5406732940673828 0.35631793558597563
0 0.4902705764770508 0.22113481521606446 0.4968257641792298 0.22113481521606446 0.4968257641792298 0.230796217918396 0.4902705764770508 0.230796217918396
0 0.44857666015625 0.164903564453125 0.45638711988925934 0.164903564453125 0.45638711988925934 0.17475520789623264 0.44857666015625 0.17475520789623264
0 0.4708751678466797 0.16175178527832032 0.4783796238899231 0.16175178527832032 0.4783796238899231 0.17171836376190186 0.4708751678466797 0.17171836376190186
0 0.5445518875122071 0.6296678161621094 0.5518315124511719 0.6296678161621094 0.5518315124511719 0.639825109243393 0.5445518875122071 0.639825109243393
0 0.4797141647338867 0.4724271011352539 0.488043452501297 0.4724271011352539 0.488043452501297 0.4819928598403931 0.4797141647338867 0.4819928598403931
0 0.47208839416503906 0.21767414093017579 0.47944366276264194 0.21767414093017579 0.47944366276264194 0.22580646276474 0.47208839416503906 0.22580646276474
0 0.6416419982910156 0.5917751312255859 0.6526886522769929 0.5917751312255859 0.6526886522769929 0.6048291432857513 0.6416419982910156 0.6048291432857513
0 0.5420937728881836 0.15947916030883788 0.5507108485698701 0.15947916030883788 0.5507108485698701 0.17012377738952636 0.5420937728881836 0.17012377738952636
