0 0.48636474609375 0.332006950378418 0.49271698594093327 0.332006950378418 0.49271698594093327 0.341763601899147 0.48636474609375 0.341763601899147
0 0.1586561393737793 0.3232712173461914 0.16507176518440245 0.3232712173461914 0.16507176518440245 0.3320330035686493 0.1586561393737793 0.3320330035686493
0 0.8365740966796875 0.6977127838134766 0.8444023877382278 0.6977127838134766 0.8444023877382278 0.7069876766204835 0.8365740966796875 0.7069876766204835
0 0.5163643646240235 0.4812757873535156 0.5241956716775894 0.4812757873535156 0.5241956716775894 0.49061096429824824 0.5163643646240235 0.49061096429824824
0 0.49065486907958983 0.6996562957763672 0.49826675713062285 0.6996562957763672 0.49826675713062285 0.7081822431087494 0.49065486907958983 0.7081822431087494
0 0.5077360916137695 0.6448137664794922 0.514879925251007 0.6448137664794922 0.514879925251007 0.6536055171489715 0.5077360916137695 0.6536055171489715
0 0.4922576141357422 0.48077522277832035 0.5000094336271287 0.48077522277832035 0.5000094336271287 0.4894016563892365 0.4922576141357422 0.4894016563892365
0 0.2116013526916504 0.6971174621582031 0.21781079292297365 0.6971174621582031 0.21781079292297365 0.7054353207349777 0.2116013526916504 0.7054353207349777
0 0.8753550720214843 0.5426979064941406 0.8815818405151365 0.5426979064941406 0.8815818405151365 0.5502903401851654 0.8753550720214843 0.5502903401851654
0 0.4914403915405273 0.3747818374633789 0.49751809120178225 0.3747818374633789 0.49751809120178225 0.38332640349864955 0.4914403915405273 0.38332640349864955
0 0.46810203552246094 0.5332270431518554 0.474200553894043 0.5332270431518554 0.474200553894043 0.5423227047920227 0.46810203552246094 0.5423227047920227
0 0.8759461212158203 0.48939628601074225 0.8821691048145294 0.48939628601074225 0.8821691048145294 0.49737912297248843 0.8759461212158203 0.49737912297248843
0 0.8386260223388672 0.5407587814331055 0.8448791688680649 0.5407587814331055 0.8448791688680649 0.5490659272670746 0.8386260223388672 0.5490659272670746
0 0.532708625793457 0.6897138214111328 0.5403053736686706 0.6897138214111328 0.5403053736686706 0.6998853456974029 0.532708625793457 0.6998853456974029
0 0.44719261169433594 0.3313532257080078 0.45450251817703247 0.3313532257080078 0.45450251817703247 0.34040682673454287 0.44719261169433594 0.34040682673454287
0 0.19530916213989258 0.324412956237793 0.20120888710021972 0.324412956237793 0.20120888710021972 0.33235630214214323 0.19530916213989258 0.33235630214214323
0 0.20405847549438477 0.6455096435546875 0.2100181710720062 0.6455096435546875 0.2100181710720062 0.6542497670650482 0.20405847549438477 0.6542497670650482
0 0.1393272590637207 0.32485557556152345 0.14673188209533689 0.32485557556152345 0.14673188209533689 0.333482523560524 0.1393272590637207 0.333482523560524
0 0.8610173797607422 0.6895263671875 0.8677346181869507 0.6895263671875 0.8677346181869507 0.6985791772603989 0.8610173797607422 0.6985791772603989
0 0.8196267700195312 0.6331597137451171 0.82602759540081 0.6331597137451171 0.82602759540081 0.6424169361591339 0.8196267700195312 0.6424169361591339
0 0.7951399230957031 0.6896701049804688 0.8017927551269531 0.6896701049804688 0.8017927551269531 0.6977533894777298 0.7951399230957031 0.6977533894777298
0 0.2194768714904785 0.5390595626831055 0.22708522617816926 0.5390595626831055 0.22708522617816926 0.5481499272584915 0.2194768714904785 0.5481499272584915
0 0.14125988006591797 0.37736751556396486 0.1477927267551422 0.37736751556396486 0.1477927267551422 0.38500303745269776 0.14125988006591797 0.38500303745269776
0 0.7987923431396484 0.6332244110107422 0.8063192433118821 0.6332244110107422 0.8063192433118821 0.6421259772777558 0.7987923431396484 0.6421259772777558
0 0.4529082107543945 0.4819524765014648 0.4600005608797073 0.4819524765014648 0.4600005608797073 0.4915220302343368 0.4529082107543945 0.4915220302343368
0 0.7991668701171875 0.49270420074462884 0.8054882079362868 0.49270420074462884 0.8054882079362868 0.5011503356695175 0.7991668701171875 0.5011503356695175
0 0.8620128631591797 0.4880035781860352 0.868382934331894 0.4880035781860352 0.868382934331894 0.4965094441175461 0.8620128631591797 0.4965094441175461
0 0.20914438247680664 0.48060722351074225 0.21617087721824646 0.48060722351074225 0.21617087721824646 0.4893256843090058 0.20914438247680664 0.4893256843090058
0 0.7958334350585937 0.3830148315429687 0.8023060005903244 0.3830148315429687 0.8023060005903244 0.3914926701784134 0.7958334350585937 0.3914926701784134
0 0.5533640670776367 0.699046401977539 0.5597973024845123 0.699046401977539 0.5597973024845123 0.7077211421728135 0.5533640670776367 0.7077211421728135
0 0.4764991760253906 0.48773845672607424 0.4838300776481628 0.48773845672607424 0.4838300776481628 0.49652000844478605 0.4764991760253906 0.49652000844478605
0 0.1398938465118408 0.4720646286010742 0.1469318741559982 0.4720646286010742 0.1469318741559982 0.48106067299842836 0.1398938465118408 0.48106067299842836
0 0.1941363525390625 0.6970913696289062 0.19996693968772886 0.6970913696289062 0.19996693968772886 0.7054811733961105 0.1941363525390625 0.7054811733961105
0 0.861945571899414 0.38545383453369136 0.8675541234016417 0.38545383453369136 0.8675541234016417 0.3923401337862015 0.861945571899414 0.3923401337862015
0 0.5227850341796875 0.32629234313964844 0.530189568400383 0.32629234313964844 0.530189568400383 0.3342003095149994 0.5227850341796875 0.3342003095149994
0 0.22842470169067383 0.6492886352539062 0.23520056486129762 0.6492886352539062 0.23520056486129762 0.6577803885936737 0.22842470169067383 0.6577803885936737
0 0.8548824310302734 0.5433034133911133 0.8617953723669053 0.5433034133911133 0.8617953723669053 0.551924312710762 0.8548824310302734 0.551924312710762
0 0.5454502105712891 0.47267086029052735 0.5530699646472931 0.47267086029052735 0.5530699646472931 0.48198559999465945 0.5454502105712891 0.48198559999465945
0 0.1748126983642578 0.4822193908691406 0.18135707795619962 0.4822193908691406 0.18135707795619962 0.490034697651863 0.1748126983642578 0.490034697651863
0 0.1594788646697998 0.635631217956543 0.16658262968063356 0.635631217956543 0.16658262968063356 0.6446591633558273 0.1594788646697998 0.6446591633558273
0 0.5349708938598633 0.5266652297973633 0.5420336431264877 0.5266652297973633 0.5420336431264877 0.5355049705505371 0.5349708938598633 0.5355049705505371
0 0.7974724578857422 0.3287771606445313 0.8051609951257706 0.3287771606445313 0.8051609951257706 0.3390482234954834 0.7974724578857422 0.3390482234954834
0 0.511115379333496 0.6982814788818359 0.5185290217399595 0.6982814788818359 0.5185290217399595 0.7076682430505753 0.511115379333496 0.7076682430505753
0 0.4664038848876953 0.37381248474121087 0.4733094334602356 0.37381248474121087 0.4733094334602356 0.38312165081501004 0.4664038848876953 0.38312165081501004
0 0.19202407836914062 0.48335010528564454 0.1985587728023529 0.48335010528564454 0.1985587728023529 0.492479367852211 0.19202407836914062 0.492479367852211
0 0.14660412788391114 0.5437652206420899 0.15338015377521513 0.5437652206420899 0.15338015377521513 0.5520408207178116 0.14660412788391114 0.5520408207178116
0 0.7805046844482422 0.6335874938964844 0.7867157214879991 0.6335874938964844 0.7867157214879991 0.6416276109218597 0.7805046844482422 0.6416276109218597
0 0.8818301391601563 0.33689567565917966 0.8885130155086518 0.33689567565917966 0.8885130155086518 0.3449150389432906 0.8818301391601563 0.3449150389432906
0 0.7743281555175782 0.6851178741455078 0.7813214123249055 0.6851178741455078 0.7813214123249055 0.6940358060598374 0.7743281555175782 0.6940358060598374
0 0.8816489410400391 0.3857971572875976 0.8874708789587021 0.3857971572875976 0.8874708789587021 0.3931383347511291 0.8816489410400391 0.3931383347511291
0 0.17824214935302735 0.3808832550048828 0.18478865802288055 0.3808832550048828 0.18478865802288055 0.38988902390003205 0.17824214935302735 0.38988902390003205
0 0.8186320495605469 0.3818468475341797 0.8244361263513565 0.3818468475341797 0.8244361263513565 0.3894423246383667 0.8186320495605469 0.3894423246383667
0 0.22981054306030274 0.696993179321289 0.23728485107421876 0.696993179321289 0.23728485107421876 0.7060947704315185 0.22981054306030274 0.7060947704315185
0 0.16058229446411132 0.48339691162109377 0.16670906782150266 0.48339691162109377 0.16670906782150266 0.49196112453937535 0.16058229446411132 0.49196112453937535
0 0.44720523834228515 0.3894121551513672 0.453493190407753 0.3894121551513672 0.453493190407753 0.3982786184549331 0.44720523834228515 0.3982786184549331
0 0.5482209396362304 0.6400365447998047 0.5563147807121276 0.6400365447998047 0.5563147807121276 0.6488974738121032 0.5482209396362304 0.6488974738121032
0 0.16597843170166016 0.5355442047119141 0.17274342775344848 0.5355442047119141 0.17274342775344848 0.543339588046074 0.16597843170166016 0.543339588046074
0 0.864301528930664 0.33402008056640625 0.871552529335022 0.33402008056640625 0.871552529335022 0.34396098375320433 0.864301528930664 0.34396098375320433
0 0.8617536163330078 0.6296752548217773 0.8683141857385634 0.6296752548217773 0.8683141857385634 0.6387119364738465 0.8617536163330078 0.6387119364738465
0 0.17188621520996095 0.6960546112060547 0.17770201683044434 0.6960546112060547 0.17770201683044434 0.7043230563402176 0.17188621520996095 0.7043230563402176
0 0.8109682464599609 0.692310562133789 0.8175669628381729 0.692310562133789 0.8175669628381729 0.7009596866369247 0.8109682464599609 0.7009596866369247
0 0.19371376037597657 0.37652488708496096 0.19983059763908387 0.37652488708496096 0.19983059763908387 0.3845497846603394 0.19371376037597657 0.3845497846603394
0 0.44851806640625 0.5305091857910156 0.45569901227951054 0.5305091857910156 0.45569901227951054 0.539046122431755 0.44851806640625 0.539046122431755
0 0.21414892196655275 0.31863157272338866 0.22193674445152287 0.31863157272338866 0.22193674445152287 0.32903387665748596 0.21414892196655275 0.32903387665748596
0 0.8019963836669922 0.5493636703491211 0.8086912071704865 0.5493636703491211 0.8086912071704865 0.5579908949136735 0.8019963836669922 0.5579908949136735
0 0.5032913589477539 0.5404533767700195 0.5108871603012084 0.5404533767700195 0.5108871603012084 0.5502880614995955 0.5032913589477539 0.5502880614995955
0 0.4658578109741211 0.6893778228759766 0.47306460201740264 0.6893778228759766 0.47306460201740264 0.6991394156217575 0.4658578109741211 0.6991394156217575
0 0.4696170425415039 0.6421663665771484 0.47825854420661923 0.6421663665771484 0.47825854420661923 0.6520224767923355 0.4696170425415039 0.6520224767923355
0 0.5280511474609375 0.6445313262939453 0.535508378148079 0.6445313262939453 0.535508378148079 0.6557365345954894 0.5280511474609375 0.6557365345954894
0 0.15502771377563476 0.6926067352294922 0.16259610295295715 0.6926067352294922 0.16259610295295715 0.7022781193256378 0.15502771377563476 0.7022781193256378
0 0.491834716796875 0.6418519592285157 0.4986336898803711 0.6418519592285157 0.4986336898803711 0.6518729114532471 0.491834716796875 0.6518729114532471
0 0.8393011474609375 0.3367707061767578 0.8471173143386841 0.3367707061767578 0.8471173143386841 0.3463612902164459 0.8393011474609375 0.3463612902164459
0 0.8208666229248047 0.49562313079833986 0.8280057847499848 0.49562313079833986 0.8280057847499848 0.5056566548347473 0.8208666229248047 0.5056566548347473
0 0.839419174194336 0.492623291015625 0.8471499389410019 0.492623291015625 0.8471499389410019 0.5015332376956939 0.839419174194336 0.5015332376956939
0 0.8394065856933594 0.6342120742797852 0.847045857310295 0.6342120742797852 0.847045857310295 0.643829934000969 0.8394065856933594 0.643829934000969
0 0.817347412109375 0.3345482635498047 0.8235897356271743 0.3345482635498047 0.8235897356271743 0.34416438400745397 0.817347412109375 0.34416438400745397
0 0.5085230636596679 0.3688857650756836 0.5151365661621093 0.3688857650756836 0.5151365661621093 0.3791097867488862 0.5085230636596679 0.3791097867488862
0 0.5023633575439453 0.33017204284667967 0.5093863040208817 0.33017204284667967 0.5093863040208817 0.33860044836997977 0.5023633575439453 0.33860044836997977
0 0.18278057098388673 0.6398166656494141 0.19090110063552856 0.6398166656494141 0.19090110063552856 0.6502408695220948 0.18278057098388673 0.6502408695220948
0 0.4678364944458008 0.32938442230224607 0.47465324044227597 0.32938442230224607 0.47465324044227597 0.3384210842847824 0.4678364944458008 0.3384210842847824
0 0.8179559326171875 0.5424113082885742 0.8246473848819732 0.5424113082885742 0.8246473848819732 0.5503929597139359 0.8179559326171875 0.5503929597139359
0 0.21572383880615234 0.3707814407348633 0.22332698881626128 0.3707814407348633 0.22332698881626128 0.38073969781398775 0.21572383880615234 0.38073969781398775
0 0.17522943496704102 0.328698616027832 0.18277227401733398 0.328698616027832 0.18277227401733398 0.33943262100219723 0.17522943496704102 0.33943262100219723
0 0.8410610961914062 0.38889835357666014 0.8480951613187789 0.38889835357666014 0.8480951613187789 0.3970330667495727 0.8410610961914062 0.3970330667495727
0 0.15479532869743903 0.3781693324649121 0.159375072150026 0.3781693324649121 0.159375072150026 0.38857697743022107 0.15479532869743903 0.38857697743022107
0 0.18456366113925426 0.5355084357639952 0.19280719935391075 0.5355084357639952 0.19280719935391075 0.5465282951390282 0.18456366113925426 0.5465282951390282
0 0.1992188401875325 0.5379572934028914 0.20700440405693032 0.5379572934028914 0.20700440405693032 0.5471405095487524 0.1992188401875325 0.5471405095487524
0 0.21570591661684552 0.6463192439240498 0.22211755745046724 0.6463192439240498 0.22211755745046724 0.6591757465282552 0.21570591661684552 0.6591757465282552
0 0.5289603687737932 0.3659250442704308 0.5339980865716388 0.3659250442704308 0.5339980865716388 0.3793937612843601 0.5289603687737932 0.3793937612843601
0 0.48865862639102803 0.5324473637153749 0.4941543185341324 0.5324473637153749 0.4941543185341324 0.544691651909856 0.48865862639102803 0.544691651909856
