0 0.5006414794921875 0.5297809219360352 0.5083990359306335 0.5297809219360352 0.5083990359306335 0.5397587072849275 0.5006414794921875 0.5397587072849275
0 0.5166385269165039 0.6863089752197266 0.5246441274881364 0.6863089752197266 0.5246441274881364 0.6958815330266952 0.5166385269165039 0.6958815330266952
0 0.5069832611083984 0.843442611694336 0.5150754463672638 0.843442611694336 0.5150754463672638 0.8540420937538148 0.5069832611083984 0.8540420937538148
0 0.5479556655883789 0.842720413208008 0.5564216321706772 0.842720413208008 0.5564216321706772 0.8538987016677857 0.5479556655883789 0.8538987016677857
0 0.46920467376708985 0.37331817626953123 0.47681511282920835 0.37331817626953123 0.47681511282920835 0.3839313757419586 0.46920467376708985 0.3839313757419586
0 0.21796421051025391 0.7727267456054688 0.22520421028137208 0.7727267456054688 0.22520421028137208 0.7824408227205276 0.21796421051025391 0.7824408227205276
0 0.4458828353881836 0.3725668334960937 0.45406491756439205 0.3725668334960937 0.45406491756439205 0.3823557025194168 0.4458828353881836 0.3823557025194168
0 0.5216513824462891 0.37334049224853516 0.5299087530374528 0.37334049224853516 0.5299087530374528 0.38343841075897217 0.5216513824462891 0.38343841075897217
0 0.539760856628418 0.22559518814086915 0.5477304393053055 0.22559518814086915 0.5477304393053055 0.23682658553123473 0.539760856628418 0.23682658553123473
0 0.7737330627441407 0.7628131103515625 0.7822100299596787 0.7628131103515625 0.7822100299596787 0.7719775551557541 0.7737330627441407 0.7719775551557541
0 0.437318115234375 0.22640127182006836 0.44590251505374917 0.22640127182006836 0.44590251505374917 0.23745612621307374 0.437318115234375 0.23745612621307374
0 0.5779837799072266 0.8434105682373046 0.586520066857338 0.8434105682373046 0.586520066857338 0.853529200553894 0.5779837799072266 0.853529200553894
0 0.4531744384765625 0.14420044898986817 0.46137467741966254 0.14420044898986817 0.46137467741966254 0.1548834991455078 0.4531744384765625 0.1548834991455078
0 0.46901744842529297 0.8416230010986329 0.47697753906249996 0.8416230010986329 0.47697753906249996 0.8523394942283631 0.46901744842529297 0.8523394942283631
0 0.18895355224609375 0.7706402587890625 0.196273689866066 0.7706402587890625 0.196273689866066 0.780334649682045 0.18895355224609375 0.780334649682045
0 0.5620655822753906 0.5323831558227539 0.5707728505134583 0.5323831558227539 0.5707728505134583 0.542982519865036 0.5620655822753906 0.542982519865036
0 0.5071304321289063 0.2268559265136719 0.5150192260742188 0.2268559265136719 0.5150192260742188 0.23732691526412966 0.5071304321289063 0.23732691526412966
0 0.569417610168457 0.4695811462402344 0.5781332176923752 0.4695811462402344 0.5781332176923752 0.47859248876571653 0.569417610168457 0.47859248876571653
0 0.49814968109130864 0.3738774108886719 0.5053956544399262 0.3738774108886719 0.5053956544399262 0.38407565832138063 0.49814968109130864 0.38407565832138063
0 0.4619104766845703 0.4707394027709961 0.46936714529991147 0.4707394027709961 0.46936714529991147 0.4804641926288605 0.4619104766845703 0.4804641926288605
0 0.48505817413330077 0.7729839324951173 0.4929598611593246 0.7729839324951173 0.4929598611593246 0.7839421939849854 0.48505817413330077 0.7839421939849854
0 0.8193410491943359 0.836812744140625 0.8276194155216217 0.836812744140625 0.8276194155216217 0.8467126148939134 0.8193410491943359 0.8467126148939134
0 0.46636501312255857 0.3032598686218262 0.4741444820165634 0.3032598686218262 0.4741444820165634 0.31397003650665284 0.46636501312255857 0.31397003650665284
0 0.5289167022705078 0.4673887252807617 0.5367694783210755 0.4673887252807617 0.5367694783210755 0.47753700613975525 0.5289167022705078 0.47753700613975525
0 0.16260648727416993 0.8352277374267578 0.16985371708869937 0.8352277374267578 0.16985371708869937 0.8439118069410324 0.16260648727416993 0.8439118069410324
0 0.5785039520263672 0.7692433166503906 0.5869053345918656 0.7692433166503906 0.5869053345918656 0.7792481017112732 0.5785039520263672 0.7792481017112732
0 0.4358798980712891 0.47032627105712893 0.4434114414453507 0.47032627105712893 0.4434114414453507 0.47923341155052185 0.4358798980712891 0.47923341155052185
0 0.5842511367797851 0.624119987487793 0.5921070474386215 0.624119987487793 0.5921070474386215 0.6337985664606094 0.5842511367797851 0.6337985664606094
0 0.5795661163330078 0.6845082092285156 0.5869213259220124 0.6845082092285156 0.5869213259220124 0.695921071767807 0.5795661163330078 0.695921071767807
0 0.48548274993896484 0.3049201774597168 0.4926076579093933 0.3049201774597168 0.4926076579093933 0.31427397310733796 0.48548274993896484 0.31427397310733796
0 0.5243442153930664 0.14657827377319335 0.5321636348962784 0.14657827377319335 0.5321636348962784 0.15778744459152222 0.5243442153930664 0.15778744459152222
0 0.5284700393676758 0.5331035614013672 0.5369689482450485 0.5331035614013672 0.5369689482450485 0.5431543207168579 0.5284700393676758 0.5431543207168579
0 0.4792987060546875 0.5335841369628906 0.48643278121948236 0.5335841369628906 0.48643278121948236 0.5435987257957459 0.4792987060546875 0.5435987257957459
0 0.25926713943481444 0.772841796875 0.2678638112545013 0.772841796875 0.2678638112545013 0.7833437967300415 0.25926713943481444 0.7833437967300415
0 0.4560886001586914 0.7702194213867186 0.4637894684076309 0.7702194213867186 0.4637894684076309 0.7801901310682295 0.4560886001586914 0.7801901310682295
0 0.8358564758300782 0.77307861328125 0.8444186079502106 0.77307861328125 0.8444186079502106 0.782170005440712 0.8358564758300782 0.782170005440712
0 0.22509496688842773 0.8417803955078126 0.23286034524440766 0.8417803955078126 0.23286034524440766 0.8522928309440613 0.22509496688842773 0.8522928309440613
0 0.5373473739624024 0.307888298034668 0.5447393107414247 0.307888298034668 0.5447393107414247 0.31810247659683233 0.5373473739624024 0.31810247659683233
0 0.5526668548583984 0.3682598876953125 0.5610202139616013 0.3682598876953125 0.5610202139616013 0.3779234844446182 0.5526668548583984 0.3779234844446182
0 0.7687238311767578 0.8356251525878906 0.7780492579936981 0.8356251525878906 0.7780492579936981 0.8466262650489805 0.7687238311767578 0.8466262650489805
0 0.48690311431884764 0.6177435302734375 0.49534409284591674 0.6177435302734375 0.49534409284591674 0.6280695402622223 0.48690311431884764 0.6280695402622223
0 0.4874116516113281 0.6850039672851563 0.4953696423768997 0.6850039672851563 0.4953696423768997 0.6949755465984344 0.4874116516113281 0.6949755465984344
0 0.5101719284057618 0.7685346984863282 0.5183637690544128 0.7685346984863282 0.5183637690544128 0.77821643948555 0.5101719284057618 0.77821643948555
0 0.5441130065917968 0.6845274353027344 0.5516770488023758 0.6845274353027344 0.5516770488023758 0.69451933324337 0.5441130065917968 0.69451933324337
0 0.12746190071105956 0.8324868774414063 0.1356257963180542 0.8324868774414063 0.1356257963180542 0.8418268376588821 0.12746190071105956 0.8418268376588821
0 0.45016242980957033 0.61636474609375 0.45798244118690495 0.61636474609375 0.45798244118690495 0.6269285714626313 0.45016242980957033 0.6269285714626313
0 0.5668778228759765 0.22433004379272464 0.5753490531444551 0.22433004379272464 0.5753490531444551 0.23505345463752747 0.5668778228759765 0.23505345463752747
0 0.5477811050415039 0.6211430740356445 0.5560708856582642 0.6211430740356445 0.5560708856582642 0.6313629841804504 0.5477811050415039 0.6313629841804504
0 0.5635762786865235 0.3059952545166016 0.5725334244966508 0.3059952545166016 0.5725334244966508 0.3169447994232178 0.5635762786865235 0.3169447994232178
0 0.4501817321777344 0.5348794555664063 0.45849372088909146 0.5348794555664063 0.45849372088909146 0.5442863410711288 0.4501817321777344 0.5442863410711288
0 0.5119607543945313 0.3081558418273926 0.5201600468158722 0.3081558418273926 0.5201600468158722 0.31925461411476136 0.5119607543945313 0.31925461411476136
0 0.48575679779052733 0.14863308906555175 0.49414771258831025 0.14863308906555175 0.49414771258831025 0.15802619814872743 0.48575679779052733 0.15802619814872743
0 0.4728586196899414 0.22223611831665038 0.4816936361789704 0.22223611831665038 0.4816936361789704 0.23400084257125855 0.4728586196899414 0.23400084257125855
0 0.497142448425293 0.46239147186279295 0.50566903591156 0.46239147186279295 0.50566903591156 0.4735484135150909 0.497142448425293 0.4735484135150909
0 0.847199935913086 0.838568344116211 0.8535057783126831 0.838568344116211 0.8535057783126831 0.8467287129163743 0.847199935913086 0.8467287129163743
0 0.28432111740112304 0.8508760070800782 0.2934286034107208 0.8508760070800782 0.2934286034107208 0.86176943898201 0.28432111740112304 0.86176943898201
0 0.3126213455200195 0.7544232940673828 0.3198028534650803 0.7544232940673828 0.3198028534650803 0.7621985560655594 0.3126213455200195 0.7621985560655594
0 0.8022402191162109 0.7657503509521484 0.8109514498710632 0.7657503509521484 0.8109514498710632 0.7771281099319457 0.8022402191162109 0.7771281099319457
0 0.5806410980224609 0.3687480163574219 0.5898071944713591 0.3687480163574219 0.5898071944713591 0.3800261986255646 0.5806410980224609 0.3800261986255646
0 0.43588134765625 0.838651351928711 0.44390078783035275 0.838651351928711 0.44390078783035275 0.8495064389705659 0.43588134765625 0.8495064389705659
0 0.518857421875 0.6192709350585938 0.5284049880504608 0.6192709350585938 0.5284049880504608 0.6312995648384094 0.518857421875 0.6312995648384094
0 0.6013611602783203 0.7675437927246094 0.6095987182855607 0.7675437927246094 0.6095987182855607 0.7772597676515579 0.6013611602783203 0.7772597676515579
0 0.6056196975708008 0.15528375625610352 0.6142125248908997 0.15528375625610352 0.6142125248908997 0.16640754103660585 0.6056196975708008 0.16640754103660585
0 0.18327621459960938 0.838477554321289 0.19222593784332276 0.838477554321289 0.19222593784332276 0.848636429309845 0.18327621459960938 0.848636429309845
0 0.12096185109634343 0.7633654170388733 0.13202543503808217 0.7633654170388733 0.13202543503808217 0.7791410559029485 0.12096185109634343 0.7791410559029485
0 0.8799237094996202 0.7643513944678778 0.8895121489157938 0.7643513944678778 0.8895121489157938 0.7830849656189671 0.8799237094996202 0.7830849656189671
0 0.8939375824924892 0.8244960176371643 0.9042635941714455 0.8244960176371643 0.9042635941714455 0.83829970164323 0.8939375824924892 0.83829970164323
0 0.455082086136853 0.6825152678604884 0.4646705255530266 0.6825152678604884 0.4646705255530266 0.6943469970085449 0.455082086136853 0.6943469970085449
