0 0.2835993194580078 0.9795526885986328 0.2903172969818115 0.9795526885986328 0.2903172969818115 0.9887724757194518 0.2835993194580078 0.9887724757194518
0 0.20288511276245116 0.9186930084228515 0.2102277547121048 0.9186930084228515 0.2102277547121048 0.9276906341314315 0.20288511276245116 0.9276906341314315
0 0.17852949142456054 0.47059154510498047 0.18571021556854247 0.47059154510498047 0.18571021556854247 0.4792470341920853 0.17852949142456054 0.4792470341920853
0 0.23400976181030272 0.5221213531494141 0.24064000129699706 0.5221213531494141 0.24064000129699706 0.531481711268425 0.23400976181030272 0.531481711268425
0 0.21079500198364257 0.7716848754882812 0.21772691309452055 0.7716848754882812 0.21772691309452055 0.7804536986351013 0.21079500198364257 0.7804536986351013
0 0.5394618225097656 0.3532155990600586 0.5471435582637786 0.3532155990600586 0.5471435582637786 0.363184015750885 0.5394618225097656 0.363184015750885
0 0.15704782485961913 0.46748886108398435 0.16453026473522184 0.46748886108398435 0.16453026473522184 0.47595926761627194 0.15704782485961913 0.47595926761627194
0 0.44504264831542967 0.7731689453125001 0.45232026278972626 0.7731689453125001 0.45232026278972626 0.7817167133092882 0.44504264831542967 0.7817167133092882
0 0.2423615837097168 0.15764023780822753 0.2490853422880173 0.15764023780822753 0.2490853422880173 0.16604169368743896 0.2423615837097168 0.16604169368743896
0 0.2255101203918457 0.6261206817626953 0.2339155101776123 0.6261206817626953 0.2339155101776123 0.6346537446975707 0.2255101203918457 0.6346537446975707
0 0.4472222900390625 0.30290904998779294 0.4541632944345474 0.30290904998779294 0.4541632944345474 0.3122947269678116 0.4472222900390625 0.3122947269678116
0 0.23665098190307618 0.2093503761291504 0.24244599521160126 0.2093503761291504 0.24244599521160126 0.2165944468975067 0.23665098190307618 0.2165944468975067
0 0.47781463623046877 0.36229785919189456 0.4855153274536133 0.36229785919189456 0.4855153274536133 0.3715595489740372 0.47781463623046877 0.3715595489740372
0 0.19775144577026368 0.3672212600708008 0.20531211674213412 0.3672212600708008 0.20531211674213412 0.37580385446548464 0.19775144577026368 0.37580385446548464
0 0.5088463592529296 0.361887321472168 0.5162947773933411 0.361887321472168 0.5162947773933411 0.37139267742633825 0.5088463592529296 0.37139267742633825
0 0.554199104309082 0.8228359985351562 0.5612379598617553 0.8228359985351562 0.5612379598617553 0.8315001446008682 0.554199104309082 0.8315001446008682
0 0.2734225654602051 0.7697887420654297 0.28131623864173894 0.7697887420654297 0.28131623864173894 0.7791237211227418 0.2734225654602051 0.7791237211227418
0 0.2659777069091797 0.2080066680908203 0.27355490803718574 0.2080066680908203 0.27355490803718574 0.21720605790615083 0.2659777069091797 0.21720605790615083
0 0.1729885482788086 0.3674554443359375 0.1799707013368607 0.3674554443359375 0.1799707013368607 0.37573646008968353 0.1729885482788086 0.37573646008968353
0 0.18574556350708007 0.5230507278442382 0.19317122638225556 0.5230507278442382 0.19317122638225556 0.531696057319641 0.18574556350708007 0.531696057319641
0 0.27229177474975585 0.1551230525970459 0.27939687013626097 0.1551230525970459 0.27939687013626097 0.1640671443939209 0.27229177474975585 0.1640671443939209
0 0.24966480255126952 0.4488174819946289 0.25718605458736415 0.4488174819946289 0.25718605458736415 0.4588157445192337 0.24966480255126952 0.4588157445192337
0 0.14912590026855468 0.6676935577392578 0.1565699863433838 0.6676935577392578 0.1565699863433838 0.676066363453865 0.14912590026855468 0.676066363453865
0 0.4714108657836914 0.814930648803711 0.478877825140953 0.814930648803711 0.478877825140953 0.8234961265325547 0.4714108657836914 0.8234961265325547
0 0.15499813079833985 0.1580677318572998 0.16244412422180177 0.1580677318572998 0.16244412422180177 0.16662328720092776 0.15499813079833985 0.16662328720092776
0 0.521612777709961 0.7749617004394531 0.5290156561136246 0.7749617004394531 0.5290156561136246 0.7834906518459319 0.521612777709961 0.7834906518459319
0 0.22471965789794923 0.36182117462158203 0.23221691310405732 0.36182117462158203 0.23221691310405732 0.3708876621723175 0.22471965789794923 0.3708876621723175
0 0.541584358215332 0.304398193359375 0.5499092102050781 0.304398193359375 0.5499092102050781 0.3138951092958451 0.541584358215332 0.3138951092958451
0 0.20941497802734374 0.6698381042480469 0.21653197586536405 0.6698381042480469 0.21653197586536405 0.6790387588739395 0.20941497802734374 0.6790387588739395
0 0.5059489440917969 0.30468589782714844 0.5131250697374344 0.30468589782714844 0.5131250697374344 0.31469633579254147 0.5059489440917969 0.31469633579254147
0 0.17780740737915038 0.7739636993408203 0.18504115283489225 0.7739636993408203 0.18504115283489225 0.783348091840744 0.17780740737915038 0.783348091840744
0 0.17798410415649413 0.3094808006286621 0.18514393627643583 0.3094808006286621 0.18514393627643583 0.3186700308322907 0.17798410415649413 0.3186700308322907
0 0.4762148666381836 0.29807065963745116 0.4833925890922546 0.29807065963745116 0.4833925890922546 0.3081523311138153 0.4762148666381836 0.3081523311138153
0 0.18655677795410155 0.6234187316894532 0.19282595217227938 0.6234187316894532 0.19282595217227938 0.6319495409727097 0.18655677795410155 0.6319495409727097
0 0.20243906021118163 0.3054777145385742 0.20989349603652951 0.3054777145385742 0.20989349603652951 0.3141107892990112 0.20243906021118163 0.3141107892990112
0 0.13952402114868165 0.3723217391967773 0.1459821856021881 0.3723217391967773 0.1459821856021881 0.38120721697807314 0.13952402114868165 0.38120721697807314
0 0.2172016716003418 0.16373647689819337 0.22379407465457918 0.16373647689819337 0.22379407465457918 0.1726902931928635 0.2172016716003418 0.1726902931928635
0 0.17915475845336915 0.6708633422851562 0.18523908257484434 0.6708633422851562 0.18523908257484434 0.6780597984790802 0.17915475845336915 0.6780597984790802
0 0.21623941421508788 0.9681853485107422 0.22350533306598663 0.9681853485107422 0.22350533306598663 0.9762214332818986 0.21623941421508788 0.9762214332818986
0 0.20986164093017579 0.5198023986816406 0.2160773354768753 0.5198023986816406 0.2160773354768753 0.5270850312709808 0.20986164093017579 0.5270850312709808
0 0.2373390579223633 0.7750748443603516 0.2438021457195282 0.7750748443603516 0.2438021457195282 0.7836604034900665 0.2373390579223633 0.7836604034900665
0 0.25092132568359377 0.35776588439941404 0.25752838134765627 0.35776588439941404 0.25752838134765627 0.3670650094747543 0.25092132568359377 0.3670650094747543
0 0.17753019332885742 0.21420225143432617 0.18511472821235656 0.21420225143432617 0.18511472821235656 0.22371901214122772 0.17753019332885742 0.22371901214122772
0 0.5293458557128906 0.8169265747070311 0.536363006234169 0.8169265747070311 0.536363006234169 0.8263075673580169 0.5293458557128906 0.8263075673580169
0 0.5752953338623047 0.3549647903442383 0.5834053802490234 0.3549647903442383 0.5834053802490234 0.3643802535533905 0.5752953338623047 0.3643802535533905
0 0.44757930755615233 0.3606937408447265 0.45563177883625033 0.3606937408447265 0.45563177883625033 0.3705154204368591 0.44757930755615233 0.3705154204368591
0 0.15499484062194824 0.828074951171875 0.16215238094329834 0.828074951171875 0.16215238094329834 0.8373540341854095 0.15499484062194824 0.8373540341854095
0 0.23825057983398437 0.9216636657714845 0.24507718741893766 0.9216636657714845 0.24507718741893766 0.9299642890691758 0.23825057983398437 0.9299642890691758
0 0.25314659118652344 0.5188228225708008 0.26032180011272427 0.5188228225708008 0.26032180011272427 0.5283364796638489 0.25314659118652344 0.5283364796638489
0 0.5445523071289062 0.7705213928222656 0.5512214624881745 0.7705213928222656 0.5512214624881745 0.7805506861209869 0.5445523071289062 0.7805506861209869
0 0.17824705123901366 0.831697006225586 0.18498442769050596 0.831697006225586 0.18498442769050596 0.8400403225421905 0.17824705123901366 0.8400403225421905
0 0.23218807220458984 0.6741010284423828 0.23951601684093476 0.6741010284423828 0.23951601684093476 0.6834216976165771 0.23218807220458984 0.6834216976165771
0 0.20848247528076172 0.2111467742919922 0.2151869833469391 0.2111467742919922 0.2151869833469391 0.2199590015411377 0.20848247528076172 0.2199590015411377
0 0.2569218826293945 0.30595989227294923 0.26455926120281215 0.30595989227294923 0.26455926120281215 0.31573603212833407 0.2569218826293945 0.31573603212833407
0 0.14726503372192382 0.9662744140625 0.1537844693660736 0.9662744140625 0.1537844693660736 0.9745591461658478 0.14726503372192382 0.9745591461658478
0 0.20353389739990235 0.4626539230346679 0.21056475400924685 0.4626539230346679 0.21056475400924685 0.47299720764160147 0.20353389739990235 0.47299720764160147
0 0.1884908103942871 0.15992982864379882 0.19530677258968354 0.15992982864379882 0.19530677258968354 0.17015364289283752 0.1884908103942871 0.17015364289283752
0 0.20694393157958985 0.822156524658203 0.21449775695800782 0.822156524658203 0.21449775695800782 0.8312695795297622 0.20694393157958985 0.8312695795297622
0 0.22314023971557617 0.4599944686889648 0.23006128311157228 0.4599944686889648 0.23006128311157228 0.469920192360878 0.22314023971557617 0.469920192360878
0 0.25469303131103516 0.6266460037231445 0.2616404527425766 0.6266460037231445 0.2616404527425766 0.6367108750343322 0.25469303131103516 0.6367108750343322
0 0.1444179344177246 0.3140824317932129 0.15162797868251798 0.3140824317932129 0.15162797868251798 0.3237483412027359 0.1444179344177246 0.3237483412027359
0 0.14388782501220704 0.6232217025756835 0.15171700298786164 0.6232217025756835 0.15171700298786164 0.6324891239404677 0.14388782501220704 0.6324891239404677
0 0.26891443252563474 0.8235711669921875 0.27695176303386687 0.8235711669921875 0.27695176303386687 0.8330294024944306 0.26891443252563474 0.8330294024944306
0 0.4812275314331055 0.7639814758300781 0.48883708357810973 0.7639814758300781 0.48883708357810973 0.7726865756511688 0.4812275314331055 0.7726865756511688
0 0.15685070037841797 0.7762229156494141 0.16401971399784088 0.7762229156494141 0.16401971399784088 0.7856798070669174 0.15685070037841797 0.7856798070669174
0 0.23405319213867187 0.81803955078125 0.2422410851716995 0.81803955078125 0.2422410851716995 0.8278534030914306 0.23405319213867187 0.8278534030914306
0 0.23216602325439453 0.3074970817565918 0.23940846264362334 0.3074970817565918 0.23940846264362334 0.3180149137973785 0.23216602325439453 0.3180149137973785
0 0.16245244979858398 0.9109712982177735 0.16848712325096127 0.9109712982177735 0.16848712325096127 0.918852818608284 0.16245244979858398 0.918852818608284
0 0.5034079742431641 0.8136145782470704 0.5112631160020829 0.8136145782470704 0.5112631160020829 0.8239940333366395 0.5034079742431641 0.8239940333366395
0 0.12993967056274414 0.915876007080078 0.1372012424468994 0.915876007080078 0.1372012424468994 0.9244360297918319 0.12993967056274414 0.9244360297918319
0 0.1983768081665039 0.9683419036865234 0.20427224516868592 0.9683419036865234 0.20427224516868592 0.9759531140327453 0.1983768081665039 0.9759531140327453
0 0.44608848571777343 0.8181061553955078 0.4533443063497543 0.8181061553955078 0.4533443063497543 0.8281039828062058 0.44608848571777343 0.8281039828062058
0 0.18045942306518556 0.9131466674804688 0.1877152729034424 0.9131466674804688 0.1877152729034424 0.9234352815151216 0.18045942306518556 0.9234352815151216
0 0.15615937232971192 0.21219913482666017 0.16184597730636596 0.21219913482666017 0.16184597730636596 0.22103901386260988 0.15615937232971192 0.22103901386260988
0 0.5742361068725585 0.31163629531860354 0.5824808800220489 0.31163629531860354 0.5824808800220489 0.3229708278179169 0.5742361068725585 0.3229708278179169
0 0.16719188690185546 0.5249824905395508 0.17407348275184628 0.5249824905395508 0.17407348275184628 0.5328965049982072 0.16719188690185546 0.5328965049982072
0 0.25905145645141603 0.6718125915527344 0.26749755084514615 0.6718125915527344 0.26749755084514615 0.6811961936950685 0.25905145645141603 0.6811961936950685
0 0.5611641693115235 0.7683001708984375 0.5679333347082138 0.7683001708984375 0.5679333347082138 0.7771193557977676 0.5611641693115235 0.7771193557977676
0 0.16751708984375 0.6278668975830078 0.17513943135738372 0.6278668975830078 0.17513943135738372 0.6369431102275849 0.16751708984375 0.6369431102275849
0 0.1695695810754846 0.9644425870832264 0.17566521961087783 0.9644425870832264 0.17566521961087783 0.9755542786197179 0.1695695810754846 0.9755542786197179
0 0.23939234975362528 0.9718503814408873 0.24604213724678153 0.9718503814408873 0.24604213724678153 0.9829620729773789 0.23939234975362528 0.9829620729773789
0 0.26211245702190916 0.9740727197481859 0.2693163934728285 0.9740727197481859 0.2693163934728285 0.9829620729773791 0.26211245702190916 0.9829620729773791
