0 0.8296591186523438 0.6155779266357422 0.8370157474279404 0.6155779266357422 0.8370157474279404 0.6248659038543701 0.8296591186523438 0.6248659038543701
0 0.7810208129882813 0.6787828063964844 0.7878584063053131 0.6787828063964844 0.7878584063053131 0.6866595041751861 0.7810208129882813 0.6866595041751861
0 0.5169791412353516 0.4570967102050781 0.5254706573486329 0.4570967102050781 0.5254706573486329 0.46750854134559633 0.5169791412353516 0.46750854134559633
0 0.835289306640625 0.6781939697265625 0.8431356954574584 0.6781939697265625 0.8431356954574584 0.6869072914123535 0.835289306640625 0.6869072914123535
0 0.7907004547119141 0.6166959762573242 0.79816555082798 0.6166959762573242 0.79816555082798 0.6273160541057586 0.7907004547119141 0.6273160541057586
0 0.8145132446289063 0.519406967163086 0.8226142424345018 0.519406967163086 0.8226142424345018 0.5305489265918731 0.8145132446289063 0.5305489265918731
0 0.5473604583740235 0.460411376953125 0.5553298044204713 0.460411376953125 0.5553298044204713 0.4694176203012467 0.5473604583740235 0.4694176203012467
0 0.5792808151245117 0.4673219299316406 0.5873838233947754 0.4673219299316406 0.5873838233947754 0.47759220123291013 0.5792808151245117 0.47759220123291013
0 0.5545011520385742 0.728705062866211 0.5624809074401854 0.728705062866211 0.5624809074401854 0.7383358097076416 0.5545011520385742 0.7383358097076416
0 0.7659112548828125 0.7835665893554687 0.7740983051061631 0.7835665893554687 0.7740983051061631 0.7930728942155838 0.7659112548828125 0.7930728942155838
0 0.46013301849365235 0.8259671020507812 0.4676961439847946 0.8259671020507812 0.4676961439847946 0.8344928914308547 0.46013301849365235 0.8344928914308547
0 0.580532341003418 0.5208361434936524 0.588241105079651 0.5208361434936524 0.588241105079651 0.530409215092659 0.580532341003418 0.530409215092659
0 0.5377239990234375 0.8245612335205078 0.5444899117946626 0.8245612335205078 0.5444899117946626 0.8340223151445388 0.5377239990234375 0.8340223151445388
0 0.4755006408691406 0.5194080734252929 0.4826037847995758 0.5194080734252929 0.4826037847995758 0.5297169268131255 0.4755006408691406 0.5297169268131255
0 0.7944805145263671 0.4548170471191406 0.8035094594955444 0.4548170471191406 0.8035094594955444 0.4659369885921478 0.7944805145263671 0.4659369885921478
0 0.5070820999145508 0.8341505432128906 0.514093868136406 0.8341505432128906 0.514093868136406 0.8435177797079085 0.5070820999145508 0.8435177797079085
0 0.5233381271362305 0.523760871887207 0.5316833835840226 0.523760871887207 0.5316833835840226 0.5339943015575409 0.5233381271362305 0.5339943015575409
0 0.5177314376831055 0.678947525024414 0.525653647184372 0.678947525024414 0.525653647184372 0.6898901319503784 0.5177314376831055 0.6898901319503784
0 0.578375473022461 0.8240780639648437 0.5866779100894928 0.8240780639648437 0.5866779100894928 0.8341500508785247 0.578375473022461 0.8341500508785247
0 0.5871501159667969 0.6886225128173828 0.5953412467241287 0.6886225128173828 0.5953412467241287 0.6993545019626617 0.5871501159667969 0.6993545019626617
0 0.4537912368774414 0.7823493957519532 0.4611137700080871 0.7823493957519532 0.4611137700080871 0.7914448988437653 0.4537912368774414 0.7914448988437653
0 0.7998118591308594 0.7818104553222657 0.8078444290161133 0.7818104553222657 0.8078444290161133 0.7919853794574737 0.7998118591308594 0.7919853794574737
0 0.7716973876953125 0.8482646942138672 0.7792795866727829 0.8482646942138672 0.7792795866727829 0.8577624601125717 0.7716973876953125 0.8577624601125717
0 0.846203842163086 0.5207150268554688 0.8544299852848053 0.5207150268554688 0.8544299852848053 0.5311921620368958 0.846203842163086 0.5311921620368958
0 0.5416637420654297 0.6285138702392579 0.5492492526769638 0.6285138702392579 0.5492492526769638 0.63862095952034 0.5416637420654297 0.63862095952034
0 0.5136549377441406 0.632027359008789 0.5211747407913208 0.632027359008789 0.5211747407913208 0.642431639432907 0.5136549377441406 0.642431639432907
0 0.8985926818847656 0.6167916488647461 0.90535380423069 0.6167916488647461 0.90535380423069 0.6249177443981171 0.8985926818847656 0.6249177443981171
0 0.9009152221679687 0.4689773941040039 0.9083729255199432 0.4689773941040039 0.9083729255199432 0.47807005107402806 0.9009152221679687 0.47807005107402806
0 0.9130674743652344 0.7718603515625 0.9197187095880508 0.7718603515625 0.9197187095880508 0.7801295876502989 0.9130674743652344 0.7801295876502989
0 0.8080099487304687 0.6149818420410156 0.8155315262079239 0.6149818420410156 0.8155315262079239 0.6249110841751099 0.8080099487304687 0.6249110841751099
0 0.5455533599853516 0.7711483001708983 0.5528454053401948 0.7711483001708983 0.5528454053401948 0.7797040534019469 0.5455533599853516 0.7797040534019469
0 0.7687430572509766 0.6787845611572265 0.7750962728261948 0.6787845611572265 0.7750962728261948 0.6876907134056092 0.7687430572509766 0.6876907134056092
0 0.45098995208740233 0.4599833679199219 0.45855461478233334 0.4599833679199219 0.45855461478233334 0.4693476790189743 0.45098995208740233 0.4693476790189743
0 0.9155722808837891 0.678699951171875 0.922193176150322 0.678699951171875 0.922193176150322 0.6870897549390792 0.9155722808837891 0.6870897549390792
0 0.5978646087646484 0.6290853881835937 0.6045690721273422 0.6290853881835937 0.6045690721273422 0.6375846129655838 0.5978646087646484 0.6375846129655838
0 0.8179505920410156 0.8387674713134765 0.8254305332899093 0.8387674713134765 0.8254305332899093 0.8482867419719695 0.8179505920410156 0.8482867419719695
0 0.4998090362548829 0.5169331741333008 0.5071698641777039 0.5169331741333008 0.5071698641777039 0.5272583937644958 0.4998090362548829 0.5272583937644958
0 0.8095980072021485 0.6812638092041016 0.817385312318802 0.6812638092041016 0.817385312318802 0.6910308575630189 0.8095980072021485 0.6910308575630189
0 0.9089659881591797 0.5236746978759765 0.9162863034009934 0.5236746978759765 0.9162863034009934 0.5333245772123336 0.9089659881591797 0.5333245772123336
0 0.48866416931152346 0.46060054779052734 0.49582752048969275 0.46060054779052734 0.49582752048969275 0.47003585577011103 0.48866416931152346 0.47003585577011103
0 0.8488543701171875 0.60982177734375 0.8550833272933959 0.60982177734375 0.8550833272933959 0.6185374313592911 0.8488543701171875 0.6185374313592911
0 0.48928939819335937 0.7794178771972656 0.4967935878038406 0.7794178771972656 0.4967935878038406 0.7880359303951264 0.48928939819335937 0.7880359303951264
0 0.9171167755126953 0.8224299621582031 0.9244149124622345 0.8224299621582031 0.9244149124622345 0.8313558793067931 0.9171167755126953 0.8313558793067931
0 0.5481549835205078 0.5148652648925781 0.5562521368265152 0.5148652648925781 0.5562521368265152 0.5253063881397247 0.5481549835205078 0.5253063881397247
0 0.7761119079589843 0.5146318054199219 0.784680664539337 0.5146318054199219 0.784680664539337 0.5248742079734803 0.7761119079589843 0.5248742079734803
0 0.8507393646240234 0.7776457977294923 0.8573483127355576 0.7776457977294923 0.8573483127355576 0.7859911692142487 0.8507393646240234 0.7859911692142487
0 0.8908676147460938 0.657253646850586 0.8978227245807648 0.657253646850586 0.8978227245807648 0.6656791865825653 0.8908676147460938 0.6656791865825653
0 0.4440919876098633 0.618641128540039 0.4517898100614548 0.618641128540039 0.4517898100614548 0.6278001970052719 0.4440919876098633 0.6278001970052719
0 0.48122180938720704 0.6296116638183594 0.4893732261657715 0.6296116638183594 0.4893732261657715 0.6386266827583313 0.48122180938720704 0.6386266827583313
0 0.4368014907836914 0.8283262634277344 0.4455559253692627 0.8283262634277344 0.4455559253692627 0.8377691608667374 0.4368014907836914 0.8377691608667374
0 0.8343051910400391 0.47180198669433593 0.8422819894552233 0.47180198669433593 0.8422819894552233 0.4813131141662597 0.8343051910400391 0.4813131141662597
0 0.6037056350708008 0.5166154098510742 0.6111552363634108 0.5166154098510742 0.6111552363634108 0.5267914414405823 0.6037056350708008 0.5267914414405823
0 0.8787460327148438 0.7765512847900391 0.8843515086174011 0.7765512847900391 0.8843515086174011 0.7839505326747894 0.8787460327148438 0.7839505326747894
0 0.883663330078125 0.5146872329711915 0.8908268582820893 0.5146872329711915 0.8908268582820893 0.5236772292852402 0.883663330078125 0.5236772292852402
0 0.4829718017578125 0.8300042724609376 0.49049157559871676 0.8300042724609376 0.49049157559871676 0.83980539560318 0.4829718017578125 0.83980539560318
0 0.4479682159423828 0.5186335754394531 0.45566186904907224 0.5186335754394531 0.45566186904907224 0.5274737906455993 0.4479682159423828 0.5274737906455993
0 0.5529070281982422 0.8282391357421875 0.5603754955530167 0.8282391357421875 0.5603754955530167 0.8391742324829101 0.5529070281982422 0.8391742324829101
0 0.860746078491211 0.6691329193115235 0.8688749319314957 0.6691329193115235 0.8688749319314957 0.6784520864486694 0.860746078491211 0.6784520864486694
0 0.873654037630031 0.46147946934016204 0.8847370167852914 0.46147946934016204 0.8847370167852914 0.46962804313358925 0.873654037630031 0.46962804313358925
0 0.4757750859561815 0.6607491375612462 0.48574976719591595 0.6607491375612462 0.48574976719591595 0.67334238796927 0.4757750859561815 0.67334238796927
0 0.4757750859561815 0.6814909617626972 0.48630391615367896 0.6814909617626972 0.48630391615367896 0.6970473299137855 0.4757750859561815 0.6970473299137855
0 0.8525963772350361 0.8207574956867261 0.8658959522213485 0.8207574956867261 0.8658959522213485 0.8348323049662821 0.8525963772350361 0.8348323049662821
0 0.876424782418846 0.6896395355561245 0.8830745699120023 0.6896395355561245 0.8830745699120023 0.6992696682210838 0.876424782418846 0.6992696682210838
0 0.7611617992041375 0.628154842387537 0.7700281825283457 0.628154842387537 0.7700281825283457 0.640007313359795 0.7611617992041375 0.640007313359795
0 0.873654037630031 0.6163023714152794 0.8841828678275283 0.6163023714152794 0.8841828678275283 0.6266732835160049 0.873654037630031 0.6266732835160049
0 0.9196484011243617 0.6059314593145538 0.9301772313218591 0.6059314593145538 0.9301772313218591 0.6192654891583438 0.9196484011243617 0.6192654891583438
