0 0.4925143814086914 0.6336494064331055 0.5001142048835755 0.6336494064331055 0.5001142048835755 0.6432654082775117 0.4925143814086914 0.6432654082775117
0 0.5156919860839844 0.6332220077514649 0.523197181224823 0.6332220077514649 0.523197181224823 0.6430954718589783 0.5156919860839844 0.6430954718589783
0 0.46704734802246095 0.6347592163085938 0.47453450441360473 0.6347592163085938 0.47453450441360473 0.6444857060909271 0.46704734802246095 0.6444857060909271
0 0.47008941650390623 0.5309326553344726 0.4775585347414016 0.5309326553344726 0.4775585347414016 0.5399059301614761 0.47008941650390623 0.5399059301614761
0 0.5169529724121094 0.31259159088134764 0.5242574375867843 0.31259159088134764 0.5242574375867843 0.321860316991806 0.5169529724121094 0.321860316991806
0 0.5395795059204102 0.2279237365722656 0.547275317311287 0.2279237365722656 0.547275317311287 0.23756231069564818 0.5395795059204102 0.23756231069564818
0 0.49377880096435545 0.16294090270996095 0.501280831694603 0.16294090270996095 0.501280831694603 0.17308189988136294 0.49377880096435545 0.17308189988136294
0 0.490771598815918 0.31411964416503907 0.4979725348949433 0.31411964416503907 0.4979725348949433 0.32260052680969237 0.490771598815918 0.32260052680969237
0 0.49278507232666013 0.534338607788086 0.49952682495117184 0.534338607788086 0.49952682495117184 0.5436170190572739 0.49278507232666013 0.5436170190572739
0 0.516360855102539 0.3519680404663086 0.5231851416826246 0.3519680404663086 0.5231851416826246 0.3609275192022323 0.516360855102539 0.3609275192022323
0 0.47653606414794925 0.35706771850585933 0.4834250527620316 0.35706771850585933 0.4834250527620316 0.3653245019912719 0.47653606414794925 0.3653245019912719
0 0.5451670837402344 0.31029930114746096 0.5526121902465821 0.31029930114746096 0.5526121902465821 0.320625923871994 0.5451670837402344 0.320625923871994
0 0.4511927795410156 0.2185662269592285 0.4580122458934784 0.2185662269592285 0.4580122458934784 0.22739288330078125 0.4511927795410156 0.22739288330078125
0 0.4678474807739258 0.3094793891906738 0.4751810145378113 0.3094793891906738 0.4751810145378113 0.3184562414884567 0.4678474807739258 0.3184562414884567
0 0.5263552856445313 0.4709645843505859 0.5326643216609954 0.4709645843505859 0.5326643216609954 0.4792969107627868 0.5263552856445313 0.4792969107627868
0 0.44522407531738284 0.6331577301025391 0.4529274278879166 0.6331577301025391 0.4529274278879166 0.6421439707279205 0.44522407531738284 0.6421439707279205
0 0.44709373474121095 0.3123619842529297 0.45478605687618257 0.3123619842529297 0.45478605687618257 0.3210678547620774 0.44709373474121095 0.3210678547620774
0 0.49803783416748043 0.3557808303833008 0.504951484799385 0.3557808303833008 0.504951484799385 0.3644324058294296 0.49803783416748043 0.3644324058294296
0 0.5084629058837891 0.224710693359375 0.5159604716300964 0.224710693359375 0.5159604716300964 0.2346338278055191 0.5084629058837891 0.2346338278055191
0 0.45218734741210936 0.35783287048339846 0.4588696324825286 0.35783287048339846 0.4588696324825286 0.36646974027156826 0.45218734741210936 0.36646974027156826
0 0.5030410385131836 0.470272216796875 0.510693794488907 0.470272216796875 0.510693794488907 0.4800759887695312 0.5030410385131836 0.4800759887695312
0 0.5457123565673828 0.4656913375854492 0.553358074426651 0.4656913375854492 0.553358074426651 0.4746737837791443 0.5457123565673828 0.4746737837791443
0 0.51862548828125 0.5282175827026367 0.5259332656860352 0.5282175827026367 0.5259332656860352 0.5384234595298767 0.51862548828125 0.5384234595298767
0 0.5444749450683594 0.5272732162475586 0.5526385152339935 0.5272732162475586 0.5526385152339935 0.537373230457306 0.5444749450683594 0.537373230457306
0 0.4546895217895508 0.47258289337158205 0.4629147189855576 0.47258289337158205 0.4629147189855576 0.48098850965499873 0.4546895217895508 0.48098850965499873
0 0.5406631469726563 0.3477082443237305 0.5478008890151979 0.3477082443237305 0.5478008890151979 0.3563296973705292 0.5406631469726563 0.3563296973705292
0 0.4486604309082031 0.5303200912475586 0.4562274593114853 0.5303200912475586 0.4562274593114853 0.540311000943184 0.4486604309082031 0.540311000943184
0 0.4485769271850586 0.16493476867675783 0.4563687866926193 0.16493476867675783 0.4563687866926193 0.17473867893218994 0.4485769271850586 0.17473867893218994
0 0.49036952972412107 0.22124652862548827 0.4968538349866866 0.22124652862548827 0.4968538349866866 0.23082837641239165 0.49036952972412107 0.23082837641239165
0 0.4708742141723633 0.16175819396972657 0.47837654113769534 0.16175819396972657 0.47837654113769534 0.17171851634979252 0.4708742141723633 0.17171851634979252
0 0.5445637512207031 0.6296587753295898 0.5518371665477754 0.6296587753295898 0.5518371665477754 0.6397312760353088 0.5445637512207031 0.6397312760353088
0 0.47971641540527343 0.47242061614990233 0.48804401755332943 0.47242061614990233 0.48804401755332943 0.4819885092973709 0.47971641540527343 0.4819885092973709
0 0.4721007537841797 0.21760395050048828 0.47948095083236697 0.21760395050048828 0.47948095083236697 0.22573056042194364 0.4721007537841797 0.22573056042194364
0 0.6416414642333984 0.5917736053466797 0.6526840960979462 0.5917736053466797 0.6526840960979462 0.6048211348056793 0.6416414642333984 0.6048211348056793
0 0.54209228515625 0.1594870376586914 0.5507018500566481 0.1594870376586914 0.5507018500566481 0.17011867761611937 0.54209228515625 0.17011867761611937
