0 0.4537713433411452 0.30843681074872886 0.46190421198176135 0.30843681074872886 0.46190421198176135 0.3184724270545668 0.4537713433411452 0.3184724270545668
0 0.47316510702261444 0.3088549614281388 0.4816107783032542 0.3088549614281388 0.4816107783032542 0.317636125695747 0.47316510702261444 0.317636125695747
0 0.49412288390420217 0.30801866006931894 0.5028813578248656 0.30801866006931894 0.5028813578248656 0.3180542763751569 0.49412288390420217 0.3180542763751569
0 0.5125782396656003 0.30801866006931894 0.5185214898260505 0.30801866006931894 0.5185214898260505 0.31972687909279657 0.5125782396656003 0.31972687909279657
0 0.5316592007070459 0.3096912627869586 0.5391664640676145 0.3096912627869586 0.5391664640676145 0.31930872841338664 0.5316592007070459 0.31930872841338664
0 0.45877618558152433 0.37115941266021635 0.4669090542221405 0.37115941266021635 0.4669090542221405 0.3807768782866444 0.45877618558152433 0.3807768782866444
0 0.48411319942344383 0.3661416045072973 0.4909948575039652 0.3661416045072973 0.4909948575039652 0.3753409194543155 0.48411319942344383 0.3753409194543155
0 0.5078862000652449 0.3653053031484774 0.5144550555057423 0.3653053031484774 0.5144550555057423 0.37325016605726585 0.5078862000652449 0.37325016605726585
0 0.528531174306809 0.3611237963543783 0.5354128323873302 0.3611237963543783 0.5354128323873302 0.37074126198080637 0.528531174306809 0.37074126198080637
0 0.5504273591084677 0.36196009771319815 0.5576218198290127 0.36196009771319815 0.5576218198290127 0.3699049606219866 0.5504273591084677 0.3699049606219866
0 0.4609658040616902 0.47151557571859637 0.4687858700622827 0.47151557571859637 0.4687858700622827 0.47987858930679456 0.4609658040616902 0.47987858930679456
0 0.4863028179036097 0.47151557571859637 0.4941228839042021 0.47151557571859637 0.4941228839042021 0.48196934270384423 0.4863028179036097 0.48196934270384423
0 0.512891042305624 0.47486078115387564 0.5203983056661928 0.47486078115387564 0.5203983056661928 0.4865690001773533 0.512891042305624 0.4865690001773533
0 0.5451097142280648 0.47151557571859637 0.5526169775886335 0.47151557571859637 0.5526169775886335 0.48238749338325415 0.5451097142280648 0.48238749338325415
0 0.5670058990297236 0.4710974250391864 0.5770155835104818 0.4710974250391864 0.5770155835104818 0.48029673998620465 0.5670058990297236 0.48029673998620465
0 0.4863028179036097 0.5292203694771648 0.4953740944642969 0.5292203694771648 0.4953740944642969 0.5375833830653631 0.4863028179036097 0.5375833830653631
0 0.5091374106253397 0.5254570133624755 0.516019068705861 0.5254570133624755 0.516019068705861 0.5346563283094937 0.5091374106253397 0.5346563283094937
0 0.5332232139071643 0.5200210545301467 0.540730477267733 0.5200210545301467 0.540730477267733 0.5296385201565746 0.5332232139071643 0.5296385201565746
0 0.5529297802286572 0.518348451812507 0.5604370435892259 0.518348451812507 0.5604370435892259 0.5296385201565746 0.5529297802286572 0.5296385201565746
0 0.4543969486211925 0.6170320121532473 0.46284261990183234 0.6170320121532473 0.46284261990183234 0.6274857791384952 0.4543969486211925 0.6274857791384952
0 0.4822363835833016 0.618704614870887 0.48880523902379924 0.618704614870887 0.48880523902379924 0.6312491352531845 0.4822363835833016 0.6312491352531845
0 0.5066349895051501 0.6191227655502969 0.5147678581457661 0.6191227655502969 0.5147678581457661 0.6295765325355448 0.5066349895051501 0.6295765325355448
0 0.52946958222688 0.6115960533209184 0.5379152535075198 0.6115960533209184 0.5379152535075198 0.6249768750620357 0.52946958222688 0.6249768750620357
0 0.5548065960687995 0.6136868067179679 0.5616882541493208 0.6136868067179679 0.5616882541493208 0.6228861216649861 0.5548065960687995 0.6228861216649861
0 0.45502255390123997 0.6755731072706354 0.46284261990183234 0.6755731072706354 0.46284261990183234 0.6839361208588338 0.45502255390123997 0.6839361208588338
0 0.48161077830325427 0.6759912579500456 0.49068205486394156 0.6759912579500456 0.49068205486394156 0.6830998195000142 0.48161077830325427 0.6830998195000142
0 0.5060093842251027 0.6801727647441448 0.5132038449456476 0.6801727647441448 0.5132038449456476 0.6927172851264423 0.5060093842251027 0.6927172851264423
0 0.5310335954269984 0.674736805911816 0.5382280561475435 0.674736805911816 0.5382280561475435 0.6843542715382439 0.5310335954269984 0.6843542715382439
0 0.5551193987088231 0.6734823538735859 0.5629394647094156 0.6734823538735859 0.5629394647094156 0.6847724222176538 0.5551193987088231 0.6847724222176538
0 0.4662834489420931 0.7829797973862531 0.47285230438259074 0.7829797973862531 0.47285230438259074 0.7917609616538611 0.4662834489420931 0.7917609616538611
0 0.4931844759841312 0.7850705507833027 0.5006917393446999 0.7850705507833027 0.5006917393446999 0.7921791123332713 0.4931844759841312 0.7921791123332713
0 0.523213529426406 0.782561646706843 0.5291567795868563 0.782561646706843 0.5291567795868563 0.7930154136920912 0.523213529426406 0.7930154136920912
0 0.5454225168680886 0.779216441271563 0.5534880078200437 0.779216441271563 0.5534880078200437 0.7900883589362209 0.5454225168680886 0.7900883589362209
0 0.5661242647888169 0.7814394557285109 0.5739098286582146 0.7814394557285109 0.5739098286582146 0.7918471006938199 0.5661242647888169 0.7918471006938199
0 0.45987421668879963 0.8347021093745041 0.4681177549034562 0.8347021093745041 0.4681177549034562 0.8451097543398131 0.45987421668879963 0.8451097543398131
0 0.5157470868103604 0.8334776805550557 0.5253645480607931 0.8334776805550557 0.5253645480607931 0.8432731111106408 0.5157470868103604 0.8432731111106408
0 0.5413936501448473 0.8347021093745041 0.5487212396689863 0.8347021093745041 0.5487212396689863 0.8426608967009167 0.5413936501448473 0.8426608967009167
0 0.56154452133623 0.8322532517356077 0.5693300852056278 0.8322532517356077 0.5693300852056278 0.8414364678814688 0.56154452133623 0.8414364678814688
0 0.5830693155633887 0.8328654661453319 0.5908548794327866 0.8328654661453319 0.5908548794327866 0.8420486822911927 0.5830693155633887 0.8420486822911927
