0 0.5006433868408203 0.5298841094970703 0.5083843833208085 0.5298841094970703 0.5083843833208085 0.5398265939950944 0.5006433868408203 0.5398265939950944
0 0.5166455459594727 0.6863088226318359 0.5246146553754807 0.6863088226318359 0.5246146553754807 0.695892528295517 0.5166455459594727 0.695892528295517
0 0.547924919128418 0.8425624084472657 0.5564891213178635 0.8425624084472657 0.5564891213178635 0.853899451494217 0.547924919128418 0.853899451494217
0 0.5069906616210937 0.8435061645507812 0.5149908208847045 0.8435061645507812 0.5149908208847045 0.8540170192718506 0.5069906616210937 0.8540170192718506
0 0.2179575729370117 0.7727146148681641 0.2252516287565231 0.7727146148681641 0.2252516287565231 0.7824567586183548 0.2179575729370117 0.7824567586183548
0 0.4692361831665039 0.37333255767822265 0.4767341923713684 0.37333255767822265 0.4767341923713684 0.38384088277816775 0.4692361831665039 0.38384088277816775
0 0.45321460723876955 0.1441924285888672 0.4614760291576386 0.1441924285888672 0.4614760291576386 0.15481897950172424 0.45321460723876955 0.15481897950172424
0 0.7737512969970703 0.7627919006347655 0.7821378940343857 0.7627919006347655 0.7821378940343857 0.7718580722808837 0.7737512969970703 0.7718580722808837
0 0.5397592544555664 0.22574056625366212 0.5476750177145004 0.22574056625366212 0.5476750177145004 0.23674735188484194 0.5397592544555664 0.23674735188484194
0 0.4458885192871094 0.37253597259521487 0.45401335120201114 0.37253597259521487 0.45401335120201114 0.3820219188928604 0.4458885192871094 0.3820219188928604
0 0.5216609191894531 0.373348388671875 0.53000463783741 0.373348388671875 0.53000463783741 0.38334024667739863 0.5216609191894531 0.38334024667739863
0 0.4690278244018555 0.8417162322998046 0.4769082200527191 0.8417162322998046 0.4769082200527191 0.8522456669807434 0.4690278244018555 0.8522456669807434
0 0.43736873626708983 0.22640987396240234 0.44591330349445346 0.22640987396240234 0.44591330349445346 0.23748722076416018 0.43736873626708983 0.23748722076416018
0 0.5071270370483398 0.22692554473876955 0.515003233551979 0.22692554473876955 0.515003233551979 0.2373685646057129 0.5071270370483398 0.2373685646057129
0 0.5779315185546875 0.8433689880371094 0.5864830052852631 0.8433689880371094 0.5864830052852631 0.8535474705696106 0.5779315185546875 0.8535474705696106
0 0.562076416015625 0.5324153137207032 0.5707783025503159 0.5324153137207032 0.5707783025503159 0.5430458664894104 0.562076416015625 0.5430458664894104
0 0.189033145904541 0.7706427001953124 0.1963333970308304 0.7706427001953124 0.1963333970308304 0.7802701264619827 0.189033145904541 0.7802701264619827
0 0.4618778991699219 0.4708327484130859 0.4693463373184204 0.4708327484130859 0.4693463373184204 0.4805111688375473 0.4618778991699219 0.4805111688375473
0 0.48510978698730467 0.7729835510253906 0.49302581608295437 0.7729835510253906 0.49302581608295437 0.7839956533908844 0.48510978698730467 0.7839956533908844
0 0.4981415176391601 0.37392047882080076 0.505338106751442 0.37392047882080076 0.505338106751442 0.3841198325157166 0.4981415176391601 0.3841198325157166
0 0.5694149780273438 0.46952934265136725 0.5780753463506698 0.46952934265136725 0.5780753463506698 0.47854250371456153 0.5694149780273438 0.47854250371456153
0 0.16258359909057618 0.8352264404296876 0.16989053368568421 0.8352264404296876 0.16989053368568421 0.8439604765176774 0.16258359909057618 0.8439604765176774
0 0.5785517883300781 0.7693244171142578 0.5869848716259003 0.7693244171142578 0.5869848716259003 0.7790871959924698 0.5785517883300781 0.7790871959924698
0 0.4663836669921875 0.3032784652709961 0.47411431372165674 0.3032784652709961 0.47411431372165674 0.3138933050632477 0.4663836669921875 0.3138933050632477
0 0.819407958984375 0.8368837738037109 0.8276670449972153 0.8368837738037109 0.8276670449972153 0.8466514545679092 0.819407958984375 0.8466514545679092
0 0.5795596694946289 0.684551010131836 0.5869897532463073 0.684551010131836 0.5869897532463073 0.6961187529563905 0.5795596694946289 0.6961187529563905
0 0.43590488433837893 0.47040725708007813 0.44344796001911163 0.47040725708007813 0.44344796001911163 0.47929973125457764 0.43590488433837893 0.47929973125457764
0 0.5289199447631836 0.46751098632812493 0.5367138147354127 0.46751098632812493 0.5367138147354127 0.4775172734260559 0.5289199447631836 0.4775172734260559
0 0.4854372787475586 0.3049067497253418 0.4926007777452469 0.3049067497253418 0.4926007777452469 0.3141948258876801 0.4854372787475586 0.3141948258876801
0 0.5842367172241211 0.6241521453857422 0.5921271669864653 0.6241521453857422 0.5921271669864653 0.6337254148721694 0.5842367172241211 0.6337254148721694
0 0.5243924713134765 0.14663930892944335 0.5321732711791992 0.14663930892944335 0.5321732711791992 0.15760685086250303 0.5243924713134765 0.15760685086250303
0 0.4792413330078125 0.5335655212402344 0.4864799726009369 0.5335655212402344 0.4864799726009369 0.5434800970554352 0.4792413330078125 0.5434800970554352
0 0.4558850860595703 0.7702361297607422 0.463700069785118 0.7702361297607422 0.463700069785118 0.7803795087337494 0.4558850860595703 0.7803795087337494
0 0.5283890914916992 0.5330728149414062 0.5369523477554322 0.5330728149414062 0.5369523477554322 0.5431272101402284 0.5283890914916992 0.5431272101402284
0 0.25917734146118165 0.7728489685058594 0.2679106026887894 0.7728489685058594 0.2679106026887894 0.7834095525741577 0.25917734146118165 0.7834095525741577
0 0.8358433532714844 0.7731515502929688 0.8443751454353333 0.7731515502929688 0.8443751454353333 0.782282868027687 0.8358433532714844 0.782282868027687
0 0.22506738662719727 0.8418363952636718 0.23292683124542238 0.8418363952636718 0.23292683124542238 0.8523782420158386 0.22506738662719727 0.8523782420158386
0 0.510158920288086 0.7685816192626953 0.5184239202737809 0.7685816192626953 0.5184239202737809 0.7783389431238174 0.510158920288086 0.7783389431238174
0 0.7687329864501953 0.8356320190429688 0.7780503106117248 0.8356320190429688 0.7780503106117248 0.8467449235916139 0.7687329864501953 0.8467449235916139
0 0.5373530578613281 0.3078847312927246 0.544745586514473 0.3078847312927246 0.544745586514473 0.3180373203754425 0.5373530578613281 0.3180373203754425
0 0.1274064826965332 0.8322191619873047 0.13558900833129883 0.8322191619873047 0.13558900833129883 0.8416305142641067 0.1274064826965332 0.8416305142641067
0 0.4868709945678711 0.617988395690918 0.4953783905506134 0.617988395690918 0.4953783905506134 0.6281892514228821 0.4868709945678711 0.6281892514228821
0 0.5526341629028321 0.36830848693847656 0.5611056298017503 0.36830848693847656 0.5611056298017503 0.3780896872282028 0.5526341629028321 0.3780896872282028
0 0.544033203125 0.6844852447509766 0.5516969001293183 0.6844852447509766 0.5516969001293183 0.6944523966312408 0.544033203125 0.6944523966312408
0 0.5478071975708008 0.6211999893188477 0.55616091132164 0.6211999893188477 0.55616091132164 0.631421046257019 0.5478071975708008 0.631421046257019
0 0.487425537109375 0.6849429321289063 0.49538547933101645 0.6849429321289063 0.49538547933101645 0.6949276351928712 0.487425537109375 0.6949276351928712
0 0.5669448852539063 0.22434276580810547 0.5753411227464676 0.22434276580810547 0.5753411227464676 0.2350074541568756 0.5669448852539063 0.2350074541568756
0 0.45021106719970705 0.6164366149902344 0.45798988521099093 0.6164366149902344 0.45798988521099093 0.6269304716587066 0.45021106719970705 0.6269304716587066
0 0.4501192855834961 0.5347490692138672 0.45849047601223 0.5347490692138672 0.45849047601223 0.5442346596717835 0.4501192855834961 0.5442346596717835
0 0.48569091796875 0.14855450630187989 0.4941038632392884 0.14855450630187989 0.4941038632392884 0.15797528684139253 0.48569091796875 0.15797528684139253
0 0.5636672973632812 0.3059651184082031 0.5725224220752716 0.3059651184082031 0.5725224220752716 0.31686851143836975 0.5636672973632812 0.31686851143836975
0 0.5119953918457031 0.30819446563720704 0.5201467198133468 0.30819446563720704 0.5201467198133468 0.31923107624053954 0.5119953918457031 0.31923107624053954
0 0.4728680419921875 0.22226560592651368 0.4816516041755676 0.22226560592651368 0.4816516041755676 0.23393547654151917 0.4728680419921875 0.23393547654151917
0 0.4971216201782227 0.4624398422241211 0.5056066894531249 0.4624398422241211 0.5056066894531249 0.473578165769577 0.4971216201782227 0.473578165769577
0 0.28430097579956054 0.8508727264404298 0.29328482449054716 0.8508727264404298 0.29328482449054716 0.8617302644252777 0.28430097579956054 0.8617302644252777
0 0.8472029113769531 0.8385498046875 0.8535272061824799 0.8385498046875 0.8535272061824799 0.8466853481531144 0.8472029113769531 0.8466853481531144
0 0.8022840118408203 0.765760269165039 0.8109974902868272 0.765760269165039 0.8109974902868272 0.7771648299694062 0.8022840118408203 0.7771648299694062
0 0.5807134246826172 0.368742561340332 0.5897237396240235 0.368742561340332 0.5897237396240235 0.37975624442100525 0.5807134246826172 0.37975624442100525
0 0.31266462326049804 0.7543878936767578 0.319854736328125 0.7543878936767578 0.319854736328125 0.7622253769636154 0.31266462326049804 0.7622253769636154
0 0.43584869384765623 0.8386383056640625 0.44377264797687527 0.8386383056640625 0.44377264797687527 0.849350608587265 0.43584869384765623 0.849350608587265
0 0.5188130950927734 0.6192742919921875 0.5284089809656143 0.6192742919921875 0.5284089809656143 0.6312675416469574 0.5188130950927734 0.6312675416469574
0 0.6014356231689453 0.7677171325683594 0.6095895534753799 0.7677171325683594 0.6095895534753799 0.7772849464416504 0.6014356231689453 0.7772849464416504
0 0.6055703353881836 0.15530436515808105 0.6142031431198121 0.15530436515808105 0.6142031431198121 0.16649752616882324 0.6055703353881836 0.16649752616882324
0 0.18328927993774413 0.838514175415039 0.1922276037931442 0.838514175415039 0.1922276037931442 0.8486099600791932 0.18328927993774413 0.8486099600791932
0 0.12246691966562775 0.7659659365821593 0.13188745194759913 0.7659659365821593 0.13188745194759913 0.7800407458617155 0.12246691966562775 0.7800407458617155
0 0.4560645922389666 0.6822578603405887 0.46382267764764895 0.6822578603405887 0.46382267764764895 0.6941103313128465 0.4560645922389666 0.6941103313128465
0 0.8947116980250257 0.8267098503149807 0.9046863792647601 0.8267098503149807 0.9046863792647601 0.8407846595945365 0.8947116980250257 0.8407846595945365
0 0.8797496761654241 0.7674474954536916 0.8886160594896323 0.7674474954536916 0.8886160594896323 0.7785591869901831 0.8797496761654241 0.7785591869901831
