0 0.4863556289672852 0.33203338623046874 0.49268601536750795 0.33203338623046874 0.49268601536750795 0.3417623269557953 0.4863556289672852 0.3417623269557953
0 0.15868070602416992 0.3232711410522461 0.16511234462261198 0.3232711410522461 0.16511234462261198 0.3320745533704757 0.15868070602416992 0.3320745533704757
0 0.8365548706054687 0.6976854705810547 0.8444132649898529 0.6976854705810547 0.8444132649898529 0.7069827377796172 0.8365548706054687 0.7069827377796172
0 0.5163413238525391 0.4812194442749023 0.5242423009872437 0.4812194442749023 0.5242423009872437 0.49060450851917264 0.5163413238525391 0.49060450851917264
0 0.4906416320800781 0.6996497344970704 0.4982626581192017 0.6996497344970704 0.4982626581192017 0.70818588078022 0.4906416320800781 0.70818588078022
0 0.5076695251464843 0.64485595703125 0.5149615705013275 0.64485595703125 0.5149615705013275 0.6538105732202529 0.5076695251464843 0.6538105732202529
0 0.4922956848144531 0.48078826904296873 0.4999980610609054 0.48078826904296873 0.4999980610609054 0.4893048077821731 0.4922956848144531 0.4893048077821731
0 0.4914566421508789 0.3747794723510742 0.49757281422615046 0.3747794723510742 0.49757281422615046 0.38340262532234193 0.4914566421508789 0.38340262532234193
0 0.21158218383789062 0.6971223449707031 0.2177906036376953 0.6971223449707031 0.2177906036376953 0.7054560947418212 0.21158218383789062 0.7054560947418212
0 0.875311279296875 0.5426099395751953 0.881566436290741 0.5426099395751953 0.881566436290741 0.5502761369943618 0.875311279296875 0.5502761369943618
0 0.19520732879638672 0.3243899917602539 0.20115801990032195 0.3243899917602539 0.20115801990032195 0.3322656613588333 0.19520732879638672 0.3322656613588333
0 0.4681012725830078 0.5332345962524414 0.4741957986354828 0.5332345962524414 0.4741957986354828 0.5423391914367676 0.4681012725830078 0.5423391914367676
0 0.8760130310058594 0.489405517578125 0.8822357189655303 0.489405517578125 0.8822357189655303 0.49740337610244756 0.8760130310058594 0.49740337610244756
0 0.8386194610595703 0.540770263671875 0.8448555153608321 0.540770263671875 0.8448555153608321 0.549066498875618 0.8386194610595703 0.549066498875618
0 0.5326817321777344 0.6896885681152344 0.5403330683708192 0.6896885681152344 0.5403330683708192 0.6998948001861572 0.5326817321777344 0.6998948001861572
0 0.44711597442626955 0.33133453369140625 0.4544835740327835 0.33133453369140625 0.4544835740327835 0.3404150348901749 0.44711597442626955 0.3404150348901749
0 0.20407573699951173 0.6454598236083985 0.21004794120788575 0.6454598236083985 0.21004794120788575 0.6542386478185654 0.20407573699951173 0.6542386478185654
0 0.1393148422241211 0.3247981643676758 0.14679436922073366 0.3247981643676758 0.14679436922073366 0.3335141348838806 0.1393148422241211 0.3335141348838806
0 0.8610221862792968 0.6895661163330078 0.867722687125206 0.6895661163330078 0.867722687125206 0.6985960781574249 0.8610221862792968 0.6985960781574249
0 0.7951280975341797 0.6896646118164063 0.8018123936653136 0.6896646118164063 0.8018123936653136 0.6977697956562042 0.7951280975341797 0.6977697956562042
0 0.8196114349365234 0.6331542587280273 0.8260017919540404 0.6331542587280273 0.8260017919540404 0.6423656654357911 0.8196114349365234 0.6423656654357911
0 0.2194680976867676 0.5390591049194335 0.22708839893341065 0.5390591049194335 0.22708839893341065 0.5481582450866699 0.2194680976867676 0.5481582450866699
0 0.14128737449645995 0.37736206054687493 0.1478311622142792 0.37736206054687493 0.1478311622142792 0.3850144618749618 0.14128737449645995 0.3850144618749618
0 0.7987812042236329 0.6332297897338868 0.8063098788261414 0.6332297897338868 0.8063098788261414 0.6421290636062623 0.7987812042236329 0.6421290636062623
0 0.4528874206542969 0.48186023712158205 0.46002714395523076 0.48186023712158205 0.46002714395523076 0.49155356049537663 0.4528874206542969 0.49155356049537663
0 0.7991254425048828 0.4926744079589844 0.8054564207792283 0.4926744079589844 0.8054564207792283 0.501131848692894 0.7991254425048828 0.501131848692894
0 0.8620051574707032 0.4880011749267578 0.868353050351143 0.4880011749267578 0.868353050351143 0.4965110331773758 0.8620051574707032 0.4965110331773758
0 0.5533423233032226 0.6990109252929687 0.5598180234432221 0.6990109252929687 0.5598180234432221 0.7077953231334687 0.5533423233032226 0.7077953231334687
0 0.795811767578125 0.3829929733276367 0.8023105329275132 0.3829929733276367 0.8023105329275132 0.39149421393871303 0.795811767578125 0.39149421393871303
0 0.2091243362426758 0.4805963134765625 0.21616764247417453 0.4805963134765625 0.21616764247417453 0.4893363583087922 0.2091243362426758 0.4893363583087922
0 0.19414224624633789 0.6971946716308592 0.20001096606254576 0.6971946716308592 0.20001096606254576 0.7054998803138732 0.19414224624633789 0.7054998803138732
0 0.4764070510864258 0.4877661895751953 0.4837814521789551 0.4877661895751953 0.4837814521789551 0.49664225876331336 0.4764070510864258 0.49664225876331336
0 0.1398770809173584 0.4720365524291993 0.14692050516605376 0.4720365524291993 0.14692050516605376 0.48105892419815066 0.1398770809173584 0.48105892419815066
0 0.5227486038208008 0.3262826919555664 0.5302005708217621 0.3262826919555664 0.5302005708217621 0.33423007011413575 0.5227486038208008 0.33423007011413575
0 0.8619772338867188 0.38546520233154297 0.867576499581337 0.38546520233154297 0.867576499581337 0.3923339104652405 0.8619772338867188 0.3923339104652405
0 0.8548627471923829 0.5432200241088867 0.8617693603038789 0.5432200241088867 0.8617693603038789 0.5518564194440841 0.8548627471923829 0.5518564194440841
0 0.22839763641357422 0.6492109680175782 0.23520389914512635 0.6492109680175782 0.23520389914512635 0.6577509486675263 0.22839763641357422 0.6577509486675263
0 0.545430908203125 0.47266979217529304 0.5530517268180848 0.47266979217529304 0.5530517268180848 0.48200062096118934 0.545430908203125 0.48200062096118934
0 0.1747916030883789 0.4822310638427734 0.18136379420757295 0.4822310638427734 0.18136379420757295 0.4900660961866379 0.1747916030883789 0.4900660961866379
0 0.15947596549987794 0.6356172943115235 0.16657417058944707 0.6356172943115235 0.16657417058944707 0.6446495091915131 0.15947596549987794 0.6446495091915131
0 0.5349976730346679 0.5267674255371094 0.5420448678731918 0.5267674255371094 0.5420448678731918 0.5355653035640717 0.5349976730346679 0.5355653035640717
0 0.5111141586303711 0.6982903289794922 0.5185223007202149 0.6982903289794922 0.5185223007202149 0.7076682382822037 0.5111141586303711 0.7076682382822037
0 0.7974599456787109 0.3287562561035156 0.8051521497964859 0.3287562561035156 0.8051521497964859 0.33903482913970945 0.7974599456787109 0.33903482913970945
0 0.466414794921875 0.3738019561767578 0.4733111763000488 0.3738019561767578 0.4733111763000488 0.38310649693012244 0.466414794921875 0.38310649693012244
0 0.19202203750610353 0.48333473205566413 0.19856674194335938 0.48333473205566413 0.19856674194335938 0.49247739553451547 0.19202203750610353 0.49247739553451547
0 0.7804827880859375 0.6335426330566406 0.7867128098011017 0.6335426330566406 0.7867128098011017 0.6416359186172486 0.7804827880859375 0.6416359186172486
0 0.7742455291748047 0.6851229858398438 0.7813405114412308 0.6851229858398438 0.7813405114412308 0.6940670871734619 0.7742455291748047 0.6940670871734619
0 0.14659420013427735 0.5437968063354492 0.15340062558650971 0.5437968063354492 0.15340062558650971 0.5520863211154938 0.14659420013427735 0.5520863211154938
0 0.8819152069091797 0.3369357681274414 0.8886398380994797 0.3369357681274414 0.8886398380994797 0.34493773818016055 0.8819152069091797 0.34493773818016055
0 0.17826568603515625 0.38086158752441407 0.18484739899635316 0.38086158752441407 0.18484739899635316 0.3899154651165009 0.17826568603515625 0.3899154651165009
0 0.8816312408447265 0.38581386566162107 0.8874629962444305 0.38581386566162107 0.8874629962444305 0.3931595492362976 0.8816312408447265 0.3931595492362976
0 0.8186395263671875 0.3818563461303711 0.8244273388385773 0.3818563461303711 0.8244273388385773 0.38944941222667695 0.8186395263671875 0.38944941222667695
0 0.8643275451660156 0.33392921447753904 0.8715699696540833 0.33392921447753904 0.8715699696540833 0.34399080514907837 0.8643275451660156 0.34399080514907837
0 0.16591102600097657 0.5355054473876953 0.1727321481704712 0.5355054473876953 0.1727321481704712 0.5433105945587159 0.16591102600097657 0.5433105945587159
0 0.4472028732299805 0.38940948486328125 0.4534920966625214 0.38940948486328125 0.4534920966625214 0.3982861864566803 0.4472028732299805 0.3982861864566803
0 0.2298118019104004 0.6970099639892579 0.23729430079460145 0.6970099639892579 0.23729430079460145 0.7060215836763382 0.2298118019104004 0.7060215836763382
0 0.16058353424072266 0.48339420318603515 0.16669550716876985 0.48339420318603515 0.16669550716876985 0.4919469124078751 0.16058353424072266 0.4919469124078751
0 0.5482393646240235 0.6400434875488281 0.5563851922750473 0.6400434875488281 0.5563851922750473 0.6488847696781158 0.5482393646240235 0.6488847696781158
0 0.8617447662353516 0.6296685791015625 0.8682800227403641 0.6296685791015625 0.8682800227403641 0.6386811870336533 0.8617447662353516 0.6386811870336533
0 0.17184785842895509 0.6960446929931641 0.1776584702730179 0.6960446929931641 0.1776584702730179 0.7043201744556427 0.17184785842895509 0.7043201744556427
0 0.19371376037597657 0.37650936126708984 0.19984137654304507 0.37650936126708984 0.19984137654304507 0.3845556056499481 0.19371376037597657 0.3845556056499481
0 0.8109490203857422 0.6923187255859375 0.8175269776582719 0.6923187255859375 0.8175269776582719 0.7009410482645035 0.8109490203857422 0.7009410482645035
0 0.44850147247314454 0.5305211639404297 0.4556245768070221 0.5305211639404297 0.4556245768070221 0.5389569026231766 0.44850147247314454 0.5389569026231766
0 0.21413896560668946 0.31859375 0.22194621682167054 0.31859375 0.22194621682167054 0.32905722737312315 0.21413896560668946 0.32905722737312315
0 0.8019657135009766 0.5493704986572265 0.8086624294519424 0.5493704986572265 0.8086624294519424 0.5579904496669769 0.8019657135009766 0.5579904496669769
0 0.5032932662963867 0.5404309844970703 0.5108825623989105 0.5404309844970703 0.5108825623989105 0.5502840512990951 0.5032932662963867 0.5502840512990951
0 0.46590450286865237 0.6894129180908203 0.4730696278810501 0.6894129180908203 0.4730696278810501 0.6991346639394761 0.46590450286865237 0.6991346639394761
0 0.4696116256713867 0.6421673583984375 0.47827033817768094 0.6421673583984375 0.47827033817768094 0.6520309400558473 0.4696116256713867 0.6520309400558473
0 0.5280454254150391 0.6445230102539062 0.5355024194717408 0.6445230102539062 0.5355024194717408 0.655786565542221 0.5280454254150391 0.655786565542221
0 0.15495509147644043 0.6926019287109375 0.16257033586502076 0.6926019287109375 0.16257033586502076 0.702287781238556 0.15495509147644043 0.702287781238556
0 0.4918190002441406 0.641851806640625 0.4986025077104568 0.641851806640625 0.4986025077104568 0.6518707823753357 0.4918190002441406 0.6518707823753357
0 0.8393002319335937 0.3367823791503906 0.847105575799942 0.3367823791503906 0.847105575799942 0.3463589692115783 0.8393002319335937 0.3463589692115783
0 0.5023754119873047 0.33021728515625 0.5093463128805161 0.33021728515625 0.5093463128805161 0.3386229014396667 0.5023754119873047 0.3386229014396667
0 0.839417724609375 0.49260753631591797 0.8471415698528291 0.49260753631591797 0.8471415698528291 0.5015197759866714 0.839417724609375 0.5015197759866714
0 0.8208491516113281 0.49560665130615233 0.8280084216594695 0.49560665130615233 0.8280084216594695 0.5056522321701049 0.8208491516113281 0.5056522321701049
0 0.839399185180664 0.6342105484008789 0.8470254451036454 0.6342105484008789 0.8470254451036454 0.6438059151172637 0.839399185180664 0.6438059151172637
0 0.8173632049560546 0.3345633316040039 0.8236114424467086 0.3345633316040039 0.8236114424467086 0.3441675531864166 0.8173632049560546 0.3441675531864166
0 0.5085039138793945 0.3688808059692383 0.5151194268465041 0.3688808059692383 0.5151194268465041 0.3791335260868072 0.5085039138793945 0.3791335260868072
0 0.6186359024047852 0.40835281372070314 0.6243452918529512 0.40835281372070314 0.6243452918529512 0.41459318399429324 0.6186359024047852 0.41459318399429324
0 0.1827678108215332 0.6398257827758789 0.19091529428958895 0.6398257827758789 0.19091529428958895 0.6503954982757568 0.1827678108215332 0.6503954982757568
0 0.4677794647216797 0.32943580627441404 0.47461764991283417 0.32943580627441404 0.47461764991283417 0.33842145442962646 0.4677794647216797 0.33842145442962646
0 0.8179385375976562 0.5424077224731445 0.8246466678380966 0.5424077224731445 0.8246466678380966 0.5503854995965958 0.8179385375976562 0.5503854995965958
0 0.21572805404663087 0.3707537460327148 0.22333723664283756 0.3707537460327148 0.22333723664283756 0.3807411372661591 0.21572805404663087 0.3807411372661591
0 0.17522747039794923 0.3287090301513672 0.18276307940483094 0.3287090301513672 0.18276307940483094 0.3394375991821289 0.17522747039794923 0.3394375991821289
0 0.15401776389486815 0.3781634365403324 0.1599610140553184 0.3781634365403324 0.1599610140553184 0.3886172035255803 0.15401776389486815 0.3886172035255803
0 0.1846724226171905 0.535388091998461 0.19217968597775922 0.535388091998461 0.19217968597775922 0.545423708304299 0.1846724226171905 0.545423708304299
0 0.1987485414182569 0.5370606947161007 0.20531739685875455 0.5370606947161007 0.20531739685875455 0.5454237083042991 0.1987485414182569 0.5454237083042991
0 0.21595268661956024 0.6461980220420891 0.22158313413998681 0.6461980220420891 0.22158313413998681 0.6574880903861569 0.21595268661956024 0.6574880903861569
0 0.5281297213632102 0.36478261479921525 0.5340729715236605 0.36478261479921525 0.5340729715236605 0.3777452858609226 0.5281297213632102 0.3777452858609226
0 0.4880909834401768 0.5337154892808215 0.4943470362406508 0.5337154892808215 0.4943470362406508 0.5445874069454791 0.4880909834401768 0.5445874069454791
