0 0.4918499755859375 0.1552561950683594 0.4980866211652755 0.1552561950683594 0.4980866211652755 0.1649486792087555 0.4918499755859375 0.1649486792087555
0 0.5229114532470703 0.5225861358642578 0.529835867881775 0.5225861358642578 0.529835867881775 0.5318051326274872 0.5229114532470703 0.5318051326274872
0 0.5247342300415039 0.6784961700439454 0.5317060774564742 0.6784961700439454 0.5317060774564742 0.6873924392461778 0.5247342300415039 0.6873924392461778
0 0.1622120475769043 0.3216136169433594 0.1692571431398392 0.3216136169433594 0.1692571431398392 0.331323424577713 0.1622120475769043 0.331323424577713
0 0.19720205307006836 0.83437255859375 0.20406349599361417 0.83437255859375 0.20406349599361417 0.8429909282922745 0.19720205307006836 0.8429909282922745
0 0.5393535995483398 0.62642822265625 0.5478472447395325 0.62642822265625 0.5478472447395325 0.6357912683486938 0.5393535995483398 0.6357912683486938
0 0.4978858947753906 0.6261022567749024 0.5061659759283065 0.6261022567749024 0.5061659759283065 0.6356112492084504 0.4978858947753906 0.6356112492084504
0 0.47761653900146483 0.47143772125244143 0.4854936522245407 0.47143772125244143 0.4854936522245407 0.48053480565547946 0.47761653900146483 0.48053480565547946
0 0.5476663970947265 0.7830342102050781 0.5550778514146805 0.7830342102050781 0.5550778514146805 0.7915664821863175 0.5476663970947265 0.7915664821863175
0 0.47618808746337893 0.3194276428222656 0.48386331737041477 0.3194276428222656 0.48386331737041477 0.3296414053440094 0.47618808746337893 0.3296414053440094
0 0.5026053237915039 0.7809144592285157 0.5106085586547852 0.7809144592285157 0.5106085586547852 0.790984548330307 0.5026053237915039 0.790984548330307
0 0.5552916717529297 0.31224273681640624 0.5635365635156631 0.31224273681640624 0.5635365635156631 0.3226024866104126 0.5552916717529297 0.3226024866104126
0 0.23318815231323242 0.21859636306762692 0.24041795015335082 0.21859636306762692 0.24041795015335082 0.22816896021366115 0.23318815231323242 0.22816896021366115
0 0.1395004940032959 0.32070667266845704 0.14615690410137178 0.32070667266845704 0.14615690410137178 0.33023379027843475 0.1395004940032959 0.33023379027843475
0 0.4949265670776367 0.4701627349853516 0.5020426040887832 0.4701627349853516 0.5020426040887832 0.47880438804626463 0.4949265670776367 0.47880438804626463
0 0.5185836791992188 0.05124155998229981 0.5249420404434205 0.05124155998229981 0.5249420404434205 0.06046643733978272 0.5185836791992188 0.06046643733978272
0 0.20854030609130858 0.6242582702636719 0.21655337333679195 0.6242582702636719 0.21655337333679195 0.634208384156227 0.20854030609130858 0.634208384156227
0 0.5292575454711914 0.7821451568603516 0.5358247983455658 0.7821451568603516 0.5358247983455658 0.7922195947170259 0.5292575454711914 0.7922195947170259
0 0.4714291000366211 0.6275400161743164 0.47896076142787936 0.6275400161743164 0.47896076142787936 0.636887526512146 0.4714291000366211 0.636887526512146
0 0.22015209197998048 0.32478115081787107 0.2274745810031891 0.32478115081787107 0.2274745810031891 0.3345433562994003 0.22015209197998048 0.3345433562994003
0 0.24890098571777342 0.836219482421875 0.25608601212501525 0.836219482421875 0.25608601212501525 0.845451602935791 0.24890098571777342 0.845451602935791
0 0.16331748962402343 0.372679557800293 0.1698493307828903 0.372679557800293 0.1698493307828903 0.38171928346157075 0.16331748962402343 0.38171928346157075
0 0.24785684585571288 0.1643059730529785 0.25497799873352045 0.1643059730529785 0.25497799873352045 0.17492790818214415 0.24785684585571288 0.17492790818214415
0 0.15634386062622072 0.47221466064453127 0.16344820201396945 0.47221466064453127 0.16344820201396945 0.48009313702583317 0.15634386062622072 0.48009313702583317
0 0.5324922943115235 0.15219005584716797 0.5399750745296479 0.15219005584716797 0.5399750745296479 0.1618221765756607 0.5324922943115235 0.1618221765756607
0 0.5496687698364258 0.5220875549316406 0.5574499243497849 0.5220875549316406 0.5574499243497849 0.5313480585813523 0.5496687698364258 0.5313480585813523
0 0.4979303741455078 0.6858802795410155 0.5058063930273057 0.6858802795410155 0.5058063930273057 0.6945878303050995 0.4979303741455078 0.6945878303050995
0 0.13454627990722656 0.7742724609375 0.140819815993309 0.7742724609375 0.140819815993309 0.7826677989959717 0.13454627990722656 0.7826677989959717
0 0.15750910758972167 0.61839599609375 0.16365244090557096 0.61839599609375 0.16365244090557096 0.6271298342943191 0.15750910758972167 0.6271298342943191
0 0.5029885864257813 0.5204896545410156 0.5104496610164643 0.5204896545410156 0.5104496610164643 0.5309256780147552 0.5029885864257813 0.5309256780147552
0 0.5186116790771484 0.46710254669189455 0.5271774190664291 0.46710254669189455 0.5271774190664291 0.47690829515457156 0.5186116790771484 0.47690829515457156
0 0.20385204315185546 0.22516098022460934 0.21184330165386198 0.22516098022460934 0.21184330165386198 0.23479530453681943 0.20385204315185546 0.23479530453681943
0 0.17236331939697266 0.7783226013183595 0.1798639750480652 0.7783226013183595 0.1798639750480652 0.7881325793266297 0.17236331939697266 0.7881325793266297
0 0.4786469268798828 0.7789118957519531 0.4865037244558334 0.7789118957519531 0.4865037244558334 0.7884399420022964 0.4786469268798828 0.7884399420022964
0 0.45092079162597654 0.4701602554321289 0.45804723739624015 0.4701602554321289 0.45804723739624015 0.4802800345420838 0.45092079162597654 0.4802800345420838
0 0.45385543823242186 0.8378842163085937 0.4608119970560074 0.8378842163085937 0.4608119970560074 0.8468652391433715 0.45385543823242186 0.8468652391433715
0 0.24009849548339843 0.6244675827026367 0.2472677457332611 0.6244675827026367 0.2472677457332611 0.6341205060482025 0.24009849548339843 0.6341205060482025
0 0.17825368881225587 0.8326750183105469 0.18465451419353485 0.8326750183105469 0.18465451419353485 0.8404721802473069 0.17825368881225587 0.8404721802473069
0 0.23124040603637697 0.5277777481079101 0.23984439671039584 0.5277777481079101 0.23984439671039584 0.5378682744503022 0.23124040603637697 0.5378682744503022
0 0.18488094329833984 0.6688764190673828 0.19228043556213378 0.6688764190673828 0.19228043556213378 0.6783948993682862 0.18488094329833984 0.6783948993682862
0 0.4980334091186523 0.04978384017944336 0.5049309730529785 0.04978384017944336 0.5049309730529785 0.05749081790447235 0.4980334091186523 0.05749081790447235
0 0.21039239883422853 0.36807231903076165 0.2171661186218262 0.36807231903076165 0.2171661186218262 0.37755312621593473 0.21039239883422853 0.37755312621593473
0 0.18609823226928712 0.36806259155273435 0.19334702968597414 0.36806259155273435 0.19334702968597414 0.3761743772029877 0.18609823226928712 0.3761743772029877
0 0.555516357421875 0.8320365905761717 0.5630205470323564 0.8320365905761717 0.5630205470323564 0.8405131244659423 0.555516357421875 0.8405131244659423
0 0.5316548156738281 0.8277323913574218 0.538594725728035 0.8277323913574218 0.538594725728035 0.8373314344882965 0.5316548156738281 0.8373314344882965
0 0.4795254898071289 0.8363650512695312 0.4863021665811539 0.8363650512695312 0.4863021665811539 0.8454088485240936 0.4795254898071289 0.8454088485240936
0 0.4822653579711914 0.36651222229003905 0.4899410611391068 0.36651222229003905 0.4899410611391068 0.3760182106494903 0.4822653579711914 0.3760182106494903
0 0.5497360229492188 0.35598583221435554 0.5573118937015533 0.35598583221435554 0.5573118937015533 0.3653681689500809 0.5497360229492188 0.3653681689500809
0 0.4685429382324219 0.21105331420898438 0.4749885642528534 0.21105331420898438 0.4749885642528534 0.22002577841281892 0.4685429382324219 0.22002577841281892
0 0.4947198486328125 0.006087079048156739 0.5016665601730347 0.006087079048156739 0.5016665601730347 0.016926578283309936 0.4947198486328125 0.016926578283309936
0 0.22185831069946288 0.1667460441589355 0.22928177058696744 0.1667460441589355 0.22928177058696744 0.1770200514793396 0.22185831069946288 0.1770200514793396
0 0.24524795532226562 0.07435163497924804 0.2518440842628479 0.07435163497924804 0.2518440842628479 0.08257633507251738 0.24524795532226562 0.08257633507251738
0 0.5429259490966797 0.4670133209228516 0.5516790527105331 0.4670133209228516 0.5516790527105331 0.47649511635303493 0.5429259490966797 0.47649511635303493
0 0.15469389915466308 0.6586121368408203 0.16169309973716733 0.6586121368408203 0.16169309973716733 0.6675295156240463 0.15469389915466308 0.6675295156240463
0 0.15764653205871582 0.8280457305908203 0.164096120595932 0.8280457305908203 0.164096120595932 0.8370146572589874 0.15764653205871582 0.8370146572589874
0 0.17122573852539064 0.16183170318603515 0.1779978907108307 0.16183170318603515 0.1779978907108307 0.17183696269989013 0.17122573852539064 0.17183696269989013
0 0.4510662841796875 0.6803586578369141 0.45794288218021395 0.6803586578369141 0.45794288218021395 0.6902624022960663 0.4510662841796875 0.6902624022960663
0 0.23206668853759765 0.37140956878662107 0.23938846766948702 0.37140956878662107 0.23938846766948702 0.38121136426925656 0.23206668853759765 0.38121136426925656
0 0.23489873886108398 0.6711749267578125 0.24221148371696472 0.6711749267578125 0.24221148371696472 0.6795055139064788 0.23489873886108398 0.6795055139064788
0 0.5199897766113282 0.6284119415283204 0.5271473312377929 0.6284119415283204 0.5271473312377929 0.6378167319297791 0.5199897766113282 0.6378167319297791
0 0.4559450912475586 0.62866455078125 0.4622341078519821 0.62866455078125 0.4622341078519821 0.6373175889253617 0.4559450912475586 0.6373175889253617
0 0.1847655487060547 0.3183934783935547 0.1927216762304306 0.3183934783935547 0.1927216762304306 0.32847123622894286 0.1847655487060547 0.32847123622894286
0 0.14198467254638672 0.2178799819946289 0.14900568187236785 0.2178799819946289 0.14900568187236785 0.2261175537109375 0.14198467254638672 0.2261175537109375
0 0.17785076141357423 0.47241245269775395 0.18479354023933411 0.47241245269775395 0.18479354023933411 0.48110008001327514 0.17785076141357423 0.48110008001327514
0 0.5052545166015625 0.3607439422607422 0.5127199679613114 0.3607439422607422 0.5127199679613114 0.37059590220451355 0.5052545166015625 0.37059590220451355
0 0.14002934455871582 0.368741455078125 0.1466839361190796 0.368741455078125 0.1466839361190796 0.3779720735549927 0.14002934455871582 0.3779720735549927
0 0.21684154510498047 0.023168911933898927 0.22365843892097473 0.023168911933898927 0.22365843892097473 0.03054325044155121 0.21684154510498047 0.03054325044155121
0 0.15152925491333008 0.7795787811279296 0.15838153064250948 0.7795787811279296 0.15838153064250948 0.7890825557708739 0.15152925491333008 0.7890825557708739
0 0.1948833465576172 0.15988781929016113 0.20251738369464875 0.15988781929016113 0.20251738369464875 0.170079642534256 0.1948833465576172 0.170079642534256
0 0.5171913909912109 0.000770329162478447 0.5253476870059968 0.000770329162478447 0.5253476870059968 0.01163313739001751 0.5171913909912109 0.01163313739001751
0 0.2228909683227539 0.7795832824707031 0.2302559953927994 0.7795832824707031 0.2302559953927994 0.7886781531572341 0.2228909683227539 0.7886781531572341
0 0.47151798248291016 0.1485781192779541 0.4789607524871826 0.1485781192779541 0.4789607524871826 0.1582274752855301 0.47151798248291016 0.1582274752855301
0 0.20975515365600586 0.8386014556884765 0.21668032228946685 0.8386014556884765 0.21668032228946685 0.8467098814249038 0.20975515365600586 0.8467098814249038
0 0.13359437942504881 0.4731978988647461 0.14129422783851622 0.4731978988647461 0.14129422783851622 0.48191331624984746 0.13359437942504881 0.48191331624984746
0 0.19353515625 0.02817796230316162 0.19902664959430696 0.02817796230316162 0.19902664959430696 0.035171053409576415 0.19353515625 0.035171053409576415
0 0.5422511291503906 0.6804862213134766 0.5494306260347367 0.6804862213134766 0.5494306260347367 0.6900579887628556 0.5422511291503906 0.6900579887628556
0 0.21334218978881836 0.6732382202148437 0.22062253952026367 0.6732382202148437 0.22062253952026367 0.6839412724971771 0.21334218978881836 0.6839412724971771
0 0.14345843315124512 0.024560418128967285 0.14966475367546084 0.024560418128967285 0.14966475367546084 0.0320249480009079 0.14345843315124512 0.0320249480009079
0 0.5111178588867188 0.15285062789916992 0.5186471247673036 0.15285062789916992 0.5186471247673036 0.16252920687198638 0.5111178588867188 0.16252920687198638
0 0.163829345703125 0.02424795150756836 0.1711718541383743 0.02424795150756836 0.1711718541383743 0.03365496516227722 0.163829345703125 0.03365496516227722
0 0.4554767608642578 0.7862853240966797 0.4626374799013138 0.7862853240966797 0.4626374799013138 0.7965583634376526 0.4554767608642578 0.7965583634376526
0 0.5033941268920898 0.31107749938964846 0.5113904422521591 0.31107749938964846 0.5113904422521591 0.32124123692512513 0.5033941268920898 0.32124123692512513
0 0.47559921264648436 0.6821588134765625 0.48372123539447787 0.6821588134765625 0.48372123539447787 0.6923312079906464 0.47559921264648436 0.6923312079906464
0 0.2043768882751465 0.5270245742797851 0.21194653391838075 0.5270245742797851 0.21194653391838075 0.5361037909984588 0.2043768882751465 0.5361037909984588
0 0.4483433532714844 0.21179628372192383 0.45586466491222377 0.21179628372192383 0.45586466491222377 0.2210673815011978 0.4483433532714844 0.2210673815011978
0 0.13344730377197267 0.6195783996582032 0.14047233521938327 0.6195783996582032 0.14047233521938327 0.6282017105817795 0.13344730377197267 0.6282017105817795
0 0.44847213745117187 0.318698616027832 0.4566791778802871 0.318698616027832 0.4566791778802871 0.32913345336914057 0.44847213745117187 0.32913345336914057
0 0.20098505020141602 0.7758416748046875 0.20834283232688905 0.7758416748046875 0.20834283232688905 0.7852527105808258 0.20098505020141602 0.7852527105808258
0 0.5087332916259766 0.20182691574096678 0.5162775802612305 0.20182691574096678 0.5162775802612305 0.21082335531711577 0.5087332916259766 0.21082335531711577
0 0.47320064544677737 0.5223918151855469 0.4804989892244339 0.5223918151855469 0.4804989892244339 0.5323867964744567 0.47320064544677737 0.5323867964744567
0 0.5015472412109375 0.828369140625 0.5087920314073564 0.828369140625 0.5087920314073564 0.838824257850647 0.5015472412109375 0.838824257850647
0 0.21635108947753906 0.07633807182312012 0.22393921732902525 0.07633807182312012 0.22393921732902525 0.08605487167835235 0.21635108947753906 0.08605487167835235
0 0.1602846336364746 0.5300111770629883 0.16809058368206026 0.5300111770629883 0.16809058368206026 0.5409426367282867 0.1602846336364746 0.5409426367282867
0 0.1379253101348877 0.6738275909423828 0.14515516698360448 0.6738275909423828 0.14515516698360448 0.6839665424823761 0.1379253101348877 0.6839665424823761
0 0.4691745376586914 0.0017052794992923736 0.47707377016544333 0.0017052794992923736 0.47707377016544333 0.01257213369011879 0.4691745376586914 0.01257213369011879
0 0.5275611495971679 0.3087048149108887 0.5356710779666899 0.3087048149108887 0.5356710779666899 0.319030864238739 0.5275611495971679 0.319030864238739
0 0.5424980926513672 0.04971235275268555 0.5502374333143234 0.04971235275268555 0.5502374333143234 0.05871589303016663 0.5424980926513672 0.05871589303016663
0 0.22522794723510742 0.474435043334961 0.2343202191591263 0.474435043334961 0.2343202191591263 0.48480635523796084 0.22522794723510742 0.48480635523796084
0 0.1921331214904785 0.07880646705627442 0.19992279231548307 0.07880646705627442 0.19992279231548307 0.08840032219886781 0.1921331214904785 0.08840032219886781
0 0.1396649932861328 0.16012105941772461 0.14816326618194578 0.16012105941772461 0.14816326618194578 0.17106330156326294 0.1396649932861328 0.17106330156326294
0 0.4512001037597656 0.0 0.4582506400346756 0.0 0.4582506400346756 0.009218927025794982 0.4512001037597656 0.009218927025794982
0 0.14367511749267578 0.07609083652496337 0.1515579527616501 0.07609083652496337 0.1515579527616501 0.0857058548927307 0.14367511749267578 0.0857058548927307
0 0.26265377044677735 0.2242064094543457 0.27041502356529235 0.2242064094543457 0.27041502356529235 0.23468733906745912 0.26265377044677735 0.23468733906745912
0 0.25333662033081056 0.3238909912109375 0.26148241817951207 0.3238909912109375 0.26148241817951207 0.33446655750274656 0.25333662033081056 0.33446655750274656
0 0.5267634582519531 0.20128807067871093 0.5343587869405747 0.20128807067871093 0.5343587869405747 0.2104625952243805 0.5267634582519531 0.2104625952243805
0 0.4496855926513672 0.1536838436126709 0.4573389697074891 0.1536838436126709 0.4573389697074891 0.16514801740646362 0.4496855926513672 0.16514801740646362
0 0.13629294395446778 0.8244143676757812 0.14346584618091585 0.8244143676757812 0.14346584618091585 0.8331496685743331 0.13629294395446778 0.8331496685743331
0 0.528100357055664 0.3548428726196289 0.535523875951767 0.3548428726196289 0.535523875951767 0.3649058067798614 0.528100357055664 0.3649058067798614
0 0.19847677230834962 0.4727919006347656 0.20679460167884828 0.4727919006347656 0.20679460167884828 0.4836597561836242 0.19847677230834962 0.4836597561836242
0 0.44980792999267577 0.523805046081543 0.457369133234024 0.523805046081543 0.457369133234024 0.5334452408552169 0.44980792999267577 0.5334452408552169
0 0.16742890365164612 0.0769062394623662 0.1748046262794719 0.0769062394623662 0.1748046262794719 0.08873796861042253 0.16742890365164612 0.08873796861042253
0 0.1349757240892125 0.5265119470885071 0.14530173576816865 0.5265119470885071 0.14530173576816865 0.536371721378554 0.1349757240892125 0.536371721378554
0 0.18439306569564548 0.5274979245175118 0.18955607153512355 0.5274979245175118 0.18955607153512355 0.5373576988075587 0.18439306569564548 0.5373576988075587
0 0.1770173430678197 0.6191938254149484 0.18218034890729773 0.6191938254149484 0.18218034890729773 0.632997509421014 0.1770173430678197 0.632997509421014
0 0.5384277518312848 0.006901842003032864 0.5480161912474584 0.006901842003032864 0.5480161912474584 0.01577563886407512 0.5384277518312848 0.01577563886407512
0 0.45434451387407043 0.05718669088227231 0.4602450919763311 0.05718669088227231 0.4602450919763311 0.06408853288530517 0.45434451387407043 0.06408853288530517
0 0.4735213927064176 0.05521473602426291 0.4808971153342434 0.05521473602426291 0.4808971153342434 0.06704646517231926 0.4735213927064176 0.06704646517231926
0 0.455082086136853 0.37171349073477006 0.4646705255530266 0.37171349073477006 0.4646705255530266 0.381573265024817 0.455082086136853 0.381573265024817
0 0.15046474160764672 0.2119851472360094 0.1607907532866029 0.2119851472360094 0.1607907532866029 0.22184492152605637 0.15046474160764672 0.22184492152605637
