0 0.19688928604125977 0.2159462356567383 0.2047054827213287 0.2159462356567383 0.2047054827213287 0.2253105664253235 0.19688928604125977 0.2253105664253235
0 0.7885891723632813 0.31307813644409177 0.7966243439912797 0.31307813644409177 0.7966243439912797 0.3218861538171768 0.7885891723632813 0.3218861538171768
0 0.8291639709472656 0.5307305526733398 0.8369681316614149 0.5307305526733398 0.8369681316614149 0.5403815788030624 0.8291639709472656 0.5403815788030624
0 0.8190657043457031 0.31333246231079104 0.8269001460075379 0.31333246231079104 0.8269001460075379 0.32258245110511785 0.8190657043457031 0.32258245110511785
0 0.21057123184204102 0.823199462890625 0.21654662966728214 0.823199462890625 0.21654662966728214 0.8316159105300903 0.21057123184204102 0.8316159105300903
0 0.2516504669189453 0.5227453994750977 0.2599246633052826 0.5227453994750977 0.2599246633052826 0.5334036242961884 0.2516504669189453 0.5334036242961884
0 0.7647859191894532 0.31420867919921874 0.7724809026718139 0.31420867919921874 0.7724809026718139 0.3238099163770676 0.7647859191894532 0.3238099163770676
0 0.27412866592407226 0.5124783325195312 0.28184783875942226 0.5124783325195312 0.28184783875942226 0.5231487715244293 0.27412866592407226 0.5231487715244293
0 0.812945327758789 0.6797193908691406 0.8213171982765197 0.6797193908691406 0.8213171982765197 0.6890911334753036 0.812945327758789 0.6890911334753036
0 0.48443386077880857 0.14667819023132325 0.4916019433736801 0.14667819023132325 0.4916019433736801 0.15555301427841187 0.48443386077880857 0.15555301427841187
0 0.5248955154418945 0.8324754333496094 0.5325179904699326 0.8324754333496094 0.5325179904699326 0.8424304884672166 0.5248955154418945 0.8424304884672166
0 0.7989019775390624 0.7826073455810546 0.8067542803287505 0.7826073455810546 0.8067542803287505 0.7921456700563431 0.7989019775390624 0.7921456700563431
0 0.5797621917724609 0.208327579498291 0.58802086353302 0.208327579498291 0.58802086353302 0.21850916504859924 0.5797621917724609 0.21850916504859924
0 0.5260090637207031 0.6349893188476563 0.5345686531066894 0.6349893188476563 0.5345686531066894 0.6455394279956819 0.5260090637207031 0.6455394279956819
0 0.25549652099609377 0.3113296699523926 0.2631840229034424 0.3113296699523926 0.2631840229034424 0.32100575804710385 0.25549652099609377 0.32100575804710385
0 0.5541429138183593 0.8318224334716797 0.5618520325422286 0.8318224334716797 0.5618520325422286 0.8423842036724091 0.5541429138183593 0.8423842036724091
0 0.5929185104370117 0.5218876647949219 0.6013852459192276 0.5218876647949219 0.6013852459192276 0.5312900829315186 0.5929185104370117 0.5312900829315186
0 0.1871260643005371 0.8213925170898437 0.19377651572227478 0.8213925170898437 0.19377651572227478 0.8300187927484511 0.1871260643005371 0.8300187927484511
0 0.5614310455322266 0.6844232940673828 0.5694669270515442 0.6844232940673828 0.5694669270515442 0.6951591563224793 0.5614310455322266 0.6951591563224793
0 0.5523636627197266 0.207064323425293 0.5597091138362885 0.207064323425293 0.5597091138362885 0.21707173705101016 0.5523636627197266 0.21707173705101016
0 0.27963748931884763 0.3662416076660156 0.28777580559253685 0.3662416076660156 0.28777580559253685 0.37524508357048036 0.27963748931884763 0.37524508357048036
0 0.7947708892822266 0.5331476211547852 0.802311983704567 0.5331476211547852 0.802311983704567 0.5434975075721741 0.7947708892822266 0.5434975075721741
0 0.5262334442138672 0.782767868041992 0.5340525680780411 0.782767868041992 0.5340525680780411 0.7918873268365859 0.5262334442138672 0.7918873268365859
0 0.8101498413085938 0.6255859375 0.8173734587430955 0.6255859375 0.8173734587430955 0.635374174118042 0.8101498413085938 0.635374174118042
0 0.47765674591064455 0.5184257507324219 0.48611552655696866 0.5184257507324219 0.48611552655696866 0.5281991630792618 0.47765674591064455 0.5281991630792618
0 0.17017860412597657 0.21669164657592774 0.17673895180225374 0.21669164657592774 0.17673895180225374 0.22547600507736207 0.17017860412597657 0.22547600507736207
0 0.5678742218017578 0.3756553268432617 0.5759542828798294 0.3756553268432617 0.5759542828798294 0.38512340545654294 0.5678742218017578 0.38512340545654294
0 0.7724971771240234 0.21508268356323243 0.7801799774169922 0.21508268356323243 0.7801799774169922 0.22436773598194124 0.7724971771240234 0.22436773598194124
0 0.24800676345825196 0.7736898803710938 0.25541440308094027 0.7736898803710938 0.25541440308094027 0.7833596831560135 0.24800676345825196 0.7833596831560135
0 0.18701080322265626 0.6580551147460938 0.19342903137207032 0.6580551147460938 0.19342903137207032 0.666307036280632 0.18701080322265626 0.666307036280632
0 0.47051708221435545 0.3771132659912109 0.47842083930969237 0.3771132659912109 0.47842083930969237 0.3871656060218811 0.47051708221435545 0.3871656060218811
0 0.4897001266479492 0.688580551147461 0.4980126184225082 0.688580551147461 0.4980126184225082 0.6983234065771103 0.4897001266479492 0.6983234065771103
0 0.56246826171875 0.14712894439697266 0.5705117726325989 0.14712894439697266 0.5705117726325989 0.15691122114658357 0.56246826171875 0.15691122114658357
0 0.8263525390625 0.47254554748535155 0.8341260641813277 0.47254554748535155 0.8341260641813277 0.48199722111225124 0.8263525390625 0.48199722111225124
0 0.5839706802368164 0.7823674011230469 0.5920764684677124 0.7823674011230469 0.5920764684677124 0.7916952651739121 0.5839706802368164 0.7916952651739121
0 0.20853256225585937 0.36553951263427736 0.21644239604473112 0.36553951263427736 0.21644239604473112 0.3749563598632813 0.20853256225585937 0.3749563598632813
0 0.7726115417480469 0.5143393325805664 0.7805273640155792 0.5143393325805664 0.7805273640155792 0.5236367183923721 0.7726115417480469 0.5236367183923721
0 0.4968015670776367 0.7794520568847657 0.5051626735925674 0.7794520568847657 0.5051626735925674 0.7893357199430466 0.4968015670776367 0.7893357199430466
0 0.6002973175048828 0.6855812835693359 0.607580313682556 0.6855812835693359 0.607580313682556 0.6944150948524475 0.6002973175048828 0.6944150948524475
0 0.4970321273803711 0.8331718444824219 0.5048278898000718 0.8331718444824219 0.5048278898000718 0.8423364472389222 0.4970321273803711 0.8423364472389222
0 0.5519197082519531 0.7847582244873047 0.5599700206518173 0.7847582244873047 0.5599700206518173 0.7941724228858947 0.5519197082519531 0.7941724228858947
0 0.17986236572265624 0.3145091819763184 0.18789057374000548 0.3145091819763184 0.18789057374000548 0.3237004679441452 0.17986236572265624 0.3237004679441452
0 0.7709117126464844 0.7804072570800781 0.7780888438224792 0.7804072570800781 0.7780888438224792 0.789273087978363 0.7709117126464844 0.789273087978363
0 0.45988418579101564 0.7917765045166015 0.46695305645465857 0.7917765045166015 0.46695305645465857 0.8005736315250397 0.45988418579101564 0.8005736315250397
0 0.7978363800048828 0.8269448852539063 0.8055944097042083 0.8269448852539063 0.8055944097042083 0.8367362838983536 0.7978363800048828 0.8367362838983536
0 0.8671863555908204 0.2268146324157715 0.8752488511800767 0.2268146324157715 0.8752488511800767 0.23638628125190736 0.8671863555908204 0.23638628125190736
0 0.5730923461914063 0.45927646636962893 0.5809396809339523 0.45927646636962893 0.5809396809339523 0.4692465829849244 0.5730923461914063 0.4692465829849244
0 0.16459152221679688 0.8204378509521484 0.171582413315773 0.8204378509521484 0.171582413315773 0.8298493611812591 0.16459152221679688 0.8298493611812591
0 0.5835816574096679 0.3186555099487305 0.5911150044202804 0.3186555099487305 0.5911150044202804 0.32929780364036565 0.5835816574096679 0.32929780364036565
0 0.22314294815063476 0.212630672454834 0.2302265453338623 0.212630672454834 0.2302265453338623 0.2217675840854645 0.22314294815063476 0.2217675840854645
0 0.27451698303222655 0.45890785217285157 0.2825488430261612 0.45890785217285157 0.2825488430261612 0.46951484560966494 0.27451698303222655 0.46951484560966494
0 0.7986588287353515 0.47288673400878906 0.8072240364551544 0.47288673400878906 0.8072240364551544 0.4822278010845184 0.7986588287353515 0.4822278010845184
0 0.549830436706543 0.318057861328125 0.5567670351266861 0.318057861328125 0.5567670351266861 0.3276217818260193 0.549830436706543 0.3276217818260193
0 0.44346500396728517 0.45873260498046875 0.45054685652256016 0.45873260498046875 0.45054685652256016 0.4678091335296631 0.44346500396728517 0.4678091335296631
0 0.7655007934570313 0.8279044342041016 0.7736838811635972 0.8279044342041016 0.7736838811635972 0.8367535829544068 0.7655007934570313 0.8367535829544068
0 0.20875486373901367 0.46847335815429686 0.21618099987506867 0.46847335815429686 0.21618099987506867 0.47890072464942934 0.20875486373901367 0.47890072464942934
0 0.47454391479492186 0.4584128952026367 0.48149523973464964 0.4584128952026367 0.48149523973464964 0.46730671346187597 0.47454391479492186 0.46730671346187597
0 0.5045231628417969 0.4662379455566406 0.5121855586767197 0.4662379455566406 0.5121855586767197 0.47534609854221344 0.5045231628417969 0.47534609854221344
0 0.5362354278564453 0.4626064682006836 0.5434602278470991 0.4626064682006836 0.5434602278470991 0.4714590960741043 0.5362354278564453 0.4714590960741043
0 0.5613927841186523 0.6323245620727539 0.5699565130472183 0.6323245620727539 0.5699565130472183 0.6418484181165696 0.5613927841186523 0.6418484181165696
0 0.2576719284057617 0.2113311767578125 0.2648139882087707 0.2113311767578125 0.2648139882087707 0.22122314155101777 0.2576719284057617 0.22122314155101777
0 0.7704415893554688 0.6786832427978515 0.7780669623613358 0.6786832427978515 0.7780669623613358 0.689555881023407 0.7704415893554688 0.689555881023407
0 0.8145415496826172 0.8140379333496094 0.8217017066478729 0.8140379333496094 0.8217017066478729 0.8224657654762269 0.8145415496826172 0.8224657654762269
0 0.8149253845214843 0.16970611572265626 0.8227081948518753 0.16970611572265626 0.8227081948518753 0.17921597838401795 0.8149253845214843 0.17921597838401795
0 0.5210770416259766 0.21219806671142577 0.5283495104312896 0.21219806671142577 0.5283495104312896 0.22194027006626127 0.5210770416259766 0.22194027006626127
0 0.20781448364257812 0.5179289245605468 0.215488161444664 0.5179289245605468 0.215488161444664 0.5287179160118103 0.20781448364257812 0.5287179160118103
0 0.8510124206542968 0.30925338745117187 0.8590947884321213 0.30925338745117187 0.8590947884321213 0.31842637062072754 0.8510124206542968 0.31842637062072754
0 0.26076425552368165 0.1509811782836914 0.2693569052219391 0.1509811782836914 0.2693569052219391 0.16189541220664977 0.26076425552368165 0.16189541220664977
0 0.8389030456542969 0.3710991668701172 0.8462560075521469 0.3710991668701172 0.8462560075521469 0.3818667721748352 0.8389030456542969 0.3818667721748352
0 0.4942246627807617 0.31527156829833985 0.5016927164793015 0.31527156829833985 0.5016927164793015 0.3247689390182495 0.4942246627807617 0.3247689390182495
0 0.19820728302001953 0.1511365795135498 0.20702023923397064 0.1511365795135498 0.20702023923397064 0.1623377561569214 0.19820728302001953 0.1623377561569214
0 0.44519317626953125 0.21183021545410155 0.4532981365919113 0.21183021545410155 0.4532981365919113 0.22105745434761048 0.44519317626953125 0.22105745434761048
0 0.5158170318603515 0.5243056869506836 0.5239067333936691 0.5243056869506836 0.5239067333936691 0.5337082636356354 0.5158170318603515 0.5337082636356354
0 0.7964462280273438 0.1700855827331543 0.8042289203405382 0.1700855827331543 0.8042289203405382 0.1797031265497208 0.7964462280273438 0.1797031265497208
0 0.5361532211303711 0.14871100425720216 0.5429483503103257 0.14871100425720216 0.5429483503103257 0.15747460901737215 0.5361532211303711 0.15747460901737215
0 0.521712760925293 0.31609310150146486 0.5296978980302811 0.31609310150146486 0.5296978980302811 0.32681378483772283 0.521712760925293 0.32681378483772283
0 0.18263391494750977 0.7686244201660156 0.18916872799396514 0.7686244201660156 0.18916872799396514 0.7783808737993241 0.18263391494750977 0.7783808737993241
0 0.4412148666381836 0.3825165557861328 0.4475230747461319 0.3825165557861328 0.4475230747461319 0.3905233091115951 0.4412148666381836 0.3905233091115951
0 0.8460842895507813 0.16932655334472657 0.8534199821949006 0.16932655334472657 0.8534199821949006 0.17892409443855287 0.8460842895507813 0.17892409443855287
0 0.55252197265625 0.5273307037353515 0.5602849113941193 0.5273307037353515 0.5602849113941193 0.5374781942367554 0.55252197265625 0.5374781942367554
0 0.8384259796142578 0.22219491958618165 0.8464664149284362 0.22219491958618165 0.8464664149284362 0.231728954911232 0.8384259796142578 0.231728954911232
0 0.5209818267822266 0.6868862152099611 0.527990164756775 0.6868862152099611 0.527990164756775 0.6967414164543152 0.5209818267822266 0.6967414164543152
0 0.20748058319091797 0.7737337493896485 0.21382009267807006 0.7737337493896485 0.21382009267807006 0.7829585963487625 0.20748058319091797 0.7829585963487625
0 0.5951364135742188 0.6321914291381836 0.602497360110283 0.6321914291381836 0.602497360110283 0.6405803239345551 0.5951364135742188 0.6405803239345551
0 0.8893692779541016 0.18013935089111327 0.8967257297039032 0.18013935089111327 0.8967257297039032 0.1886800229549408 0.8893692779541016 0.1886800229549408
0 0.510312271118164 0.1489174747467041 0.5182061511278152 0.1489174747467041 0.5182061511278152 0.15908693432807922 0.510312271118164 0.15908693432807922
0 0.4905465316772461 0.6317699432373047 0.49796129763126373 0.6317699432373047 0.49796129763126373 0.6407051104307175 0.4905465316772461 0.6407051104307175
0 0.4663100814819336 0.14529704093933105 0.473293668627739 0.14529704093933105 0.473293668627739 0.155401976108551 0.4663100814819336 0.155401976108551
0 0.16266408920288086 0.3632523727416992 0.16929925262928008 0.3632523727416992 0.16929925262928008 0.3724574941396713 0.16266408920288086 0.3724574941396713
0 0.7589000701904297 0.3583827590942383 0.7666946500539781 0.3583827590942383 0.7666946500539781 0.36870600223541256 0.7589000701904297 0.36870600223541256
0 0.4573226547241211 0.3147599411010742 0.46405597984790803 0.3147599411010742 0.46405597984790803 0.32364949047565456 0.4573226547241211 0.32364949047565456
0 0.7777787780761719 0.6241527175903321 0.7855923426151276 0.6241527175903321 0.7855923426151276 0.6346400511264801 0.7777787780761719 0.6346400511264801
0 0.4693905258178711 0.2120098876953125 0.4762478137016296 0.2120098876953125 0.4762478137016296 0.2213707196712494 0.4693905258178711 0.2213707196712494
0 0.441492919921875 0.5297602462768555 0.44889020919799805 0.5297602462768555 0.44889020919799805 0.5393339502811432 0.441492919921875 0.5393339502811432
0 0.23285511016845703 0.8178531646728515 0.24098882853984835 0.8178531646728515 0.24098882853984835 0.8274821722507477 0.23285511016845703 0.8274821722507477
0 0.1575946044921875 0.512269287109375 0.16498578727245333 0.512269287109375 0.16498578727245333 0.5204728627204895 0.1575946044921875 0.5204728627204895
0 0.9120032501220703 0.5316731262207032 0.9188011586666107 0.5316731262207032 0.9188011586666107 0.5409057611227036 0.9120032501220703 0.5409057611227036
0 0.21198369979858397 0.6088139724731445 0.21949572563171385 0.6088139724731445 0.21949572563171385 0.6175541752576827 0.21198369979858397 0.6175541752576827
0 0.15834906578063965 0.6067286682128906 0.16546465873718263 0.6067286682128906 0.16546465873718263 0.6161144834756851 0.15834906578063965 0.6161144834756851
0 0.768341064453125 0.16176054000854492 0.7753660809993744 0.16176054000854492 0.7753660809993744 0.1719585406780243 0.768341064453125 0.1719585406780243
0 0.8916817474365234 0.4804060745239258 0.899798417687416 0.4804060745239258 0.899798417687416 0.4900245666503906 0.8916817474365234 0.4900245666503906
0 0.46426158905029297 0.8327162933349609 0.47215289652347564 0.8327162933349609 0.47215289652347564 0.8431786048412323 0.46426158905029297 0.8431786048412323
0 0.8818994140625 0.3173137474060059 0.8886996293067932 0.3173137474060059 0.8886996293067932 0.3260332363843918 0.8818994140625 0.3260332363843918
0 0.49472850799560547 0.38061195373535156 0.5018974184989928 0.38061195373535156 0.5018974184989928 0.39134323120117187 0.49472850799560547 0.39134323120117187
0 0.23189374923706055 0.6069527816772461 0.23892984032630918 0.6069527816772461 0.23892984032630918 0.6169217121601105 0.23189374923706055 0.6169217121601105
0 0.22574544906616212 0.1496078586578369 0.2350109201669693 0.1496078586578369 0.2350109201669693 0.16051198244094847 0.22574544906616212 0.16051198244094847
0 0.783825912475586 0.3684022903442382 0.7920403456687928 0.3684022903442382 0.7920403456687928 0.3803180611133575 0.783825912475586 0.3803180611133575
0 0.16250518798828126 0.763031005859375 0.16910764515399931 0.763031005859375 0.16910764515399931 0.7716270804405212 0.16250518798828126 0.7716270804405212
0 0.8972456359863281 0.3668467330932617 0.9046480411291122 0.3668467330932617 0.9046480411291122 0.3759456360340118 0.8972456359863281 0.3759456360340118
0 0.2105359649658203 0.6641520690917969 0.21826495587825775 0.6641520690917969 0.21826495587825775 0.6730055665969848 0.2105359649658203 0.6730055665969848
0 0.22255298614501953 0.30270374298095704 0.23098423600196838 0.30270374298095704 0.23098423600196838 0.3141935908794403 0.22255298614501953 0.3141935908794403
0 0.2588180351257324 0.6092326736450195 0.2669228178262711 0.6092326736450195 0.2669228178262711 0.6188043224811555 0.2588180351257324 0.6188043224811555
0 0.5268974304199219 0.3786785888671875 0.5358442854881287 0.3786785888671875 0.5358442854881287 0.39009718298912055 0.5268974304199219 0.39009718298912055
0 0.12306083679199219 0.36831184387207033 0.13062233567237855 0.36831184387207033 0.13062233567237855 0.377542462348938 0.12306083679199219 0.377542462348938
0 0.8718734741210937 0.36755390167236335 0.8800264579057693 0.36755390167236335 0.8800264579057693 0.37763948678970344 0.8718734741210937 0.37763948678970344
0 0.8335929107666016 0.6787556457519531 0.8407835853099823 0.6787556457519531 0.8407835853099823 0.6884539896249772 0.8335929107666016 0.6884539896249772
0 0.8363583374023438 0.6290713119506836 0.8444946432113648 0.6290713119506836 0.8444946432113648 0.6373375833034515 0.8363583374023438 0.6373375833034515
0 0.4969783401489257 0.21198339462280275 0.5049735909700394 0.21198339462280275 0.5049735909700394 0.22307926177978515 0.4969783401489257 0.22307926177978515
0 0.7698907470703125 0.473072509765625 0.7780453872680664 0.473072509765625 0.7780453872680664 0.4836737310886383 0.7698907470703125 0.4836737310886383
0 0.18303277969360351 0.615258674621582 0.19014636218547823 0.615258674621582 0.19014636218547823 0.6242089819908142 0.18303277969360351 0.6242089819908142
0 0.16980907440185547 0.15117062568664552 0.17680960595607756 0.15117062568664552 0.17680960595607756 0.16113180816173556 0.16980907440185547 0.16113180816173556
0 0.15490921974182129 0.6587540435791016 0.16211262524127962 0.6587540435791016 0.16211262524127962 0.6667898118495942 0.15490921974182129 0.6667898118495942
0 0.14768712997436523 0.36800891876220704 0.15365933418273925 0.36800891876220704 0.15365933418273925 0.37592850685119633 0.14768712997436523 0.37592850685119633
0 0.8617919921875 0.478066520690918 0.8702868205308915 0.478066520690918 0.8702868205308915 0.4882757568359375 0.8617919921875 0.4882757568359375
0 0.4505281448364258 0.6295233154296875 0.45853271067142487 0.6295233154296875 0.45853271067142487 0.6402987480163576 0.4505281448364258 0.6402987480163576
0 0.907142105102539 0.8217184448242187 0.9147479015588759 0.8217184448242187 0.9147479015588759 0.8291648918390273 0.907142105102539 0.8291648918390273
0 0.14083328247070312 0.8177651214599609 0.1482702124118805 0.8177651214599609 0.1482702124118805 0.8271650099754334 0.14083328247070312 0.8271650099754334
0 0.13373750686645508 0.5185375213623047 0.14127088367938997 0.5185375213623047 0.14127088367938997 0.52717320561409 0.13373750686645508 0.52717320561409
0 0.5861640167236328 0.8285111999511718 0.5949421972036362 0.8285111999511718 0.5949421972036362 0.8385566222667694 0.5861640167236328 0.8385566222667694
0 0.9054638671875 0.621300392150879 0.9124693071842194 0.621300392150879 0.9124693071842194 0.6312750548124314 0.9054638671875 0.6312750548124314
0 0.13299574986312515 0.1501761947053117 0.14105609833967814 0.1501761947053117 0.14105609833967814 0.16297147586854452 0.13299574986312515 0.16297147586854452
0 0.1405523265598936 0.2134791646707794 0.1496202185960158 0.2134791646707794 0.1496202185960158 0.23166193263958393 0.1405523265598936 0.23166193263958393
0 0.12241654248764929 0.31247423472315977 0.12997311918441776 0.31247423472315977 0.12997311918441776 0.32526951588639264 0.12241654248764929 0.32526951588639264
0 0.14307118545881645 0.3205554649315173 0.1536503928342923 0.3205554649315173 0.1536503928342923 0.3299835668412679 0.14307118545881645 0.3299835668412679
0 0.13702592410140166 0.45591607092150677 0.14710135969709298 0.45591607092150677 0.14710135969709298 0.47073165963682906 0.13702592410140166 0.47073165963682906
0 0.14004855478010905 0.7630028188390948 0.15012399037580038 0.7630028188390948 0.15012399037580038 0.7764715358530243 0.14004855478010905 0.7764715358530243
0 0.44936442756783196 0.682190516755519 0.4594398631635232 0.682190516755519 0.4594398631635232 0.693638926217359 0.44936442756783196 0.693638926217359
0 0.8881626648878265 0.22358070243122635 0.8952154698048104 0.22358070243122635 0.8952154698048104 0.23435567604236981 0.8881626648878265 0.23435567604236981
0 0.8659967065773057 0.5313408861995109 0.8750645986134277 0.5313408861995109 0.8750645986134277 0.5468299107655296 0.8659967065773057 0.5468299107655296
0 0.8639816194581672 0.6289890845504983 0.873553283274074 0.6289890845504983 0.873553283274074 0.6424578015644277 0.8639816194581672 0.6424578015644277
0 0.8634778476783829 0.6754561582485543 0.873553283274074 0.6754561582485543 0.873553283274074 0.6902717469638766 0.8634778476783829 0.6902717469638766
0 0.8942079262452414 0.6774764658006438 0.9032758182813635 0.6774764658006438 0.9032758182813635 0.68959831111318 0.8942079262452414 0.68959831111318
0 0.8347628562306625 0.7750724258673808 0.8443345200465693 0.7750724258673808 0.8443345200465693 0.7878677070306135 0.8347628562306625 0.7878677070306135
0 0.8624703041188136 0.7770927334194702 0.8715381961549359 0.7770927334194702 0.8715381961549359 0.7912348862840959 0.8624703041188136 0.7912348862840959
0 0.8584401298805371 0.8235598071175263 0.8670042501368747 0.8235598071175263 0.8670042501368747 0.8343347807286696 0.8584401298805371 0.8343347807286696
0 0.9088173078589935 0.7717052466138985 0.9173814281153312 0.7717052466138985 0.9173814281153312 0.7824802202250418 0.9088173078589935 0.7824802202250418
