0 0.5544253158569336 0.6869022369384765 0.5630898833274841 0.6869022369384765 0.5630898833274841 0.6971541666984558 0.5544253158569336 0.6971541666984558
0 0.4925650024414063 0.6890050506591797 0.5006792181730271 0.6890050506591797 0.5006792181730271 0.698125062584877 0.4925650024414063 0.698125062584877
0 0.5851406478881835 0.44944580078125 0.5929271250963211 0.44944580078125 0.5929271250963211 0.4593792724609375 0.5851406478881835 0.4593792724609375
0 0.4672005844116211 0.6876597595214844 0.4742629492282867 0.6876597595214844 0.4742629492282867 0.697103922367096 0.4672005844116211 0.697103922367096
0 0.5290446472167969 0.2879925537109375 0.5371592473983764 0.2879925537109375 0.5371592473983764 0.29988715529441834 0.5290446472167969 0.29988715529441834
0 0.45464679718017575 0.7708386993408203 0.46207841873168937 0.7708386993408203 0.46207841873168937 0.7804035091400147 0.45464679718017575 0.7804035091400147
0 0.545774269104004 0.3745756149291992 0.5539478343725205 0.3745756149291992 0.5539478343725205 0.3848817408084869 0.545774269104004 0.3848817408084869
0 0.5166228485107421 0.45637271881103514 0.5245088624954223 0.45637271881103514 0.5245088624954223 0.4663597148656845 0.5166228485107421 0.4663597148656845
0 0.5630343246459961 0.6065531921386719 0.5716925048828125 0.6065531921386719 0.5716925048828125 0.6172080171108246 0.5630343246459961 0.6172080171108246
0 0.4448530197143555 0.8474476623535155 0.451535748243332 0.8474476623535155 0.451535748243332 0.8557199025154114 0.4448530197143555 0.8557199025154114
0 0.4832993698120117 0.7714390563964844 0.4904152590036392 0.7714390563964844 0.4904152590036392 0.7811273598670958 0.4832993698120117 0.7811273598670958
0 0.555167465209961 0.4502037811279297 0.564078598022461 0.4502037811279297 0.564078598022461 0.4607446396350861 0.555167465209961 0.4607446396350861
0 0.4455206298828125 0.6849090576171875 0.45326076865196224 0.6849090576171875 0.45326076865196224 0.6947832334041595 0.4455206298828125 0.6947832334041595
0 0.5396892929077148 0.7682045745849609 0.5474676084518433 0.7682045745849609 0.5474676084518433 0.7783218634128571 0.5396892929077148 0.7783218634128571
0 0.4731306457519531 0.5323612594604492 0.4816448724269867 0.5323612594604492 0.4816448724269867 0.5428652358055115 0.4731306457519531 0.5428652358055115
0 0.5938767242431641 0.6837544250488281 0.6018110579252243 0.6837544250488281 0.6018110579252243 0.6946201062202454 0.5938767242431641 0.6946201062202454
0 0.4757590484619141 0.29415699005126955 0.48504795432090764 0.29415699005126955 0.48504795432090764 0.30428208589553835 0.4757590484619141 0.30428208589553835
0 0.553563117980957 0.5216337585449219 0.5608083814382554 0.5216337585449219 0.5608083814382554 0.5309604758024216 0.553563117980957 0.5309604758024216
0 0.5065483856201172 0.8488349151611329 0.515198226571083 0.8488349151611329 0.515198226571083 0.8580996882915497 0.5065483856201172 0.8580996882915497
0 0.5058541107177734 0.2947422218322754 0.5145430445671082 0.2947422218322754 0.5145430445671082 0.30517140626907346 0.5058541107177734 0.30517140626907346
0 0.4462602233886719 0.45113979339599614 0.45352115929126735 0.45113979339599614 0.45352115929126735 0.4611811435222626 0.4462602233886719 0.4611811435222626
0 0.5376117324829102 0.6099806594848632 0.544600494503975 0.6099806594848632 0.544600494503975 0.6195056223869324 0.5376117324829102 0.6195056223869324
0 0.4456911849975586 0.3783585739135742 0.45273080945014954 0.3783585739135742 0.45273080945014954 0.3877958977222442 0.4456911849975586 0.3877958977222442
0 0.44333293914794925 0.5246109390258789 0.44983043313026433 0.5246109390258789 0.44983043313026433 0.5330652570724487 0.44333293914794925 0.5330652570724487
0 0.4990745544433593 0.5270265579223633 0.5070143884420394 0.5270265579223633 0.5070143884420394 0.5373522913455963 0.4990745544433593 0.5373522913455963
0 0.47359642028808596 0.6074951553344726 0.48219353556633 0.6074951553344726 0.48219353556633 0.6174430555105209 0.47359642028808596 0.6174430555105209
0 0.47976280212402345 0.8528753662109375 0.48687685787677765 0.8528753662109375 0.48687685787677765 0.8623122555017472 0.47976280212402345 0.8623122555017472
0 0.5292910003662109 0.5265406036376953 0.5372112584114075 0.5265406036376953 0.5372112584114075 0.5373125183582306 0.5292910003662109 0.5373125183582306
0 0.5135763168334961 0.6947016143798828 0.5206194305419921 0.6947016143798828 0.5206194305419921 0.7047029995918273 0.5135763168334961 0.7047029995918273
0 0.6040475463867188 0.2875405883789062 0.6111756485700608 0.2875405883789062 0.6111756485700608 0.2986884582042694 0.6040475463867188 0.2986884582042694
0 0.5640298461914063 0.7656201171875 0.5721135151386261 0.7656201171875 0.5721135151386261 0.7749629235267639 0.5640298461914063 0.7749629235267639
0 0.5380384445190429 0.8485188293457031 0.5461283230781555 0.8485188293457031 0.5461283230781555 0.8588736176490783 0.5380384445190429 0.8588736176490783
0 0.5143532943725586 0.6102827453613281 0.5225502800941467 0.6102827453613281 0.5225502800941467 0.6205716753005981 0.5143532943725586 0.6205716753005981
0 0.46334945678710937 0.376153450012207 0.4710177969932556 0.376153450012207 0.4710177969932556 0.38669636368751525 0.46334945678710937 0.38669636368751525
0 0.5623355865478515 0.28547115325927735 0.5708352643251419 0.28547115325927735 0.5708352643251419 0.2963527250289917 0.5623355865478515 0.2963527250289917
0 0.46219669342041014 0.8494335174560546 0.4691706699132919 0.8494335174560546 0.4691706699132919 0.8587473082542418 0.46219669342041014 0.8587473082542418
0 0.6126729202270508 0.3674650192260742 0.6209456086158753 0.3674650192260742 0.6209456086158753 0.3772338855266571 0.6126729202270508 0.3772338855266571
0 0.46936416722527935 0.45273827199812205 0.4778980611748299 0.45273827199812205 0.4778980611748299 0.4641462753089202 0.46936416722527935 0.4641462753089202
0 0.5803047885694363 0.2840627944741783 0.5888386825189869 0.2840627944741783 0.5888386825189869 0.2962856551643192 0.5803047885694363 0.2962856551643192
0 0.5089858177053354 0.7645062173699532 0.5187388393619647 0.7645062173699532 0.5187388393619647 0.7767290780600942 0.5089858177053354 0.7767290780600942
