0 0.5544248962402344 0.6869158935546875 0.563048477768898 0.6869158935546875 0.563048477768898 0.6971307432651521 0.5544248962402344 0.6971307432651521
0 0.4925686264038086 0.6890518188476562 0.5006695646047592 0.6890518188476562 0.5006695646047592 0.69813514649868 0.4925686264038086 0.69813514649868
0 0.46717262268066406 0.6876912689208985 0.4742864710092544 0.6876912689208985 0.4742864710092544 0.6972446149587632 0.46717262268066406 0.6972446149587632
0 0.5290774154663086 0.2880910491943359 0.5371636271476745 0.2880910491943359 0.5371636271476745 0.2998725140094757 0.5290774154663086 0.2998725140094757
0 0.5850041198730469 0.44944393157958984 0.5929570245742799 0.44944393157958984 0.5929570245742799 0.4593475180864334 0.5850041198730469 0.4593475180864334
0 0.45464481353759767 0.7708853149414062 0.4620716744661332 0.7708853149414062 0.4620716744661332 0.7804123336076737 0.45464481353759767 0.7804123336076737
0 0.5458024597167969 0.37452705383300783 0.5540112149715424 0.37452705383300783 0.5540112149715424 0.3847990655899048 0.5458024597167969 0.3847990655899048
0 0.51656982421875 0.4562333679199219 0.5244719845056534 0.4562333679199219 0.5244719845056534 0.46637144923210144 0.51656982421875 0.46637144923210144
0 0.4449502563476562 0.8474306488037109 0.45165507495403284 0.8474306488037109 0.45165507495403284 0.8556346595287323 0.4449502563476562 0.8556346595287323
0 0.5630784225463867 0.6064723205566406 0.5716102147102357 0.6064723205566406 0.5716102147102357 0.6171293592453003 0.5630784225463867 0.6171293592453003
0 0.48332656860351564 0.7715298461914063 0.4904243010282517 0.7715298461914063 0.4904243010282517 0.7811140257120134 0.48332656860351564 0.7811140257120134
0 0.5551727294921875 0.45024154663085936 0.5640163803100585 0.45024154663085936 0.5640163803100585 0.4607554054260254 0.5551727294921875 0.4607554054260254
0 0.4455398178100586 0.6849522399902344 0.45324586093425745 0.6849522399902344 0.45324586093425745 0.6947501218318938 0.4455398178100586 0.6947501218318938
0 0.5397683334350586 0.7682072448730469 0.5475559937953949 0.7682072448730469 0.5475559937953949 0.7782706141471863 0.5397683334350586 0.7782706141471863
0 0.4730371475219727 0.5323313903808594 0.48168343961238863 0.5323313903808594 0.48168343961238863 0.5429012644290924 0.4730371475219727 0.5429012644290924
0 0.5938190841674804 0.6838926696777343 0.6017077600955962 0.6838926696777343 0.6017077600955962 0.6948604190349579 0.5938190841674804 0.6948604190349579
0 0.5065560150146484 0.8487940979003906 0.5152385026216507 0.8487940979003906 0.5152385026216507 0.8581385642290116 0.5065560150146484 0.8581385642290116
0 0.5058455276489258 0.2947020721435547 0.5145886957645416 0.2947020721435547 0.5145886957645416 0.3051731395721436 0.5058455276489258 0.3051731395721436
0 0.47572296142578124 0.2941282081604004 0.4850421488285065 0.2941282081604004 0.4850421488285065 0.30429896235466003 0.47572296142578124 0.30429896235466003
0 0.44564353942871093 0.3782625198364258 0.45276770830154417 0.3782625198364258 0.45276770830154417 0.3877804857492447 0.44564353942871093 0.3877804857492447
0 0.5375489044189453 0.6098720169067383 0.5445631569623947 0.6098720169067383 0.5445631569623947 0.6194748944044114 0.5375489044189453 0.6194748944044114
0 0.5535431289672852 0.5216111755371093 0.5607368201017381 0.5216111755371093 0.5607368201017381 0.5309844201803207 0.5535431289672852 0.5309844201803207
0 0.4461777877807617 0.4511790084838867 0.45353205084800724 0.4511790084838867 0.45353205084800724 0.46121454834938047 0.4461777877807617 0.46121454834938047
0 0.44321895599365235 0.5245616149902343 0.44980528235435485 0.5245616149902343 0.44980528235435485 0.5331205308437347 0.44321895599365235 0.5331205308437347
0 0.47367397308349607 0.6074643707275391 0.48229853034019465 0.6074643707275391 0.48229853034019465 0.617423655986786 0.47367397308349607 0.617423655986786
0 0.5293685913085937 0.5265752410888672 0.5372099530696869 0.5265752410888672 0.5372099530696869 0.537326718568802 0.5293685913085937 0.537326718568802
0 0.47978218078613283 0.8528408050537111 0.48697622656822204 0.8528408050537111 0.48697622656822204 0.8625071293115616 0.47978218078613283 0.8625071293115616
0 0.4990928649902344 0.5269584274291992 0.5070232951641084 0.5269584274291992 0.5070232951641084 0.5373069298267363 0.4990928649902344 0.5373069298267363
0 0.6040297698974609 0.2875227355957031 0.61117378115654 0.2875227355957031 0.61117378115654 0.2986687278747559 0.6040297698974609 0.2986687278747559
0 0.5135571670532226 0.6946072387695312 0.5205869150161744 0.6946072387695312 0.5205869150161744 0.7046163713932038 0.5135571670532226 0.7046163713932038
0 0.5641510391235351 0.765654067993164 0.5722556442022323 0.765654067993164 0.5722556442022323 0.7749433499574659 0.5641510391235351 0.7749433499574659
0 0.5379710388183594 0.8484403991699219 0.546232253909111 0.8484403991699219 0.546232253909111 0.8589929986000061 0.5379710388183594 0.8589929986000061
0 0.5143824386596679 0.6102941513061524 0.5225668865442276 0.6102941513061524 0.5225668865442276 0.6206040728092194 0.5143824386596679 0.6206040728092194
0 0.46335224151611326 0.3761235427856445 0.470950408577919 0.3761235427856445 0.470950408577919 0.38657103061676024 0.46335224151611326 0.38657103061676024
0 0.5622999954223633 0.2854747772216797 0.5709006887674332 0.2854747772216797 0.5709006887674332 0.29643189191818237 0.5622999954223633 0.29643189191818237
0 0.6126535415649415 0.3674508285522461 0.62091268658638 0.3674508285522461 0.62091268658638 0.37724989652633667 0.6126535415649415 0.37724989652633667
0 0.46214622497558594 0.849464340209961 0.46912330627441406 0.849464340209961 0.46912330627441406 0.8587506181001663 0.46214622497558594 0.8587506181001663
0 0.5094270408457904 0.7666805968757999 0.5179911611021281 0.7666805968757999 0.5179911611021281 0.7761086987855504 0.5094270408457904 0.7761086987855504
0 0.4696290702428098 0.45420636215264026 0.4786969622789321 0.45420636215264026 0.4786969622789321 0.4676750791665696 0.4696290702428098 0.4676750791665696
0 0.5804588617954141 0.2851739636278275 0.5905342973911055 0.2851739636278275 0.5905342973911055 0.295948937238971 0.5804588617954141 0.295948937238971
