0 0.12627842577756665 0.16931523146285887 0.1348804983782183 0.16931523146285887 0.1348804983782183 0.1775946149151752 0.12627842577756665 0.1775946149151752
0 0.1672242913566686 0.17667468342047338 0.17341778362913782 0.17667468342047338 0.17341778362913782 0.18679392986219337 0.1672242913566686 0.18679392986219337
0 0.2047293278955099 0.17253499169431522 0.2119550688800573 0.17253499169431522 0.2119550688800573 0.18265423813603518 0.2047293278955099 0.18265423813603518
0 0.2542772660752636 0.16931523146285887 0.25978259253968067 0.16931523146285887 0.25978259253968067 0.18219427238868427 0.2542772660752636 0.18219427238868427
0 0.3000402923107305 0.17391488893636792 0.30795419910333016 0.17391488893636792 0.30795419910333016 0.183574169630737 0.3000402923107305 0.183574169630737
0 0.12318167964133203 0.2268109498817224 0.13143966933795767 0.2268109498817224 0.13143966933795767 0.23463036758668782 0.12318167964133203 0.23463036758668782
0 0.14898789744328705 0.22451112114496788 0.15827813585199088 0.22451112114496788 0.15827813585199088 0.23509033333403878 0.14898789744328705 0.23509033333403878
0 0.20025625014317108 0.2240511553976169 0.20817015693577057 0.2240511553976169 0.20817015693577057 0.23371043609198602 0.20025625014317108 0.23371043609198602
0 0.24739560799474225 0.22313122390291515 0.25634176349941995 0.22313122390291515 0.25634176349941995 0.23371043609198608 0.24739560799474225 0.23371043609198608
0 0.28627697614968783 0.22313122390291515 0.29556721455839163 0.22313122390291515 0.29556721455839163 0.23279050459728426 0.28627697614968783 0.23279050459728426
0 0.13866541032250504 0.3086848529101841 0.14623523421107854 0.3086848529101841 0.14623523421107854 0.31788416785720225 0.13866541032250504 0.31788416785720225
0 0.16894470587679894 0.31006475015223683 0.1778908613814767 0.31006475015223683 0.1778908613814767 0.31742420210985134 0.16894470587679894 0.31742420210985134
0 0.21057873726395307 0.3082248871628332 0.21711631244044835 0.3082248871628332 0.21711631244044835 0.3201839965939568 0.21057873726395307 0.3201839965939568
0 0.25530951478734176 0.3086848529101841 0.26219117286786314 0.3086848529101841 0.26219117286786314 0.31880409935190407 0.25530951478734176 0.31880409935190407
0 0.30141662392683477 0.3155843391204477 0.30864236491138214 0.3155843391204477 0.30864236491138214 0.32616355130951863 0.30141662392683477 0.32616355130951863
0 0.14589115130705246 0.3634207768449421 0.15414914100367805 0.3634207768449421 0.15414914100367805 0.37308005753931117 0.14589115130705246 0.37308005753931117
0 0.17720269557342455 0.3634207768449421 0.1830521049418677 0.3634207768449421 0.1830521049418677 0.3707802288025567 0.17720269557342455 0.3707802288025567
0 0.20060033304719713 0.35514139339262585 0.20748199112771848 0.35514139339262585 0.20748199112771848 0.3684804000658021 0.20060033304719713 0.3684804000658021
0 0.24946010541889868 0.3588211193714331 0.25634176349942 0.3588211193714331 0.25634176349942 0.3680204343184512 0.24946010541889868 0.3680204343184512
0 0.307610116199304 0.3523815989085204 0.31552402299190363 0.3523815989085204 0.31552402299190363 0.3615809138555386 0.307610116199304 0.3615809138555386
0 0.14176215645873966 0.4779522479353183 0.15002014615536524 0.4779522479353183 0.15002014615536524 0.48807149437703834 0.14176215645873966 0.48807149437703834
0 0.17410594943719 0.48209193966147657 0.1823639391338156 0.48209193966147657 0.1823639391338156 0.4922111861031965 0.17410594943719 0.4922111861031965
0 0.20025625014317108 0.48209193966147657 0.20989057145590093 0.48209193966147657 0.20989057145590093 0.489911357366442 0.20025625014317108 0.489911357366442
0 0.2270947166572043 0.4756524191985638 0.23363229183369957 0.4756524191985638 0.23363229183369957 0.4848517341455821 0.2270947166572043 0.4848517341455821
0 0.27423407450877546 0.4784122136826693 0.28249206420540107 0.4784122136826693 0.28249206420540107 0.4876115286296875 0.27423407450877546 0.4876115286296875
0 0.3000402923107305 0.4825519054088276 0.30588970167917373 0.4825519054088276 0.30588970167917373 0.4963508778293548 0.3000402923107305 0.4963508778293548
0 0.13453641547419223 0.5253287199124619 0.14176215645873963 0.5253287199124619 0.14176215645873963 0.5340680691121291 0.13453641547419223 0.5340680691121291
0 0.15758997004393874 0.5280885143965673 0.16481571102848616 0.5280885143965673 0.16481571102848616 0.5354479663541819 0.15758997004393874 0.5354479663541819
0 0.18270802203784164 0.5239488226704092 0.19096601173446723 0.5239488226704092 0.19096601173446723 0.5354479663541819 0.18270802203784164 0.5354479663541819
0 0.21092282016797914 0.5253287199124619 0.21814856115252657 0.5253287199124619 0.21814856115252657 0.5336081033647783 0.21092282016797914 0.5336081033647783
0 0.4452432778097309 0.14493704685326073 0.4521249358902522 0.14493704685326073 0.4521249358902522 0.15413636180027893 0.4452432778097309 0.15413636180027893
0 0.51268352699884 0.14953670432676983 0.5212855995994917 0.14953670432676983 0.5212855995994917 0.1596559507684898 0.51268352699884 0.1596559507684898
0 0.5625755480826197 0.14585697834796255 0.5711776206832715 0.14585697834796255 0.5711776206832715 0.15965595076848982 0.5625755480826197 0.15965595076848982
0 0.6162524811106862 0.1481568070847171 0.6248545537113379 0.1481568070847171 0.6248545537113379 0.15643619053703345 0.6162524811106862 0.15643619053703345
0 0.43767345392115736 0.18955372434629886 0.4442110290976527 0.18955372434629886 0.4442110290976527 0.19921300504066794 0.43767345392115736 0.19921300504066794
0 0.476554822076103 0.19967297078801885 0.48412464596467647 0.19967297078801885 0.48412464596467647 0.21163208021914245 0.476554822076103 0.21163208021914245
0 0.5216296825035177 0.2042726282615279 0.5298876722001432 0.2042726282615279 0.5298876722001432 0.2130119774611952 0.5216296825035177 0.2130119774611952
0 0.5598228848504112 0.19737314205126433 0.5670486258349585 0.19737314205126433 0.5670486258349585 0.20473259400887886 0.5598228848504112 0.20473259400887886
0 0.6028332478536695 0.19231351883040432 0.610747154646269 0.19231351883040432 0.610747154646269 0.20105286803007158 0.6028332478536695 0.20105286803007158
0 0.4500604384660958 0.28936629152144594 0.4583184281627214 0.28936629152144594 0.4583184281627214 0.29902557221581505 0.4500604384660958 0.29902557221581505
0 0.487221392100911 0.2815468738164805 0.4965116305096149 0.2815468738164805 0.4965116305096149 0.28936629152144594 0.487221392100911 0.28936629152144594
0 0.4369852881131052 0.34548211269825685 0.446275526521809 0.34548211269825685 0.446275526521809 0.354681427645275 0.4369852881131052 0.354681427645275
0 0.47999565111636355 0.34594207844560765 0.4875654750049371 0.34594207844560765 0.4875654750049371 0.35468142764527494 0.47999565111636355 0.35468142764527494
0 0.538489744800795 0.2870664627846914 0.5443391541692382 0.2870664627846914 0.5443391541692382 0.2971857092264114 0.538489744800795 0.2971857092264114
0 0.5925107607328876 0.2879863942793932 0.5987042530053569 0.2879863942793932 0.5987042530053569 0.2971857092264114 0.5925107607328876 0.2971857092264114
0 0.6348329579280939 0.2866064970373405 0.6427468647206935 0.2866064970373405 0.6427468647206935 0.2962657777317096 0.6348329579280939 0.2962657777317096
0 0.589414014596653 0.34272231821415133 0.5973279213892525 0.34272231821415133 0.5973279213892525 0.3510017016664676 0.589414014596653 0.3510017016664676
0 0.631048045983807 0.3418023867194495 0.6393060356804326 0.3418023867194495 0.6393060356804326 0.3556013591399768 0.631048045983807 0.3556013591399768
0 0.5415864909370297 0.34272231821415133 0.5495003977296291 0.34272231821415133 0.5495003977296291 0.35468142764527494 0.5415864909370297 0.35468142764527494
0 0.6097149059341909 0.4788721794300203 0.6183169785348426 0.4788721794300203 0.6183169785348426 0.4889914258717402 0.6097149059341909 0.4889914258717402
0 0.44214653167349627 0.5382077608382874 0.4517808529862261 0.5382077608382874 0.4517808529862261 0.546027178543253 0.44214653167349627 0.546027178543253
0 0.486877309196885 0.5234888569230582 0.49547938179753664 0.5234888569230582 0.49547938179753664 0.5336081033647782 0.486877309196885 0.5336081033647782
0 0.528511340584039 0.5257886856598128 0.5353929986645602 0.5257886856598128 0.5353929986645602 0.5400476238276911 0.528511340584039 0.5400476238276911
0 0.5701453719711933 0.5221089596810056 0.579091527475871 0.5221089596810056 0.579091527475871 0.5354479663541819 0.5701453719711933 0.5354479663541819
0 0.6121234862623733 0.534988000606831 0.6190051443428948 0.534988000606831 0.6190051443428948 0.5437273498064983 0.6121234862623733 0.5437273498064983
0 0.7719384388190862 0.16956612187050485 0.7784788576559455 0.16956612187050485 0.7784788576559455 0.17754899847742148 0.7719384388190862 0.17754899847742148
0 0.8157308084224038 0.173747628664604 0.8217024951864925 0.173747628664604 0.8217024951864925 0.18173050527152063 0.8157308084224038 0.18173050527152063
0 0.8626512044259583 0.18059009432767537 0.8691916232628175 0.18059009432767537 0.8691916232628175 0.18971338187843725 0.8626512044259583 0.18971338187843725
0 0.8996187891560317 0.17488803960844926 0.9067279400656613 0.17488803960844926 0.9067279400656613 0.18173050527152063 0.8996187891560317 0.18173050527152063
0 0.9399987663227272 0.18325105319664758 0.9468235511959715 0.18325105319664758 0.9468235511959715 0.19161406678484594 0.9399987663227272 0.19161406678484594
0 0.7710853407099306 0.2227852992499488 0.7804694199106416 0.2227852992499488 0.7804694199106416 0.23076817585686535 0.7710853407099306 0.23076817585686535
0 0.8137402461677073 0.22734694302532973 0.8199962989681815 0.22734694302532973 0.8199962989681815 0.23570995661352803 0.8137402461677073 0.23570995661352803
0 0.8945002005010985 0.2444531071830081 0.9021780834834983 0.2444531071830081 0.9021780834834983 0.2516757098273612 0.8945002005010985 0.2516757098273612
0 0.9334583474858681 0.2330489977445558 0.9394300342499569 0.2330489977445558 0.9394300342499569 0.24407297020172636 0.9334583474858681 0.24407297020172636
0 0.7690947784552342 0.32656269513986447 0.7753508312557083 0.32656269513986447 0.7753508312557083 0.33416543476549926 0.7690947784552342 0.33416543476549926
0 0.8063467292216928 0.32504214721473745 0.8123184159857816 0.32504214721473745 0.8123184159857816 0.33568598269062616 0.8063467292216928 0.33568598269062616
0 0.843314313951766 0.32922365400883663 0.8487172686430845 0.32922365400883663 0.8487172686430845 0.34100790042857054 0.843314313951766 0.34100790042857054
0 0.9351645437041792 0.3299839279714001 0.9419893285774236 0.3299839279714001 0.9419893285774236 0.34138803740985235 0.9351645437041792 0.34138803740985235
0 0.9360176418133347 0.37522022874392746 0.9422736946138087 0.37522022874392746 0.9422736946138087 0.3824428313882805 0.9360176418133347 0.3824428313882805
0 0.7742133671101675 0.3816825574257171 0.7818912500925672 0.3816825574257171 0.7818912500925672 0.39004557101391546 0.7742133671101675 0.39004557101391546
0 0.8066310952580781 0.3725592698749553 0.8134558801313222 0.3725592698749553 0.8134558801313222 0.3794017355380266 0.8066310952580781 0.3794017355380266
0 0.8450205101700773 0.36533666723060215 0.84957036675224 0.36533666723060215 0.84957036675224 0.3759805027064909 0.8450205101700773 0.3759805027064909
