0 0.5008454513549805 0.5302890777587891 0.5085222780704498 0.5302890777587891 0.5085222780704498 0.5402108091115951 0.5008454513549805 0.5402108091115951
0 0.5166605377197265 0.6867023468017577 0.5247162318229676 0.6867023468017577 0.5247162318229676 0.696515724658966 0.5166605377197265 0.696515724658966
0 0.5479690933227539 0.8432376861572266 0.5565284460783004 0.8432376861572266 0.5565284460783004 0.8543660080432892 0.5479690933227539 0.8543660080432892
0 0.46934989929199217 0.37344451904296877 0.47687487781047816 0.37344451904296877 0.47687487781047816 0.3839803171157837 0.46934989929199217 0.3839803171157837
0 0.5216238784790039 0.3732706069946289 0.5301065826416016 0.3732706069946289 0.5301065826416016 0.3836782479286194 0.5216238784790039 0.3836782479286194
0 0.539957275390625 0.2260470199584961 0.5479142606258391 0.2260470199584961 0.5479142606258391 0.23712159991264342 0.539957275390625 0.23712159991264342
0 0.5781759262084961 0.8438449096679688 0.5867539680004121 0.8438449096679688 0.5867539680004121 0.8539716064929963 0.5781759262084961 0.8539716064929963
0 0.45336189270019533 0.14430768966674803 0.4615976464748383 0.14430768966674803 0.4615976464748383 0.15494637727737426 0.45336189270019533 0.15494637727737426
0 0.5070608139038086 0.843997802734375 0.5150921416282654 0.843997802734375 0.5150921416282654 0.8543283188343048 0.5070608139038086 0.8543283188343048
0 0.4692587661743164 0.8427185821533203 0.4769493734836578 0.8427185821533203 0.4769493734836578 0.8529633176326751 0.4692587661743164 0.8529633176326751
0 0.5073368453979492 0.2272460174560547 0.5151731801033019 0.2272460174560547 0.5151731801033019 0.23748919129371643 0.5073368453979492 0.23748919129371643
0 0.44609832763671875 0.3728702163696289 0.45404088199138637 0.3728702163696289 0.45404088199138637 0.38222721397876747 0.44609832763671875 0.38222721397876747
0 0.4374873733520508 0.22661916732788087 0.4460995107889175 0.22661916732788087 0.4460995107889175 0.2375272250175476 0.4374873733520508 0.2375272250175476
0 0.5790130615234375 0.7701908874511719 0.5870252859592437 0.7701908874511719 0.5870252859592437 0.7801371669769288 0.5790130615234375 0.7801371669769288
0 0.7737760162353515 0.7632505035400391 0.7821228104829788 0.7632505035400391 0.7821228104829788 0.7725680893659591 0.7737760162353515 0.7725680893659591
0 0.46198707580566406 0.4710157394409179 0.4693718564510346 0.4710157394409179 0.4693718564510346 0.4807255470752716 0.46198707580566406 0.4807255470752716
0 0.5620927810668945 0.5328144073486328 0.5708716708421707 0.5328144073486328 0.5708716708421707 0.5433657014369965 0.5620927810668945 0.5433657014369965
0 0.48515628814697265 0.7733560943603516 0.49303904950618743 0.7733560943603516 0.49303904950618743 0.7843373620510102 0.48515628814697265 0.7843373620510102
0 0.49828479766845707 0.37395626068115234 0.5055405884981156 0.37395626068115234 0.5055405884981156 0.38419893980026243 0.49828479766845707 0.38419893980026243
0 0.5697602844238281 0.46991485595703125 0.5782435798645018 0.46991485595703125 0.5782435798645018 0.47867051541805267 0.5697602844238281 0.47867051541805267
0 0.5798515319824219 0.6854338073730468 0.5871043658256532 0.6854338073730468 0.5871043658256532 0.6966597700119017 0.5798515319824219 0.6966597700119017
0 0.5844108200073242 0.6245636367797851 0.5924052429199219 0.6245636367797851 0.5924052429199219 0.6343057805299759 0.5844108200073242 0.6343057805299759
0 0.5290107727050781 0.46780460357666015 0.5368582850694656 0.46780460357666015 0.5368582850694656 0.4777264928817749 0.5290107727050781 0.4777264928817749
0 0.46656906127929687 0.3034296989440918 0.47428858935832974 0.3034296989440918 0.47428858935832974 0.31401789546012876 0.46656906127929687 0.31401789546012876
0 0.21792083740234375 0.7732068634033203 0.22493353724479673 0.7732068634033203 0.22493353724479673 0.7829136669635772 0.21792083740234375 0.7829136669635772
0 0.5284005737304688 0.533316879272461 0.5370052886009217 0.533316879272461 0.5370052886009217 0.5436400830745698 0.5284005737304688 0.5436400830745698
0 0.5244909286499023 0.14660104751586914 0.532427154779434 0.14660104751586914 0.532427154779434 0.15796642422676085 0.5244909286499023 0.15796642422676085
0 0.5480274963378906 0.6216648483276367 0.556126601099968 0.6216648483276367 0.556126601099968 0.6318164491653442 0.5480274963378906 0.6318164491653442
0 0.8195818328857422 0.8377520751953126 0.8278795385360718 0.8377520751953126 0.8278795385360718 0.8476120990514756 0.8195818328857422 0.8476120990514756
0 0.43594451904296877 0.4708784866333008 0.44350681602954867 0.4708784866333008 0.44350681602954867 0.47956666707992557 0.43594451904296877 0.47956666707992557
0 0.5444877243041992 0.6853468322753906 0.5517509078979492 0.6853468322753906 0.5517509078979492 0.6950842326879502 0.5444877243041992 0.6950842326879502
0 0.4792596435546875 0.5340329360961914 0.48670158565044397 0.5340329360961914 0.48670158565044397 0.5438072973489761 0.4792596435546875 0.5438072973489761
0 0.48560791015625 0.3053010368347168 0.49287789523601533 0.3053010368347168 0.49287789523601533 0.3144869661331177 0.48560791015625 0.3144869661331177
0 0.5374263763427735 0.308111686706543 0.5450089889764786 0.308111686706543 0.5450089889764786 0.31824642777442935 0.5374263763427735 0.31824642777442935
0 0.5101021957397461 0.7695037078857422 0.5183982455730439 0.7695037078857422 0.5183982455730439 0.7793607276678086 0.5101021957397461 0.7793607276678086
0 0.18901456832885744 0.77100830078125 0.19620411932468418 0.77100830078125 0.19620411932468418 0.7803504747152329 0.18901456832885744 0.7803504747152329
0 0.25904083251953125 0.7733509063720703 0.26750325024127963 0.7733509063720703 0.26750325024127963 0.7836973929405212 0.25904083251953125 0.7836973929405212
0 0.6017551422119141 0.7685639953613281 0.6098459082841873 0.7685639953613281 0.6098459082841873 0.7777505767345428 0.6017551422119141 0.7777505767345428
0 0.2249666976928711 0.8422962951660157 0.23258798956871032 0.8422962951660157 0.23258798956871032 0.8522660559415818 0.2249666976928711 0.8522660559415818
0 0.7692680358886719 0.836354522705078 0.7782620865106582 0.836354522705078 0.7782620865106582 0.8471990942955017 0.7692680358886719 0.8471990942955017
0 0.8360321807861328 0.7735423278808594 0.8443823462724686 0.7735423278808594 0.8443823462724686 0.7825484132766723 0.8360321807861328 0.7825484132766723
0 0.5124076461791992 0.3085861587524414 0.5202326846122742 0.3085861587524414 0.5202326846122742 0.3196196663379669 0.5124076461791992 0.3196196663379669
0 0.4562034606933594 0.7706739044189453 0.4639505195617676 0.7706739044189453 0.4639505195617676 0.7810085320472717 0.4562034606933594 0.7810085320472717
0 0.12749594688415528 0.8328373718261718 0.1355786842107773 0.8328373718261718 0.1355786842107773 0.8422404229640961 0.12749594688415528 0.8422404229640961
0 0.5673649597167969 0.2248111724853516 0.5754078793525697 0.2248111724853516 0.5754078793525697 0.23515582084655764 0.5673649597167969 0.23515582084655764
0 0.5529085540771485 0.3684051895141602 0.5614134365320206 0.3684051895141602 0.5614134365320206 0.3781064194440842 0.5529085540771485 0.3781064194440842
0 0.48755661010742185 0.6854175567626954 0.4953730428218841 0.6854175567626954 0.4953730428218841 0.6956476652622224 0.48755661010742185 0.6956476652622224
0 0.48594642639160157 0.14861014366149902 0.4942027324438095 0.14861014366149902 0.4942027324438095 0.15803777277469636 0.48594642639160157 0.15803777277469636
0 0.45041698455810547 0.6172640991210937 0.45815224409103394 0.6172640991210937 0.45815224409103394 0.627350435256958 0.45041698455810547 0.627350435256958
0 0.16301902770996093 0.838084945678711 0.17017584323883056 0.838084945678711 0.17017584323883056 0.8475711685419083 0.16301902770996093 0.8475711685419083
0 0.4870249176025391 0.6185629272460937 0.4957237285375595 0.6185629272460937 0.4957237285375595 0.6288050138950347 0.4870249176025391 0.6288050138950347
0 0.847561264038086 0.8394556427001953 0.8535686731338502 0.8394556427001953 0.8535686731338502 0.8472160416841507 0.847561264038086 0.8472160416841507
0 0.563973274230957 0.3060457801818848 0.5729340279102325 0.3060457801818848 0.5729340279102325 0.3172674143314361 0.563973274230957 0.3172674143314361
0 0.8029275512695313 0.7669032287597656 0.8114126801490784 0.7669032287597656 0.8114126801490784 0.7774286305904389 0.8029275512695313 0.7774286305904389
0 0.4729399108886719 0.22236457824707032 0.4818005061149597 0.22236457824707032 0.4818005061149597 0.23430675506591797 0.4729399108886719 0.23430675506591797
0 0.28427804946899415 0.85188720703125 0.29278624355793004 0.85188720703125 0.29278624355793004 0.8622581231594085 0.28427804946899415 0.8622581231594085
0 0.4501263427734375 0.5352680587768555 0.45850377261638636 0.5352680587768555 0.45850377261638636 0.5443755000829696 0.4501263427734375 0.5443755000829696
0 0.5186664199829102 0.6207189178466797 0.5275863647460937 0.6207189178466797 0.5275863647460937 0.6315458190441131 0.5186664199829102 0.6315458190441131
0 0.4979751968383789 0.46399261474609377 0.5056033492088319 0.46399261474609377 0.5056033492088319 0.4744180834293365 0.4979751968383789 0.4744180834293365
0 0.4361965560913086 0.8407872009277343 0.4434117156267166 0.8407872009277343 0.4434117156267166 0.8504966926574707 0.4361965560913086 0.8504966926574707
0 0.4557838439941406 0.6836145782470703 0.46374822199344634 0.6836145782470703 0.46374822199344634 0.6940436053276061 0.4557838439941406 0.6940436053276061
0 0.5809753036499024 0.3687086486816406 0.5902414101362229 0.3687086486816406 0.5902414101362229 0.380130603313446 0.5809753036499024 0.380130603313446
0 0.6057804870605469 0.15554783821105958 0.614301101565361 0.15554783821105958 0.614301101565361 0.16658636689186096 0.6057804870605469 0.16658636689186096
0 0.12240405227823313 0.7693743402785859 0.13239621981115013 0.7693743402785859 0.13239621981115013 0.7782792771472995 0.12240405227823313 0.7782792771472995
0 0.18277339778960658 0.8395007181197055 0.19151654438090895 0.8395007181197055 0.19151654438090895 0.8484056549884191 0.18277339778960658 0.8484056549884191
0 0.8821756911743538 0.7671481060614075 0.8884207958824268 0.7671481060614075 0.8884207958824268 0.7799489528101833 0.8821756911743538 0.7799489528101833
0 0.8963312618459862 0.8272564299252243 0.904658068123417 0.8272564299252243 0.904658068123417 0.8389441595654108 0.8963312618459862 0.8389441595654108
