0 0.45465532360185223 0.3085630922539106 0.4618497843223972 0.3085630922539106 0.4618497843223972 0.31859870855974864 0.45465532360185223 0.31859870855974864
0 0.47404908728332146 0.3085630922539106 0.4806179427238191 0.3085630922539106 0.4806179427238191 0.3177624072009288 0.47404908728332146 0.3177624072009288
0 0.49500686416490924 0.3085630922539106 0.5022013248854543 0.3085630922539106 0.5022013248854543 0.31859870855974864 0.49500686416490924 0.31859870855974864
0 0.5118982067261888 0.30939939361273044 0.5181542595266627 0.30939939361273044 0.5181542595266627 0.3206894619567982 0.5118982067261888 0.3206894619567982
0 0.5319175756877055 0.3106538456509602 0.5384864311282029 0.3106538456509602 0.5384864311282029 0.31901685923915857 0.5319175756877055 0.31901685923915857
0 0.45747054736206544 0.3691949407683485 0.46779303448284754 0.3691949407683485 0.46779303448284754 0.3829939131888758 0.45747054736206544 0.3829939131888758
0 0.4831203638440087 0.36417713261542956 0.4912532324846248 0.36417713261542956 0.4912532324846248 0.37588535163890724 0.4831203638440087 0.37588535163890724
0 0.5072061671258333 0.36334083125660965 0.515651838406473 0.36334083125660965 0.515651838406473 0.37630350231831716 0.5072061671258333 0.37630350231831716
0 0.52722553608735 0.3595774751419204 0.5359840100080134 0.3595774751419204 0.5359840100080134 0.37044939280657824 0.52722553608735 0.37044939280657824
0 0.5497473261690562 0.3620863792183799 0.5569417868896013 0.3620863792183799 0.5569417868896013 0.3691949407683485 0.5497473261690562 0.3691949407683485
0 0.4615369816823735 0.46704219975026906 0.4684186397628949 0.46704219975026906 0.4684186397628949 0.4800048708119765 0.4615369816823735 0.4800048708119765
0 0.4856227849641982 0.4708055558649583 0.49625807472500383 0.4708055558649583 0.49625807472500383 0.4812593228502062 0.4856227849641982 0.4812593228502062
0 0.5103341935260703 0.47498706265905744 0.5203438780068288 0.47498706265905744 0.5203438780068288 0.48669528168253523 0.5103341935260703 0.48669528168253523
0 0.544742483928677 0.472060007903188 0.5516241420091984 0.472060007903188 0.5516241420091984 0.4816774735296161 0.544742483928677 0.4816774735296161
0 0.5669514713703596 0.472478158582598 0.5763355505710704 0.472478158582598 0.5763355505710704 0.4795867201325665 0.5669514713703596 0.4795867201325665
0 0.48749960080434024 0.5293466509823462 0.4946940615248855 0.5293466509823462 0.4946940615248855 0.5385459659293645 0.48749960080434024 0.5385459659293645
0 0.5081445750459044 0.5255832948676574 0.5169030489665679 0.5255832948676574 0.5169030489665679 0.5360370618529051 0.5081445750459044 0.5360370618529051
0 0.5328559836077765 0.5193110346765086 0.5403632469683454 0.5193110346765086 0.5403632469683454 0.5306011030205764 0.5328559836077765 0.5306011030205764
0 0.5538137604893643 0.5176384319588689 0.560069813289838 0.5176384319588689 0.560069813289838 0.5301829523411664 0.5538137604893643 0.5301829523411664
0 0.4549681262418759 0.6175764443378389 0.4634137975225157 0.6175764443378389 0.4634137975225157 0.6263576086054471 0.4549681262418759 0.6263576086054471
0 0.48218195592393764 0.6209216497731183 0.4887508113644352 0.6209216497731183 0.4887508113644352 0.6309572660789562 0.48218195592393764 0.6309572660789562
0 0.5087701803259519 0.6188308963760687 0.5137750225663311 0.6188308963760687 0.5137750225663311 0.631793567437776 0.5087701803259519 0.631793567437776
0 0.530353562487587 0.6133949375437397 0.5369224179280846 0.6133949375437397 0.5369224179280846 0.6251031565672174 0.530353562487587 0.6251031565672174
0 0.5544393657694117 0.6133949375437397 0.5616338264899567 0.6133949375437397 0.5616338264899567 0.6238487045289877 0.5544393657694117 0.6238487045289877
0 0.45590653416194704 0.6744449367375878 0.46310099488249196 0.6744449367375878 0.46310099488249196 0.6857350050816553 0.45590653416194704 0.6857350050816553
0 0.4818691532839139 0.6756993887758171 0.4900020219245301 0.6756993887758171 0.4900020219245301 0.6844805530434256 0.4818691532839139 0.6844805530434256
0 0.5068933644858096 0.6798808955699165 0.5131494172862835 0.6798808955699165 0.5131494172862835 0.6920072652728039 0.5068933644858096 0.6920072652728039
0 0.5309791677676344 0.6736086353787677 0.5378608258481558 0.6736086353787677 0.5378608258481558 0.6853168544022453 0.5309791677676344 0.6853168544022453
0 0.5538137604893643 0.6727723340199481 0.5619466291299804 0.6727723340199481 0.5619466291299804 0.6853168544022454 0.5538137604893643 0.6853168544022454
0 0.4656034160026816 0.7831641133841658 0.4749874952033926 0.7831641133841658 0.4749874952033926 0.7911089762929542 0.4656034160026816 0.7911089762929542
0 0.49125323248462477 0.7852548667812155 0.501262916965383 0.7852548667812155 0.501262916965383 0.791945277651774 0.49125323248462477 0.791945277651774
0 0.5234719044070656 0.7823278120253463 0.5287895492874685 0.7823278120253463 0.5287895492874685 0.7927815790105941 0.5234719044070656 0.7927815790105941
0 0.5463064971287955 0.7785644559106568 0.5525625499292696 0.7785644559106568 0.5525625499292696 0.7902726749341344 0.5463064971287955 0.7902726749341344
0 0.5653874581702412 0.7844185654223956 0.5728947215308097 0.7844185654223956 0.5728947215308097 0.7923634283311841 0.5653874581702412 0.7923634283311841
0 0.46091137640232627 0.8350147976309955 0.468418639762895 0.8350147976309955 0.468418639762895 0.8446322632574235 0.46091137640232627 0.8446322632574235
0 0.5165902463265443 0.8354329483104054 0.5244103123271366 0.8354329483104054 0.5244103123271366 0.8454685646162435 0.5165902463265443 0.8454685646162435
0 0.5431784707285585 0.8337603455927657 0.5481833129689377 0.8337603455927657 0.5481833129689377 0.8450504139368337 0.5431784707285585 0.8450504139368337
0 0.5625722344100278 0.8308332908368963 0.5688282872105016 0.8308332908368963 0.5688282872105016 0.842541509860374 0.5625722344100278 0.842541509860374
0 0.5829044060115681 0.8329240442339461 0.5922884852122791 0.8329240442339461 0.5922884852122791 0.8400326057839147 0.5829044060115681 0.8400326057839147
