0 0.48639854431152346 0.33192676544189453 0.4927583545446396 0.33192676544189453 0.4927583545446396 0.34170167982578276 0.48639854431152346 0.34170167982578276
0 0.15866209030151368 0.32328941345214846 0.16504574954509738 0.32328941345214846 0.16504574954509738 0.3320080327987671 0.15866209030151368 0.3320080327987671
0 0.8365679931640625 0.6977045440673828 0.8444083493947984 0.6977045440673828 0.8444083493947984 0.7069858407974243 0.8365679931640625 0.7069858407974243
0 0.5163603591918945 0.481263313293457 0.5241826766729354 0.481263313293457 0.5241826766729354 0.4906137490272522 0.5163603591918945 0.4906137490272522
0 0.49066078186035156 0.6996529388427734 0.4982625865936279 0.6996529388427734 0.4982625865936279 0.7081765145063399 0.49066078186035156 0.7081765145063399
0 0.21163066864013672 0.6970973968505858 0.21781108438968658 0.6970973968505858 0.21781108438968658 0.7054162037372588 0.21163066864013672 0.7054162037372588
0 0.4923073196411133 0.48069553375244134 0.49999565005302427 0.48069553375244134 0.49999565005302427 0.48914206385612485 0.4923073196411133 0.48914206385612485
0 0.8753621673583984 0.5427145767211914 0.8815545743703843 0.5427145767211914 0.8815545743703843 0.5502678352594376 0.8753621673583984 0.5502678352594376
0 0.5077338409423828 0.6448025512695312 0.5148465657234192 0.6448025512695312 0.5148465657234192 0.6534252297878266 0.5077338409423828 0.6534252297878266
0 0.49144351959228516 0.3747807312011719 0.4975221067667008 0.3747807312011719 0.4975221067667008 0.3833162051439285 0.49144351959228516 0.3833162051439285
0 0.46810585021972656 0.53322509765625 0.47419203698635104 0.53322509765625 0.47419203698635104 0.5422852212190629 0.46810585021972656 0.5422852212190629
0 0.8386240386962891 0.54079345703125 0.8448552429676056 0.54079345703125 0.8448552429676056 0.549076054096222 0.8386240386962891 0.549076054096222
0 0.8760842895507812 0.48935550689697266 0.8823120045661926 0.48935550689697266 0.8823120045661926 0.49722362637519835 0.8760842895507812 0.49722362637519835
0 0.5327130508422852 0.6897138977050781 0.540305717587471 0.6897138977050781 0.540305717587471 0.6998730099201201 0.5327130508422852 0.6998730099201201
0 0.19528648376464844 0.32435260772705077 0.2011651539802551 0.32435260772705077 0.2011651539802551 0.332232072353363 0.19528648376464844 0.332232072353363
0 0.20406898498535156 0.6454747009277344 0.20999499917030334 0.6454747009277344 0.20999499917030334 0.6541821330785752 0.20406898498535156 0.6541821330785752
0 0.44733959197998047 0.331414794921875 0.45452733933925626 0.331414794921875 0.45452733933925626 0.3403987234830856 0.44733959197998047 0.3403987234830856
0 0.13933517456054687 0.3248732376098633 0.14672955095767973 0.3248732376098633 0.14672955095767973 0.33348217904567723 0.13933517456054687 0.33348217904567723
0 0.8610289764404296 0.6895378112792969 0.8677253371477126 0.6895378112792969 0.8677253371477126 0.6985128253698349 0.8610289764404296 0.6985128253698349
0 0.8196213531494141 0.6331526947021484 0.8260234206914903 0.6331526947021484 0.8260234206914903 0.6424084150791168 0.8196213531494141 0.6424084150791168
0 0.795135498046875 0.6896633911132812 0.8018038254976273 0.6896633911132812 0.8018038254976273 0.6977539491653441 0.795135498046875 0.6977539491653441
0 0.21947090148925782 0.5390558242797852 0.22708820164203647 0.5390558242797852 0.22708820164203647 0.5481564271450042 0.21947090148925782 0.5481564271450042
0 0.14124892234802247 0.37734355926513674 0.14778555393218995 0.37734355926513674 0.14778555393218995 0.3849909794330597 0.14124892234802247 0.3849909794330597
0 0.7988382720947266 0.6332956314086914 0.8063270252943039 0.6332956314086914 0.8063270252943039 0.6421277821063995 0.7988382720947266 0.6421277821063995
0 0.4529421615600586 0.48196430206298835 0.459967178106308 0.48196430206298835 0.459967178106308 0.4914213913679123 0.4529421615600586 0.4914213913679123
0 0.7991591644287109 0.4926848220825195 0.8054799109697341 0.4926848220825195 0.8054799109697341 0.5011298900842667 0.7991591644287109 0.5011298900842667
0 0.862000961303711 0.4880118560791016 0.8683600914478302 0.4880118560791016 0.8683600914478302 0.4964899319410324 0.862000961303711 0.4964899319410324
0 0.20915054321289062 0.48061988830566404 0.2161568260192871 0.48061988830566404 0.2161568260192871 0.4893055784702301 0.20915054321289062 0.4893055784702301
0 0.8619168090820313 0.385367317199707 0.8675828468799591 0.385367317199707 0.8675828468799591 0.39234149277210234 0.8619168090820313 0.39234149277210234
0 0.7958403015136719 0.3829788589477539 0.8022676229476929 0.3829788589477539 0.8022676229476929 0.3914089447259903 0.7958403015136719 0.3914089447259903
0 0.13990601539611816 0.47212722778320315 0.14685692608356476 0.47212722778320315 0.14685692608356476 0.4810541331768036 0.13990601539611816 0.4810541331768036
0 0.5533492660522461 0.69907470703125 0.5597343593835831 0.69907470703125 0.5597343593835831 0.7077243059873581 0.5533492660522461 0.7077243059873581
0 0.19414045333862304 0.6971031188964842 0.1999733918905258 0.6971031188964842 0.1999733918905258 0.7053855580091476 0.19414045333862304 0.7053855580091476
0 0.5228194046020508 0.3262828826904297 0.5302148902416229 0.3262828826904297 0.5302148902416229 0.33414961874485016 0.5228194046020508 0.33414961874485016
0 0.4765508270263672 0.48769702911376955 0.4838871997594833 0.48769702911376955 0.4838871997594833 0.4963829958438873 0.4765508270263672 0.4963829958438873
0 0.8548651123046875 0.5432336044311523 0.8616846084594728 0.5432336044311523 0.8616846084594728 0.5517558753490448 0.8548651123046875 0.5517558753490448
0 0.22843486785888673 0.6493151092529297 0.23519146561622623 0.6493151092529297 0.23519146561622623 0.657788599729538 0.22843486785888673 0.657788599729538
0 0.1748044776916504 0.48218891143798825 0.1813391721248627 0.48218891143798825 0.1813391721248627 0.48998725950717925 0.1748044776916504 0.48998725950717925
0 0.5454500961303711 0.472669677734375 0.5530658876895904 0.472669677734375 0.5530658876895904 0.4819814127683639 0.5454500961303711 0.4819814127683639
0 0.1594795799255371 0.6356124496459961 0.16659677028656006 0.6356124496459961 0.16659677028656006 0.644653440117836 0.1594795799255371 0.644653440117836
0 0.5349975967407227 0.5267762756347656 0.5420457381010055 0.5267762756347656 0.5420457381010055 0.5355724930763244 0.5349975967407227 0.5355724930763244
0 0.7974383544921875 0.328786735534668 0.8051110416650772 0.328786735534668 0.8051110416650772 0.33905269861221315 0.7974383544921875 0.33905269861221315
0 0.5111136627197266 0.6982817840576172 0.5185139387845993 0.6982817840576172 0.5185139387845993 0.7076453042030335 0.5111136627197266 0.7076453042030335
0 0.46641529083251954 0.3738301849365235 0.4733231753110886 0.3738301849365235 0.4733231753110886 0.38313314437866214 0.46641529083251954 0.38313314437866214
0 0.1920270347595215 0.4833624267578125 0.19855504631996157 0.4833624267578125 0.19855504631996157 0.49247496783733363 0.1920270347595215 0.49247496783733363
0 0.14661595344543457 0.5437812805175781 0.15336529135704038 0.5437812805175781 0.15336529135704038 0.5520278656482697 0.14661595344543457 0.5520278656482697
0 0.7805010223388672 0.6336314010620118 0.7867071503400803 0.6336314010620118 0.7867071503400803 0.6416236466169357 0.7805010223388672 0.6416236466169357
0 0.22976831436157227 0.6970288848876953 0.23722496807575227 0.6970288848876953 0.23722496807575227 0.7062278002500535 0.22976831436157227 0.7062278002500535
0 0.8818842315673828 0.3368985366821289 0.888470823764801 0.3368985366821289 0.888470823764801 0.3448215639591216 0.8818842315673828 0.3448215639591216
0 0.17823911666870118 0.38088336944580076 0.18477029263973238 0.38088336944580076 0.18477029263973238 0.3898724168539047 0.17823911666870118 0.3898724168539047
0 0.8816291046142578 0.3858320617675781 0.8874560695886612 0.3858320617675781 0.8874560695886612 0.39314813733100884 0.8816291046142578 0.39314813733100884
0 0.8186371612548828 0.3818308639526367 0.824440764784813 0.3818308639526367 0.824440764784813 0.389433496594429 0.8186371612548828 0.389433496594429
0 0.7744631195068359 0.6850737762451172 0.7813094663619994 0.6850737762451172 0.7813094663619994 0.6939802443981171 0.7744631195068359 0.6939802443981171
0 0.8617945098876953 0.6296286392211914 0.8684462773799897 0.6296286392211914 0.8684462773799897 0.6386963129043579 0.8617945098876953 0.6386963129043579
0 0.16058317184448243 0.4833864974975586 0.16671618461608886 0.4833864974975586 0.16671618461608886 0.4919486153125763 0.16058317184448243 0.4919486153125763
0 0.5482621383666992 0.6400422668457031 0.5562751317024232 0.6400422668457031 0.5562751317024232 0.6488682901859283 0.5482621383666992 0.6488682901859283
0 0.44719825744628905 0.3894088745117187 0.45349907279014584 0.3894088745117187 0.45349907279014584 0.39827853977680205 0.44719825744628905 0.39827853977680205
0 0.16592771530151368 0.5355456161499024 0.1726587188243866 0.5355456161499024 0.1726587188243866 0.5433296543359757 0.16592771530151368 0.5433296543359757
0 0.8643030548095703 0.33398681640625 0.8715509796142578 0.33398681640625 0.8715509796142578 0.3439591467380524 0.8643030548095703 0.3439591467380524
0 0.17190126419067384 0.6962036132812501 0.17763534545898438 0.6962036132812501 0.17763534545898438 0.7043145686388017 0.17190126419067384 0.7043145686388017
0 0.8109736633300781 0.6923127746582032 0.8175573575496673 0.6923127746582032 0.8175573575496673 0.7009427660703659 0.8109736633300781 0.7009427660703659
0 0.19371448516845702 0.37651283264160157 0.19982205212116239 0.37651283264160157 0.19982205212116239 0.38452962636947635 0.19371448516845702 0.38452962636947635
0 0.44849605560302735 0.5305499649047851 0.4556445026397705 0.5305499649047851 0.4556445026397705 0.5390639340877532 0.44849605560302735 0.5390639340877532
0 0.2141466522216797 0.3186533546447754 0.2218978363275528 0.3186533546447754 0.2218978363275528 0.32902808547019957 0.2141466522216797 0.32902808547019957
0 0.8019979858398437 0.549369888305664 0.8086810398101807 0.549369888305664 0.8086810398101807 0.5579955315589905 0.8019979858398437 0.5579955315589905
0 0.4658882522583008 0.6893623352050782 0.4730681037902832 0.6893623352050782 0.4730681037902832 0.6991245603561402 0.4658882522583008 0.6991245603561402
0 0.5032981491088867 0.5404044342041016 0.5108867943286896 0.5404044342041016 0.5108867943286896 0.5502678972482681 0.5032981491088867 0.5502678972482681
0 0.4696242523193359 0.6421723175048828 0.4782277846336364 0.6421723175048828 0.4782277846336364 0.6520203638076782 0.4696242523193359 0.6520203638076782
0 0.5280867767333984 0.6445345306396484 0.5355101776123047 0.6445345306396484 0.5355101776123047 0.655639054775238 0.5280867767333984 0.655639054775238
0 0.15503111839294434 0.6926087951660156 0.16259566307067871 0.6926087951660156 0.16259566307067871 0.7022668182849885 0.15503111839294434 0.7022668182849885
0 0.49181446075439456 0.6418367767333985 0.49864353775978093 0.6418367767333985 0.49864353775978093 0.651874885559082 0.49181446075439456 0.651874885559082
0 0.8392999267578125 0.3367669296264648 0.847103614807129 0.3367669296264648 0.847103614807129 0.3462984150648117 0.8392999267578125 0.3462984150648117
0 0.8394174957275391 0.49260990142822264 0.8471460723876953 0.49260990142822264 0.8471460723876953 0.5015094518661499 0.8394174957275391 0.5015094518661499
0 0.8208795928955078 0.495626106262207 0.8279966354370117 0.495626106262207 0.8279966354370117 0.5056570208072663 0.8208795928955078 0.5056570208072663
0 0.8394014739990234 0.6342081832885742 0.8470422238111496 0.6342081832885742 0.8470422238111496 0.6438290870189667 0.8394014739990234 0.6438290870189667
0 0.5085182189941406 0.36889373779296875 0.5151283502578736 0.36889373779296875 0.5151283502578736 0.3791174817085266 0.5085182189941406 0.3791174817085266
0 0.8173818206787109 0.3345228576660156 0.8236155092716216 0.3345228576660156 0.8236155092716216 0.344158308506012 0.8173818206787109 0.344158308506012
0 0.18277599334716796 0.6398417663574218 0.19084231853485106 0.6398417663574218 0.19084231853485106 0.6500976884365082 0.18277599334716796 0.6500976884365082
0 0.46785072326660154 0.3294170379638672 0.47464709460735316 0.3294170379638672 0.47464709460735316 0.3384173911809921 0.46785072326660154 0.3384173911809921
0 0.8179705047607422 0.5424188995361328 0.8246459883451461 0.5424188995361328 0.8246459883451461 0.5503748559951782 0.8179705047607422 0.5503748559951782
0 0.21572263717651366 0.3707872009277344 0.22332353949546813 0.3707872009277344 0.22332353949546813 0.38073095083236697 0.21572263717651366 0.38073095083236697
0 0.17522682189941408 0.3287042236328125 0.18275925219058992 0.3287042236328125 0.18275925219058992 0.3394237208366394 0.17522682189941408 0.3394237208366394
0 0.5023891830444336 0.33013999938964844 0.5093456530570983 0.33013999938964844 0.5093456530570983 0.33857216060161593 0.5023891830444336 0.33857216060161593
0 0.15279689519085562 0.3786702351637772 0.15987468052667184 0.3786702351637772 0.15987468052667184 0.3875751720324908 0.15279689519085562 0.3875751720324908
0 0.1848550993589643 0.5356197474748542 0.19151654438090893 0.5356197474748542 0.19151654438090893 0.5445246843435677 0.1848550993589643 0.5445246843435677
0 0.1985943297167252 0.5350631889205596 0.20608845536641293 0.5350631889205596 0.20608845536641293 0.5467509185607461 0.1985943297167252 0.5467509185607461
0 0.21566428258545836 0.6474880168880687 0.222325727607403 0.6474880168880687 0.222325727607403 0.658062629419666 0.21566428258545836 0.658062629419666
0 0.48795084785744636 0.5311672790404974 0.4950286331932626 0.5311672790404974 0.4950286331932626 0.5445246843435677 0.48795084785744636 0.5445246843435677
0 0.5287521986168574 0.36586938841500144 0.5333319420694443 0.36586938841500144 0.5333319420694443 0.3781136766094827 0.5287521986168574 0.3781136766094827
0 0.8405416597871995 0.38813173058678546 0.847619445123016 0.38813173058678546 0.847619445123016 0.3981497845640882 0.8405416597871995 0.3981497845640882
