0 0.8296864318847657 0.61560302734375 0.8370862346887589 0.61560302734375 0.8370862346887589 0.6247891741991044 0.8296864318847657 0.6247891741991044
0 0.516911735534668 0.4571892166137695 0.52541135430336 0.4571892166137695 0.52541135430336 0.4675726246833801 0.516911735534668 0.4675726246833801
0 0.7809932708740235 0.6786956787109375 0.7878695434331894 0.6786956787109375 0.7878695434331894 0.6866564184427262 0.7809932708740235 0.6866564184427262
0 0.8143637084960937 0.5194029998779297 0.8226401823759079 0.5194029998779297 0.8226401823759079 0.5304927003383637 0.8143637084960937 0.5304927003383637
0 0.7907875061035157 0.6165723037719727 0.7981056332588197 0.6165723037719727 0.7981056332588197 0.6272328209877015 0.7907875061035157 0.6272328209877015
0 0.835277099609375 0.6782149505615235 0.8430531680583954 0.6782149505615235 0.8430531680583954 0.6869493025541306 0.835277099609375 0.6869493025541306
0 0.5793017578125 0.46737579345703123 0.5873703449964524 0.46737579345703123 0.5873703449964524 0.4775404393672943 0.5793017578125 0.4775404393672943
0 0.7658759307861328 0.7835147857666016 0.7742090040445327 0.7835147857666016 0.7742090040445327 0.7930245691537857 0.7658759307861328 0.7930245691537857
0 0.5474525833129883 0.46046192169189454 0.5554905939102173 0.46046192169189454 0.5554905939102173 0.4693830555677414 0.5474525833129883 0.4693830555677414
0 0.4601007080078125 0.8260169219970703 0.4676351493597031 0.8260169219970703 0.4676351493597031 0.8345148026943208 0.4601007080078125 0.8345148026943208
0 0.5071232604980469 0.8342938995361329 0.5140903168916703 0.8342938995361329 0.5140903168916703 0.8435248345136643 0.5071232604980469 0.8435248345136643
0 0.7944467163085938 0.45485774993896483 0.80351806640625 0.45485774993896483 0.80351806640625 0.46593171715736387 0.7944467163085938 0.46593171715736387
0 0.4756367874145508 0.5194732666015625 0.48264749109745025 0.5194732666015625 0.48264749109745025 0.529777535200119 0.4756367874145508 0.529777535200119
0 0.5538467407226563 0.7288877868652344 0.561799882054329 0.7288877868652344 0.561799882054329 0.7383769351243973 0.5538467407226563 0.7383769351243973
0 0.5805494689941406 0.5208866882324219 0.5882658624649048 0.5208866882324219 0.5882658624649048 0.5305591398477555 0.5805494689941406 0.5305591398477555
0 0.5377190017700195 0.8246163940429687 0.5444099807739258 0.8246163940429687 0.5444099807739258 0.8338839340209961 0.5377190017700195 0.8338839340209961
0 0.5233932495117187 0.523654556274414 0.5316823798418043 0.523654556274414 0.5316823798418043 0.5339636862277984 0.5233932495117187 0.5339636862277984
0 0.5177937698364258 0.6789292144775391 0.5258251565694809 0.6789292144775391 0.5258251565694809 0.6899890697002411 0.5177937698364258 0.6899890697002411
0 0.4537960052490234 0.782369384765625 0.46112309217453 0.782369384765625 0.46112309217453 0.791466469168663 0.4537960052490234 0.791466469168663
0 0.5783794784545898 0.823992156982422 0.586659322977066 0.823992156982422 0.586659322977066 0.8340173399448396 0.5783794784545898 0.8340173399448396
0 0.5872294616699218 0.68857177734375 0.5952684777975082 0.68857177734375 0.5952684777975082 0.6993064534664154 0.5872294616699218 0.6993064534664154
0 0.7997396850585937 0.7817594146728516 0.8077569365501405 0.7817594146728516 0.8077569365501405 0.7917830955982209 0.7997396850585937 0.7917830955982209
0 0.5136550521850586 0.6320196151733398 0.5212043082714081 0.6320196151733398 0.5212043082714081 0.6425192034244537 0.5136550521850586 0.6425192034244537
0 0.8461825561523437 0.5206848907470704 0.8545179951190948 0.5206848907470704 0.8545179951190948 0.5313241016864777 0.8461825561523437 0.5313241016864777
0 0.8986369323730469 0.6167835235595703 0.9053951567411423 0.6167835235595703 0.9053951567411423 0.624870998263359 0.8986369323730469 0.624870998263359
0 0.771624755859375 0.8482830810546874 0.7792264127731323 0.8482830810546874 0.7792264127731323 0.8577592635154724 0.771624755859375 0.8577592635154724
0 0.5416645812988281 0.6285464477539062 0.5492293924093247 0.6285464477539062 0.5492293924093247 0.6385894584655761 0.5416645812988281 0.6385894584655761
0 0.9009129333496094 0.468847770690918 0.908361470103264 0.468847770690918 0.908361470103264 0.4779880225658417 0.9009129333496094 0.4779880225658417
0 0.5456476593017578 0.7711350250244141 0.5527891272306443 0.7711350250244141 0.5527891272306443 0.7796612882614137 0.5456476593017578 0.7796612882614137
0 0.8080277252197265 0.614908447265625 0.815515946149826 0.614908447265625 0.815515946149826 0.6248287552595139 0.8080277252197265 0.6248287552595139
0 0.9130561828613282 0.7719445037841797 0.9196459686756134 0.7719445037841797 0.9196459686756134 0.780073327422142 0.9130561828613282 0.780073327422142
0 0.45098854064941407 0.4598521041870117 0.45859622955322266 0.4598521041870117 0.45859622955322266 0.4693800717592239 0.45098854064941407 0.4693800717592239
0 0.5978605651855469 0.6291477584838867 0.6046123427152633 0.6291477584838867 0.6046123427152633 0.6376670253276825 0.5978605651855469 0.6376670253276825
0 0.4997462844848633 0.5169282150268555 0.5071331942081451 0.5169282150268555 0.5071331942081451 0.5272764015197754 0.4997462844848633 0.5272764015197754
0 0.9155988311767578 0.678686752319336 0.922169691324234 0.678686752319336 0.922169691324234 0.687055447101593 0.9155988311767578 0.687055447101593
0 0.8180119323730469 0.8388463592529297 0.8253761905431748 0.8388463592529297 0.8253761905431748 0.8482577115297316 0.8180119323730469 0.8482577115297316
0 0.80953369140625 0.6812725830078125 0.8173917311429976 0.6812725830078125 0.8173917311429976 0.6911247009038926 0.80953369140625 0.6911247009038926
0 0.7687826538085938 0.6787982940673827 0.7750699847936632 0.6787982940673827 0.7750699847936632 0.6875382596254347 0.7687826538085938 0.6875382596254347
0 0.4886798095703125 0.46067630767822265 0.49587276160717014 0.46067630767822265 0.49587276160717014 0.47008070230484006 0.4886798095703125 0.47008070230484006
0 0.9090105438232422 0.5237413024902344 0.9162106812000275 0.5237413024902344 0.9162106812000275 0.5331216233968735 0.9090105438232422 0.5331216233968735
0 0.48930252075195313 0.7793476104736328 0.4969057148694992 0.7793476104736328 0.4969057148694992 0.7880670201778411 0.48930252075195313 0.7880670201778411
0 0.8490168762207031 0.6098178100585937 0.855199110507965 0.6098178100585937 0.855199110507965 0.6185074138641357 0.8490168762207031 0.6185074138641357
0 0.9171054077148437 0.8224910736083986 0.9243997001647949 0.8224910736083986 0.9243997001647949 0.8314342260360719 0.9171054077148437 0.8314342260360719
0 0.548047103881836 0.5148603820800781 0.5562384122610093 0.5148603820800781 0.5562384122610093 0.5253502464294434 0.548047103881836 0.5253502464294434
0 0.7760957336425781 0.5146157836914063 0.7846001428365708 0.5146157836914063 0.7846001428365708 0.5247942662239075 0.7760957336425781 0.5247942662239075
0 0.8908462524414062 0.6572727203369141 0.8979015499353409 0.6572727203369141 0.8979015499353409 0.6657626551389694 0.8908462524414062 0.6657626551389694
0 0.8507588195800782 0.7776970672607422 0.8572461706399918 0.7776970672607422 0.8572461706399918 0.7858891397714614 0.8507588195800782 0.7858891397714614
0 0.43686805725097655 0.8283313751220704 0.44560998320579526 0.8283313751220704 0.44560998320579526 0.8376939469575883 0.43686805725097655 0.8376939469575883
0 0.8343058776855469 0.471823501586914 0.8423081660270691 0.471823501586914 0.8423081660270691 0.48126564800739285 0.8343058776855469 0.48126564800739285
0 0.4812043380737305 0.629586181640625 0.48937494635581974 0.629586181640625 0.48937494635581974 0.6385293340682983 0.4812043380737305 0.6385293340682983
0 0.6030723190307617 0.5150273132324219 0.6112434005737305 0.5150273132324219 0.6112434005737305 0.5262354075908662 0.6030723190307617 0.5262354075908662
0 0.44406684875488284 0.6185937118530274 0.451838510632515 0.6185937118530274 0.451838510632515 0.6278987663984299 0.44406684875488284 0.6278987663984299
0 0.8788031005859375 0.7765644073486329 0.8843658757209778 0.7765644073486329 0.8843658757209778 0.7839235711097717 0.8788031005859375 0.7839235711097717
0 0.8835712432861328 0.5146815872192383 0.890778123140335 0.5146815872192383 0.890778123140335 0.5237094932794572 0.8835712432861328 0.5237094932794572
0 0.44802703857421877 0.5186672210693359 0.4556269800662995 0.5186672210693359 0.4556269800662995 0.5274635964632034 0.44802703857421877 0.5274635964632034
0 0.4829540252685547 0.8300133514404296 0.49048172414302826 0.8300133514404296 0.49048172414302826 0.8398015880584717 0.4829540252685547 0.8398015880584717
0 0.552890396118164 0.8282252502441406 0.5603772568702697 0.8282252502441406 0.5603772568702697 0.839215452671051 0.552890396118164 0.839215452671051
0 0.8608444213867188 0.6691199493408203 0.8688793563842773 0.6691199493408203 0.8688793563842773 0.6783722305297851 0.8608444213867188 0.6783722305297851
0 0.6137581764391739 0.4577755721613315 0.6265036024677235 0.4577755721613315 0.6265036024677235 0.4711096020051214 0.6137581764391739 0.4711096020051214
0 0.8747623355455569 0.4570347927255654 0.8841828678275283 0.4570347927255654 0.8841828678275283 0.4681464842620571 0.8747623355455569 0.4681464842620571
0 0.4757750859561815 0.6644530347400768 0.4851956182381529 0.6644530347400768 0.4851956182381529 0.67334238796927 0.4757750859561815 0.67334238796927
0 0.47743753282947055 0.680750182326931 0.48464146928038987 0.680750182326931 0.48464146928038987 0.6918618738634228 0.47743753282947055 0.6918618738634228
0 0.8537046751505621 0.8244352737234313 0.8642335053480596 0.8244352737234313 0.8642335053480596 0.8355469652599229 0.8537046751505621 0.8355469652599229
0 0.873654037630031 0.6881318575424668 0.8852911657430543 0.6881318575424668 0.8852911657430543 0.7022066668220229 0.873654037630031 0.7022066668220229
0 0.7628242460774267 0.6259063849381133 0.7700281825283459 0.6259063849381133 0.7700281825283459 0.642203532524968 0.7628242460774267 0.642203532524968
0 0.874208186587794 0.6155354728373879 0.8836287188697654 0.6155354728373879 0.8836287188697654 0.6273879438096457 0.874208186587794 0.6273879438096457
0 0.9196484011243617 0.6081276784797268 0.9290689334063332 0.6081276784797268 0.9290689334063332 0.622202487759283 0.9196484011243617 0.622202487759283
