0 0.44417452706495425 0.15377503779820076 0.45168179042552287 0.15377503779820076 0.45168179042552287 0.16171990070698916 0.44417452706495425 0.16171990070698916
0 0.48296205442789275 0.1521024350805611 0.4885925019483193 0.1521024350805611 0.4885925019483193 0.15837469527170986 0.48296205442789275 0.15837469527170986
0 0.5036070286694568 0.15293873643938094 0.510488686749978 0.15293873643938094 0.510488686749978 0.16130175002757932 0.5036070286694568 0.16130175002757932
0 0.5433329639524662 0.15628394187466027 0.5517786352331061 0.15628394187466027 0.5517786352331061 0.16506510614226858 0.5433329639524662 0.16506510614226858
0 0.4432361191448832 0.2010260645715213 0.450743382505452 0.2010260645715213 0.450743382505452 0.21315243427440891 0.4432361191448832 0.21315243427440891
0 0.4810852385877505 0.20228051660975113 0.48921810722836667 0.20228051660975113 0.48921810722836667 0.21357058495381884 0.4810852385877505 0.21357058495381884
0 0.5111142920300256 0.20395311932739077 0.5186215553905943 0.20395311932739077 0.5186215553905943 0.21357058495381886 0.5111142920300256 0.21357058495381886
0 0.5470865956327506 0.2052075713656205 0.5549066616333431 0.2052075713656205 0.5549066616333431 0.21524318767145853 0.5470865956327506 0.21524318767145853
0 0.5818076886753811 0.20437127000680066 0.5886893467559023 0.20437127000680066 0.5886893467559023 0.2144068863126387 0.5818076886753811 0.2144068863126387
0 0.445425737625049 0.30430928238577076 0.45136898778549933 0.30430928238577076 0.45136898778549933 0.3160175014092484 0.445425737625049 0.3160175014092484
0 0.44448732970497795 0.3507240078002716 0.45136898778549933 0.3507240078002716 0.45136898778549933 0.3628503775031591 0.44448732970497795 0.3628503775031591
0 0.46919873826685005 0.34612435032676236 0.4767060016274187 0.34612435032676236 0.4767060016274187 0.3569962679914202 0.46919873826685005 0.3569962679914202
0 0.4792084227476083 0.29301921404170306 0.4885925019483193 0.29301921404170306 0.4885925019483193 0.30472743306518074 0.4792084227476083 0.30472743306518074
0 0.5032942260294331 0.34528804896794263 0.5098630814699306 0.34528804896794263 0.5098630814699306 0.35741441867083024 0.5032942260294331 0.35741441867083024
0 0.5298824504314473 0.34737880236499225 0.5355128979518738 0.34737880236499225 0.5355128979518738 0.3595051720678797 0.5298824504314473 0.3595051720678797
0 0.5530298457932009 0.3540692132355508 0.5617883197138644 0.3540692132355508 0.5617883197138644 0.3649411309002085 0.5530298457932009 0.3649411309002085
0 0.5201855685907127 0.30598188510341046 0.5295696477914236 0.30598188510341046 0.5295696477914236 0.3151812000504285 0.5201855685907127 0.3151812000504285
0 0.5448969771525848 0.29929147423285174 0.550840227313035 0.29929147423285174 0.550840227313035 0.3122541452945592 0.5448969771525848 0.3122541452945592
0 0.5661675566741962 0.2900921592858336 0.5724236094746701 0.2900921592858336 0.5724236094746701 0.30138222762990136 0.5661675566741962 0.30138222762990136
0 0.45230739570557044 0.45777058172921004 0.45950185642611546 0.45777058172921004 0.45950185642611546 0.46738804735563816 0.45230739570557044 0.46738804735563816
0 0.4763931989873951 0.4573524310498002 0.4860900808281297 0.4573524310498002 0.4860900808281297 0.467806198035048 0.4763931989873951 0.467806198035048
0 0.5042326339495041 0.46111578716448937 0.5133039105101914 0.46111578716448937 0.5133039105101914 0.472824006187967 0.5042326339495041 0.472824006187967
0 0.5423945560323952 0.4598613351262596 0.5508402273130348 0.4598613351262596 0.5508402273130348 0.4715695541497373 0.5423945560323952 0.4715695541497373
0 0.5802436754752626 0.46111578716448937 0.5893149520359499 0.46111578716448937 0.5893149520359499 0.4715695541497373 0.5802436754752626 0.4715695541497373
0 0.4526201983455941 0.5167298275260083 0.46200427754630496 0.5167298275260083 0.46200427754630496 0.5259291424730266 0.4526201983455941 0.5259291424730266
0 0.4839004623479638 0.5209113343201074 0.49203333098857993 0.5209113343201074 0.49203333098857993 0.5326195533435851 0.4839004623479638 0.5326195533435851
0 0.5173703448304995 0.5167298275260083 0.5245648055510445 0.5167298275260083 0.5245648055510445 0.527601745190666 0.5173703448304995 0.527601745190666
0 0.5542810563532957 0.5100394166554496 0.5627267276339356 0.5100394166554496 0.5627267276339356 0.518402430243648 0.5542810563532957 0.518402430243648
0 0.577741254355073 0.5079486632584 0.5858741229956892 0.5079486632584 0.5858741229956892 0.5192387316024677 0.577741254355073 0.5192387316024677
0 0.45887625114606806 0.6187585933020279 0.46919873826685005 0.6187585933020279 0.46919873826685005 0.6267034562108164 0.45887625114606806 0.6267034562108164
0 0.48859250194831927 0.6212674973784874 0.49766377850900645 0.6212674973784874 0.49766377850900645 0.6296305109666858 0.48859250194831927 0.6296305109666858
0 0.5179959501105468 0.6208493466990775 0.5236263976309734 0.6208493466990775 0.5236263976309734 0.6313031136843255 0.5179959501105468 0.6313031136843255
0 0.557096280113509 0.623358250775537 0.5633523329139829 0.623358250775537 0.5633523329139829 0.633393867081375 0.557096280113509 0.633393867081375
0 0.5899405573159971 0.6229401000961271 0.5971350180365422 0.6229401000961271 0.5971350180365422 0.6296305109666858 0.5899405573159971 0.6296305109666858
0 0.45105618514547563 0.6693548255106279 0.45918905378609165 0.6693548255106279 0.45918905378609165 0.6793904418164659 0.45105618514547563 0.6793904418164659
0 0.4839004623479638 0.6873353047252543 0.4901565151484378 0.6873353047252543 0.4901565151484378 0.6990435237487318 0.4839004623479638 0.6990435237487318
0 0.5133039105101914 0.6772996884194162 0.5208111738707601 0.6772996884194162 0.5208111738707601 0.6860808526870243 0.5133039105101914 0.6860808526870243
0 0.5433329639524663 0.6881716060840742 0.5502146220329877 0.6881716060840742 0.5502146220329877 0.6969527703516822 0.5433329639524663 0.6969527703516822
0 0.5811820833953336 0.6856627020076147 0.5880637414758552 0.6856627020076147 0.5880637414758552 0.6986253730693219 0.5811820833953336 0.6986253730693219
0 0.7888582179840042 0.29385551540052274 0.7960526787045492 0.29385551540052274 0.7960526787045492 0.30054592627108145 0.7888582179840042 0.30054592627108145
0 0.8129440212658288 0.2892558579270137 0.8217024951864925 0.2892558579270137 0.8217024951864925 0.30012777559167153 0.8129440212658288 0.30012777559167153
0 0.8410962588679617 0.2934373647211128 0.8476651143084596 0.2934373647211128 0.8476651143084596 0.3038911317063608 0.8410962588679617 0.3038911317063608
0 0.8764429571906396 0.2997096249122616 0.8845758258312557 0.2997096249122616 0.8845758258312557 0.30765448782105004 0.8764429571906396 0.30765448782105004
0 0.7885454153439807 0.34445174760912267 0.7960526787045493 0.34445174760912267 0.7960526787045493 0.3519784598385012 0.7885454153439807 0.3519784598385012
0 0.8220152978265162 0.34612435032676236 0.8282713506269901 0.34612435032676236 0.8282713506269901 0.3586688707090598 0.8220152978265162 0.3586688707090598
0 0.8570491935091702 0.35281476119732097 0.8626796410295967 0.35281476119732097 0.8626796410295967 0.36075962410610934 0.8570491935091702 0.36075962410610934
0 0.8855142337513269 0.3603414734266995 0.8917702865518008 0.3603414734266995 0.8917702865518008 0.37246784312958714 0.8855142337513269 0.37246784312958714
0 0.898651944632322 0.35281476119732097 0.9061592079928907 0.35281476119732097 0.9061592079928907 0.3611777747855192 0.898651944632322 0.3611777747855192
0 0.772592480702772 0.45526167765275055 0.7785357308632223 0.45526167765275055 0.7785357308632223 0.4648791432791787 0.772592480702772 0.4648791432791787
0 0.7994935077448101 0.4481531161027819 0.8060623631853077 0.4481531161027819 0.8060623631853077 0.46069763648507944 0.7994935077448101 0.46069763648507944
0 0.8260817321468242 0.4560979790115704 0.8335889955073928 0.4560979790115704 0.8335889955073928 0.4665517459968183 0.8260817321468242 0.4665517459968183
0 0.8608028251894546 0.4573524310498002 0.8683100885500233 0.4573524310498002 0.8683100885500233 0.46446099259976886 0.8608028251894546 0.46446099259976886
0 0.8855142337513269 0.45275277357629107 0.894585510312014 0.45275277357629107 0.894585510312014 0.46278838988212906 0.8855142337513269 0.46278838988212906
0 0.7719668754227247 0.513384622090729 0.7804125467033644 0.513384622090729 0.7804125467033644 0.5217476356789272 0.7719668754227247 0.5217476356789272
0 0.8007447183049048 0.513384622090729 0.8082519816654734 0.513384622090729 0.8082519816654734 0.5238383890759769 0.8007447183049048 0.5238383890759769
0 0.8307737717471797 0.512966471411319 0.8364042192676063 0.512966471411319 0.8364042192676063 0.5230020877171571 0.8307737717471797 0.5230020877171571
0 0.8598644172693836 0.5037671564643009 0.8648692595097627 0.5037671564643009 0.8648692595097627 0.512966471411319 0.8598644172693836 0.512966471411319
0 0.8923958918318481 0.5062760605407604 0.8992775499123694 0.5062760605407604 0.8992775499123694 0.5138027727701389 0.8923958918318481 0.5138027727701389
0 0.7744692965429142 0.613740785149109 0.7810381519834118 0.613740785149109 0.7810381519834118 0.623776401454947 0.7744692965429142 0.623776401454947
0 0.8051239552652365 0.6149952371873387 0.8126312186258051 0.6149952371873387 0.8126312186258051 0.6237764014549468 0.8051239552652365 0.6237764014549468
0 0.772592480702772 0.6672640721135782 0.7788485335032459 0.6672640721135782 0.7788485335032459 0.6798085924958758 0.772592480702772 0.6798085924958758
0 0.8733149307904026 0.6149952371873387 0.8789453783108291 0.6149952371873387 0.8789453783108291 0.6229401000961271 0.8733149307904026 0.6229401000961271
0 0.9130408660734122 0.6087229769961899 0.918358510953815 0.6087229769961899 0.918358510953815 0.6175041412637982 0.9130408660734122 0.6175041412637982
0 0.8051239552652365 0.6651733187165287 0.8123184159857817 0.6651733187165287 0.8123184159857817 0.6764633870605964 0.8051239552652365 0.6764633870605964
0 0.8476651143084595 0.6735363323047271 0.8548595750290043 0.6735363323047271 0.8548595750290043 0.6802267431752858 0.8476651143084595 0.6802267431752858
0 0.8811349967909949 0.664337017357709 0.8898934707116586 0.664337017357709 0.8898934707116586 0.6710274282282677 0.8811349967909949 0.6710274282282677
0 0.9167944977536965 0.6593192092047899 0.9224249452741231 0.6593192092047899 0.9224249452741231 0.669772976190038 0.9167944977536965 0.669772976190038
