0 0.48639892578125 0.33192935943603513 0.4927625507116318 0.33192935943603513 0.4927625507116318 0.3417153030633926 0.48639892578125 0.3417153030633926
0 0.15865639686584473 0.32327091217041015 0.16506633043289184 0.32327091217041015 0.16506633043289184 0.3320197719335556 0.15865639686584473 0.3320197719335556
0 0.8365740966796875 0.6977045440673828 0.8444053447246552 0.6977045440673828 0.8444053447246552 0.7069654428958893 0.8365740966796875 0.7069654428958893
0 0.5163618469238281 0.4812720108032227 0.5241903156042099 0.4812720108032227 0.5241903156042099 0.4906114965677262 0.5163618469238281 0.4906114965677262
0 0.4906602478027344 0.6996511077880859 0.49825909495353704 0.6996511077880859 0.49825909495353704 0.7081711256504057 0.4906602478027344 0.7081711256504057
0 0.21158832550048828 0.6971080780029297 0.21778887927532198 0.6971080780029297 0.21778887927532198 0.7054302054643632 0.21158832550048828 0.7054302054643632
0 0.4923082733154297 0.4806896591186523 0.5000139027833939 0.4806896591186523 0.5000139027833939 0.48914804875850676 0.4923082733154297 0.48914804875850676
0 0.8753616333007812 0.5427062606811524 0.8815513789653777 0.5427062606811524 0.8815513789653777 0.5502575826644898 0.8753616333007812 0.5502575826644898
0 0.5077412033081055 0.6447953033447266 0.514856885075569 0.6447953033447266 0.514856885075569 0.6534199976921081 0.5077412033081055 0.6534199976921081
0 0.4914479446411133 0.37478199005126955 0.4975189316272736 0.37478199005126955 0.4975189316272736 0.3833024424314499 0.4914479446411133 0.3833024424314499
0 0.46810203552246094 0.5332239532470703 0.4741863596439362 0.5332239532470703 0.4741863596439362 0.5422960150241851 0.46810203552246094 0.5422960150241851
0 0.8386261749267578 0.5407696151733399 0.844877073764801 0.5407696151733399 0.844877073764801 0.5490659296512604 0.8386261749267578 0.5490659296512604
0 0.8760680389404297 0.48935440063476565 0.8823037379980088 0.48935440063476565 0.8823037379980088 0.4972410994768143 0.8760680389404297 0.4972410994768143
0 0.5327221298217774 0.6897161102294922 0.5403120762109757 0.6897161102294922 0.5403120762109757 0.6998803615570068 0.5327221298217774 0.6998803615570068
0 0.19529224395751954 0.3243622589111328 0.20115944027900698 0.3243622589111328 0.20115944027900698 0.3322332441806793 0.19529224395751954 0.3322332441806793
0 0.4473068618774414 0.3314103698730469 0.4545052546262741 0.3314103698730469 0.4545052546262741 0.34040769875049587 0.4473068618774414 0.34040769875049587
0 0.20407636642456053 0.6454674530029297 0.20999829947948453 0.6454674530029297 0.20999829947948453 0.6541615235805512 0.20407636642456053 0.6541615235805512
0 0.13932506561279298 0.32483806610107424 0.1467435282468796 0.32483806610107424 0.1467435282468796 0.33347046911716466 0.13932506561279298 0.33347046911716466
0 0.8610279846191407 0.6895285797119141 0.8677265930175782 0.6895285797119141 0.8677265930175782 0.6985224103927612 0.8610279846191407 0.6985224103927612
0 0.8196003723144532 0.6331474304199218 0.826010719537735 0.6331474304199218 0.826010719537735 0.6424013328552246 0.8196003723144532 0.6424013328552246
0 0.7951396942138672 0.6896633911132812 0.8017989134788515 0.6896633911132812 0.8017989134788515 0.6977472287416456 0.7951396942138672 0.6977472287416456
0 0.21945871353149415 0.5390371322631836 0.22708976387977603 0.5390371322631836 0.22708976387977603 0.5481533497571945 0.21945871353149415 0.5481533497571945
0 0.1412491512298584 0.37736820220947265 0.1477863597869873 0.37736820220947265 0.1477863597869873 0.3850025379657745 0.1412491512298584 0.3850025379657745
0 0.798819580078125 0.6333021545410156 0.8063204574584961 0.6333021545410156 0.8063204574584961 0.642128455042839 0.798819580078125 0.642128455042839
0 0.452943115234375 0.4819563674926758 0.45996712625026703 0.4819563674926758 0.45996712625026703 0.4914126265048981 0.452943115234375 0.4914126265048981
0 0.7991626739501954 0.4926922607421875 0.8054781568050385 0.4926922607421875 0.8054781568050385 0.5011400562524796 0.7991626739501954 0.5011400562524796
0 0.8620034027099609 0.48800392150878913 0.8683601075410843 0.48800392150878913 0.8683601075410843 0.4964903384447098 0.8620034027099609 0.4964903384447098
0 0.20915046691894532 0.48061649322509764 0.21616020977497102 0.48061649322509764 0.21616020977497102 0.4893057805299759 0.20915046691894532 0.4893057805299759
0 0.7958413696289063 0.3829839706420898 0.802274723649025 0.3829839706420898 0.802274723649025 0.3914163887500762 0.7958413696289063 0.3914163887500762
0 0.8619480133056641 0.3853329849243164 0.8676085507869721 0.3853329849243164 0.8676085507869721 0.39230708181858065 0.8619480133056641 0.39230708181858065
0 0.1399102783203125 0.4721124649047851 0.14686396896839143 0.4721124649047851 0.14686396896839143 0.4810400027036667 0.1399102783203125 0.4810400027036667
0 0.5533458709716796 0.6990711975097655 0.5597363466024399 0.6990711975097655 0.5597363466024399 0.7077249073982239 0.5533458709716796 0.7077249073982239
0 0.19415842056274413 0.6970915222167968 0.1999846017360687 0.6970915222167968 0.1999846017360687 0.7053752261400222 0.19415842056274413 0.7053752261400222
0 0.5228038406372071 0.3262828063964844 0.5301898044347765 0.3262828063964844 0.5301898044347765 0.3341710865497589 0.5228038406372071 0.3341710865497589
0 0.47654735565185546 0.4876900863647461 0.4838975083827972 0.4876900863647461 0.4838975083827972 0.4963776344060898 0.47654735565185546 0.4963776344060898
0 0.8548656463623047 0.5432454681396485 0.8616736686229706 0.5432454681396485 0.8616736686229706 0.5517527174949647 0.8548656463623047 0.5517527174949647
0 0.22842771530151368 0.6493152618408203 0.2351694828271866 0.6493152618408203 0.2351694828271866 0.6577843248844147 0.22842771530151368 0.6577843248844147
0 0.17481075286865233 0.4822048568725586 0.18132839977741239 0.4822048568725586 0.18132839977741239 0.4899847048521042 0.17481075286865233 0.4899847048521042
0 0.545450325012207 0.47266895294189454 0.5530638694763184 0.47266895294189454 0.5530638694763184 0.4819746398925781 0.545450325012207 0.4819746398925781
0 0.1594811725616455 0.635631332397461 0.16658372461795806 0.635631332397461 0.16658372461795806 0.6446500277519226 0.1594811725616455 0.6446500277519226
0 0.5349934005737305 0.5267613220214844 0.5420436710119247 0.5267613220214844 0.5420436710119247 0.535564061999321 0.5349934005737305 0.535564061999321
0 0.7974393463134766 0.32878013610839846 0.8051213186979295 0.32878013610839846 0.8051213186979295 0.3390533924102783 0.7974393463134766 0.3390533924102783
0 0.5111127090454102 0.6982881164550782 0.5185170066356659 0.6982881164550782 0.5185170066356659 0.7076519531011581 0.5111127090454102 0.7076519531011581
0 0.46641304016113283 0.3738172531127929 0.47331394553184514 0.3738172531127929 0.47331394553184514 0.3831330996751785 0.46641304016113283 0.3831330996751785
0 0.19202016830444335 0.48336212158203123 0.19855078220367428 0.48336212158203123 0.19855078220367428 0.49247897148132325 0.19202016830444335 0.49247897148132325
0 0.14661198616027832 0.5437673187255859 0.15337835729122162 0.5437673187255859 0.15337835729122162 0.5520354080200195 0.14661198616027832 0.5520354080200195
0 0.7804790496826172 0.6336038208007813 0.7866886669397353 0.6336038208007813 0.7866886669397353 0.641619349718094 0.7804790496826172 0.641619349718094
0 0.22977468490600586 0.6970168304443359 0.23724667131900787 0.6970168304443359 0.23724667131900787 0.706232743859291 0.22977468490600586 0.706232743859291
0 0.8818689727783203 0.3368950271606445 0.8884688723087311 0.3368950271606445 0.8884688723087311 0.34481702685356136 0.8818689727783203 0.34481702685356136
0 0.17823596954345702 0.3808781814575195 0.18477098941802977 0.3808781814575195 0.18477098941802977 0.38987145900726317 0.17823596954345702 0.38987145900726317
0 0.8816539764404296 0.3858075332641602 0.8874691128730774 0.3858075332641602 0.8874691128730774 0.39312522947788237 0.8816539764404296 0.39312522947788237
0 0.8186316680908203 0.3818180847167969 0.8244365727901458 0.3818180847167969 0.8244365727901458 0.3894234049320221 0.8186316680908203 0.3894234049320221
0 0.8617919158935546 0.6296146011352539 0.8684488880634307 0.6296146011352539 0.8684488880634307 0.6386999845504762 0.8617919158935546 0.6386999845504762
0 0.7744741821289063 0.6851028442382814 0.781314910054207 0.6851028442382814 0.781314910054207 0.6939859104156495 0.7744741821289063 0.6939859104156495
0 0.4472108459472656 0.38940021514892575 0.4534972894191742 0.38940021514892575 0.4534972894191742 0.39825770497322077 0.4472108459472656 0.39825770497322077
0 0.160582275390625 0.4833919525146485 0.16672716140747068 0.4833919525146485 0.16672716140747068 0.49196897327899936 0.160582275390625 0.49196897327899936
0 0.5482619094848633 0.6400460815429687 0.5562681013345719 0.6400460815429687 0.5562681013345719 0.6488606411218643 0.5482619094848633 0.6488606411218643
0 0.16593711853027343 0.5355519485473633 0.17266809284687043 0.5355519485473633 0.17266809284687043 0.5433438926935196 0.16593711853027343 0.5433438926935196
0 0.8643065643310547 0.3339888000488281 0.8715509408712387 0.3339888000488281 0.8715509408712387 0.3439472943544387 0.8643065643310547 0.3439472943544387
0 0.8109849548339844 0.692292709350586 0.8175614929199219 0.692292709350586 0.8175614929199219 0.7008682280778886 0.8109849548339844 0.7008682280778886
0 0.1718963050842285 0.6961785888671875 0.17764768600463865 0.6961785888671875 0.17764768600463865 0.7043144488334656 0.1718963050842285 0.7043144488334656
0 0.19371091842651367 0.3765155792236329 0.19982660293579102 0.3765155792236329 0.19982660293579102 0.38453810513019565 0.19371091842651367 0.38453810513019565
0 0.44851207733154297 0.5305203247070313 0.45567131757736207 0.5305203247070313 0.45567131757736207 0.53904516518116 0.44851207733154297 0.53904516518116
0 0.2141499137878418 0.318628101348877 0.2219132512807846 0.318628101348877 0.2219132512807846 0.3290435099601746 0.2141499137878418 0.3290435099601746
0 0.8019967651367188 0.5493611526489258 0.8086799967288971 0.5493611526489258 0.8086799967288971 0.5579807871580124 0.8019967651367188 0.5579807871580124
0 0.46591270446777344 0.6893659973144531 0.47306490719318395 0.6893659973144531 0.47306490719318395 0.6991113829612733 0.46591270446777344 0.6991113829612733
0 0.5032980346679687 0.5403954696655273 0.510883131623268 0.5403954696655273 0.510883131623268 0.5502531611919403 0.5032980346679687 0.5502531611919403
0 0.46962684631347656 0.6421753692626954 0.4782312655448913 0.6421753692626954 0.4782312655448913 0.6520190274715424 0.46962684631347656 0.6520190274715424
0 0.5280878829956055 0.644539566040039 0.5355088591575623 0.644539566040039 0.5355088591575623 0.655654764175415 0.5280878829956055 0.655654764175415
0 0.15502049446105956 0.6926023864746094 0.16260017991065978 0.6926023864746094 0.16260017991065978 0.7022621488571167 0.15502049446105956 0.7022621488571167
0 0.49181434631347654 0.6418379974365235 0.49863910615444185 0.6418379974365235 0.49863910615444185 0.6518757116794587 0.49181434631347654 0.6518757116794587
0 0.8393013000488281 0.33676990509033206 0.8471061706542968 0.33676990509033206 0.8471061706542968 0.34631111502647405 0.8393013000488281 0.34631111502647405
0 0.82087890625 0.49562778472900393 0.827995593547821 0.49562778472900393 0.827995593547821 0.5056577503681183 0.82087890625 0.5056577503681183
0 0.8394195556640625 0.49259147644042967 0.8471524494886398 0.49259147644042967 0.8471524494886398 0.5015145474672318 0.8394195556640625 0.5015145474672318
0 0.8394047546386719 0.6342342376708985 0.8470305413007738 0.6342342376708985 0.8470305413007738 0.6438292491436005 0.8394047546386719 0.6438292491436005
0 0.5085102462768555 0.36888526916503905 0.5151313781738281 0.36888526916503905 0.5151313781738281 0.37910391449928277 0.5085102462768555 0.37910391449928277
0 0.8173732757568359 0.33451671600341804 0.8236083835363388 0.33451671600341804 0.8236083835363388 0.34415671288967137 0.8173732757568359 0.34415671288967137
0 0.18278036117553711 0.639838981628418 0.19084832787513734 0.639838981628418 0.19084832787513734 0.6501084625720979 0.18278036117553711 0.6501084625720979
0 0.4678363800048828 0.3294026184082031 0.4746453481912613 0.3294026184082031 0.4746453481912613 0.3384166097640991 0.4678363800048828 0.3384166097640991
0 0.8179582214355469 0.5424130630493164 0.8246494960784911 0.5424130630493164 0.8246494960784911 0.5503862154483795 0.8179582214355469 0.5503862154483795
0 0.17522737503051758 0.3287067031860352 0.18276285111904145 0.3287067031860352 0.18276285111904145 0.33942610144615176 0.17522737503051758 0.33942610144615176
0 0.21570516586303712 0.37077285766601564 0.22332523047924044 0.37077285766601564 0.22332523047924044 0.3807352262735367 0.21570516586303712 0.3807352262735367
0 0.5023978805541992 0.33013320922851563 0.509345656633377 0.33013320922851563 0.509345656633377 0.33857080578804016 0.5023978805541992 0.33857080578804016
0 0.15279689519085562 0.3797833522723665 0.16029102084054342 0.3797833522723665 0.16029102084054342 0.3875751720324908 0.15279689519085562 0.3875751720324908
0 0.1848550993589643 0.5350631889205596 0.19234922500865204 0.5350631889205596 0.19234922500865204 0.545637801452157 0.1848550993589643 0.545637801452157
0 0.19901067003059672 0.5367328645834434 0.20567211505254138 0.5367328645834434 0.20567211505254138 0.5473074771150409 0.19901067003059672 0.5473074771150409
0 0.21524794227158683 0.6458183412251848 0.2227420679212746 0.6458183412251848 0.2227420679212746 0.6586191879739606 0.21524794227158683 0.6586191879739606
0 0.48753450754357486 0.5311672790404974 0.4937796122516479 0.5311672790404974 0.4937796122516479 0.5450812428978623 0.48753450754357486 0.5450812428978623
0 0.5283358583029859 0.3653128298607068 0.5345809630110591 0.3653128298607068 0.5345809630110591 0.3775571180551881 0.5283358583029859 0.3775571180551881
0 0.8388762985317135 0.38813173058678546 0.8476194451230159 0.38813173058678546 0.8476194451230159 0.39759322600979363 0.8388762985317135 0.39759322600979363
