0 0.7654501342773438 0.8348469543457031 0.7732876515388489 0.8348469543457031 0.7732876515388489 0.8435462826490401 0.7654501342773438 0.8435462826490401
0 0.5938972854614257 0.6367458724975585 0.602376914024353 0.6367458724975585 0.602376914024353 0.6462703609466552 0.5938972854614257 0.6462703609466552
0 0.490167121887207 0.6350347518920898 0.49879442930221557 0.6350347518920898 0.49879442930221557 0.6453759419918059 0.490167121887207 0.6453759419918059
0 0.797509536743164 0.8343783569335937 0.8049525135755539 0.8343783569335937 0.8049525135755539 0.8434266608953477 0.797509536743164 0.8434266608953477
0 0.5239131546020508 0.8355049896240234 0.5318842160701752 0.8355049896240234 0.5318842160701752 0.8450600749254226 0.5239131546020508 0.8450600749254226
0 0.5609064483642578 0.689872817993164 0.5690038973093033 0.689872817993164 0.5690038973093033 0.6997937977313995 0.5609064483642578 0.6997937977313995
0 0.5838331604003906 0.32015884399414063 0.5917031472921371 0.32015884399414063 0.5917031472921371 0.33116045117378234 0.5838331604003906 0.33116045117378234
0 0.4849553680419922 0.68941162109375 0.49380540668964384 0.68941162109375 0.49380540668964384 0.6995289099216461 0.4849553680419922 0.6995289099216461
0 0.5373640060424805 0.4701339721679688 0.5455260390043258 0.4701339721679688 0.5455260390043258 0.4787171202898026 0.5373640060424805 0.4787171202898026
0 0.5611617660522461 0.63690673828125 0.5697409904003143 0.63690673828125 0.5697409904003143 0.6461298859119415 0.5611617660522461 0.6461298859119415
0 0.5940290832519531 0.5303604507446289 0.6024626398086549 0.5303604507446289 0.6024626398086549 0.540134614109993 0.5940290832519531 0.540134614109993
0 0.5167778778076172 0.5318592071533204 0.5244222944974899 0.5318592071533204 0.5244222944974899 0.5415815067291261 0.5167778778076172 0.5415815067291261
0 0.4631485366821289 0.8361110687255859 0.4710610467195511 0.8361110687255859 0.4710610467195511 0.8458245134353638 0.4631485366821289 0.8458245134353638
0 0.5531298446655274 0.5349832153320313 0.561418560743332 0.5349832153320313 0.561418560743332 0.5451476645469666 0.5531298446655274 0.5451476645469666
0 0.2100178337097168 0.8327507781982422 0.2160338479280472 0.8327507781982422 0.2160338479280472 0.8408301883935927 0.2100178337097168 0.8408301883935927
0 0.5678389358520508 0.3775171661376953 0.5760727083683014 0.3775171661376953 0.5760727083683014 0.3871219807863236 0.5678389358520508 0.3871219807863236
0 0.49493515014648437 0.38184490203857424 0.5021773380041121 0.38184490203857424 0.5021773380041121 0.39214861631393433 0.49493515014648437 0.39214861631393433
0 0.5532783126831055 0.8350887298583984 0.5609313052892685 0.8350887298583984 0.5609313052892685 0.8447461199760437 0.5532783126831055 0.8447461199760437
0 0.5499866867065429 0.3198139762878418 0.5575792354345321 0.3198139762878418 0.5575792354345321 0.3294918042421341 0.5499866867065429 0.3294918042421341
0 0.5255270004272461 0.6395600509643554 0.5344771081209182 0.6395600509643554 0.5344771081209182 0.6500856900215148 0.5255270004272461 0.6500856900215148
0 0.5859904861450196 0.8328771209716797 0.5933536797761918 0.8328771209716797 0.5933536797761918 0.8413066136837005 0.5859904861450196 0.8413066136837005
0 0.4504849624633789 0.6867434692382813 0.4581856536865234 0.6867434692382813 0.4581856536865234 0.6967431938648224 0.4504849624633789 0.6967431938648224
0 0.5997608566284179 0.6907637786865234 0.6071469384431839 0.6907637786865234 0.6071469384431839 0.6998398327827453 0.5997608566284179 0.6998398327827453
0 0.24729379653930664 0.7831168365478516 0.25461510241031643 0.7831168365478516 0.25461510241031643 0.7929638153314591 0.24729379653930664 0.7929638153314591
0 0.5753375625610352 0.4670146942138672 0.5828372573852539 0.4670146942138672 0.5828372573852539 0.47748400211334224 0.5753375625610352 0.47748400211334224
0 0.4951409149169922 0.7829219818115234 0.5031954264640809 0.7829219818115234 0.5031954264640809 0.7930796706676483 0.4951409149169922 0.7930796706676483
0 0.5199206924438476 0.6909688568115234 0.527502891421318 0.6909688568115234 0.527502891421318 0.7002692073583603 0.5199206924438476 0.7002692073583603
0 0.5251153564453125 0.7858393096923828 0.5334163743257523 0.7858393096923828 0.5334163743257523 0.794954183101654 0.5251153564453125 0.794954183101654
0 0.478818359375 0.5246251678466797 0.48734814047813413 0.5246251678466797 0.48734814047813413 0.5346385705471038 0.478818359375 0.5346385705471038
0 0.45099720001220706 0.6340678787231445 0.45793155074119574 0.6340678787231445 0.45793155074119574 0.6441721618175507 0.45099720001220706 0.6441721618175507
0 0.5827913284301758 0.7856578826904297 0.5911225092411041 0.7856578826904297 0.5911225092411041 0.7950585615634919 0.5827913284301758 0.7950585615634919
0 0.4580803298950195 0.31595821380615235 0.4651262533664703 0.31595821380615235 0.4651262533664703 0.3245169121026993 0.4580803298950195 0.3245169121026993
0 0.4711503219604492 0.3784407806396484 0.4783862113952637 0.3784407806396484 0.4783862113952637 0.38766886949539187 0.4711503219604492 0.38766886949539187
0 0.44167682647705075 0.3831221389770508 0.44816802203655237 0.3831221389770508 0.44816802203655237 0.39116261184215545 0.44167682647705075 0.39116261184215545
0 0.2323494529724121 0.827872848510742 0.23951453387737273 0.827872848510742 0.23951453387737273 0.8364006930589676 0.2323494529724121 0.8364006930589676
0 0.5264722061157227 0.3810683059692383 0.5348562008142471 0.3810683059692383 0.5348562008142471 0.3923519825935364 0.5264722061157227 0.3923519825935364
0 0.4587010192871094 0.795555648803711 0.46653049349784853 0.795555648803711 0.46653049349784853 0.8047030949592591 0.4587010192871094 0.8047030949592591
0 0.4962160491943359 0.8364173126220703 0.5045789301395416 0.8364173126220703 0.5045789301395416 0.8461850720643996 0.4962160491943359 0.8461850720643996
0 0.9099287414550781 0.7798516082763672 0.915107444524765 0.7798516082763672 0.915107444524765 0.7861864566802979 0.9099287414550781 0.7861864566802979
0 0.2062531852722168 0.7835192108154296 0.21328918755054477 0.7835192108154296 0.21328918755054477 0.7932486259937286 0.2062531852722168 0.7932486259937286
0 0.5057415008544922 0.4729523468017578 0.5141932731866837 0.4729523468017578 0.5141932731866837 0.48253866136074064 0.5057415008544922 0.48253866136074064
0 0.5226229476928711 0.3178723335266113 0.5304657286405563 0.3178723335266113 0.5304657286405563 0.32742473065853117 0.5226229476928711 0.32742473065853117
0 0.47567630767822267 0.4628957748413086 0.48375415086746215 0.4628957748413086 0.48375415086746215 0.4726976889371872 0.47567630767822267 0.4726976889371872
0 0.18631702423095703 0.8303229522705079 0.1930632573366165 0.8303229522705079 0.1930632573366165 0.8399045228958131 0.18631702423095703 0.8399045228958131
0 0.49460205078125 0.3164003562927246 0.5025921857357025 0.3164003562927246 0.5025921857357025 0.3270768046379089 0.49460205078125 0.3270768046379089
0 0.4427013778686523 0.5351457214355468 0.4500947934389114 0.5351457214355468 0.4500947934389114 0.5450968235731124 0.4427013778686523 0.5450968235731124
0 0.4444337463378906 0.462436408996582 0.45254790306091314 0.462436408996582 0.45254790306091314 0.47266588568687434 0.4444337463378906 0.47266588568687434
0 0.14015912055969237 0.8277890777587891 0.14708661079406737 0.8277890777587891 0.14708661079406737 0.8366850310564041 0.14015912055969237 0.8366850310564041
0 0.9058423614501954 0.8267792510986328 0.9130640268325806 0.8267792510986328 0.9130640268325806 0.8341690903902054 0.9058423614501954 0.8341690903902054
0 0.7983718872070312 0.788336410522461 0.8061504393815994 0.788336410522461 0.8061504393815994 0.7981624382734299 0.7983718872070312 0.7981624382734299
0 0.18178199768066405 0.7775888824462891 0.188743879199028 0.7775888824462891 0.188743879199028 0.787979564666748 0.18178199768066405 0.787979564666748
0 0.8141809844970703 0.8206131744384765 0.8206286507844924 0.8206131744384765 0.8206286507844924 0.829322701692581 0.8141809844970703 0.829322701692581
0 0.7696882629394531 0.7861795043945312 0.7781144267320633 0.7861795043945312 0.7781144267320633 0.7958659100532531 0.7696882629394531 0.7958659100532531
0 0.16235460281372072 0.7719833374023437 0.1686039346456528 0.7719833374023437 0.1686039346456528 0.7801137417554855 0.16235460281372072 0.7801137417554855
0 0.16401994705200196 0.82847900390625 0.17133802950382232 0.82847900390625 0.17133802950382232 0.8389851939678191 0.16401994705200196 0.8389851939678191
0 0.5505846405029297 0.7863435363769531 0.5594677990674973 0.7863435363769531 0.5594677990674973 0.7971839964389802 0.5505846405029297 0.7971839964389802
0 0.1404162938551659 0.7743833672672373 0.1483267598187252 0.7743833672672373 0.1483267598187252 0.7844014212445399 0.1404162938551659 0.7844014212445399
0 0.8338802147652548 0.7851683980422847 0.8430397016704289 0.7851683980422847 0.8430397016704289 0.7924036592481144 0.8338802147652548 0.7924036592481144
0 0.8609423351669051 0.783498722379401 0.8709345026998222 0.783498722379401 0.8709345026998222 0.7951864520195874 0.8609423351669051 0.7951864520195874
0 0.8563625917143182 0.8252406139514957 0.8680201205027213 0.8252406139514957 0.8680201205027213 0.8413808120260392 0.8563625917143182 0.8413808120260392
