0 0.49250404357910155 0.6887407684326172 0.5006504333019256 0.6887407684326172 0.5006504333019256 0.6978632313013077 0.49250404357910155 0.6978632313013077
0 0.5543362045288086 0.6864690399169922 0.5629933196306229 0.6864690399169922 0.5629933196306229 0.6968811476230621 0.5543362045288086 0.6968811476230621
0 0.5849961471557618 0.44941814422607423 0.5929327285289765 0.44941814422607423 0.5929327285289765 0.45944044113159177 0.5849961471557618 0.45944044113159177
0 0.46714359283447265 0.6876166534423828 0.4743847161531448 0.6876166534423828 0.4743847161531448 0.6970805811882018 0.46714359283447265 0.6970805811882018
0 0.5457760238647461 0.37457679748535155 0.5540384215116501 0.37457679748535155 0.5540384215116501 0.3849667286872864 0.5457760238647461 0.3849667286872864
0 0.454654541015625 0.7707931518554687 0.4619910317659378 0.7707931518554687 0.4619910317659378 0.7802328872680664 0.454654541015625 0.7802328872680664
0 0.5293185424804687 0.28834836959838867 0.5375967901945113 0.28834836959838867 0.5375967901945113 0.29984857559204103 0.5293185424804687 0.29984857559204103
0 0.5628949356079102 0.6065178680419921 0.5713060766458511 0.6065178680419921 0.5713060766458511 0.6172861456871033 0.5628949356079102 0.6172861456871033
0 0.44498180389404296 0.8473003387451172 0.45162313282489774 0.8473003387451172 0.45162313282489774 0.8554428398609162 0.44498180389404296 0.8554428398609162
0 0.5550930404663086 0.4500149917602539 0.5640431481599807 0.4500149917602539 0.5640431481599807 0.4604441368579864 0.5550930404663086 0.4604441368579864
0 0.4831987762451172 0.7715172576904297 0.49032403945922853 0.7715172576904297 0.49032403945922853 0.781279878616333 0.4831987762451172 0.781279878616333
0 0.44572662353515624 0.6847650146484375 0.45344887197017675 0.6847650146484375 0.45344887197017675 0.6945696955919266 0.44572662353515624 0.6945696955919266
0 0.5397217178344726 0.7683163452148437 0.547284163236618 0.7683163452148437 0.547284163236618 0.7785669314861298 0.5397217178344726 0.7785669314861298
0 0.492388916015625 0.35218475341796873 0.5005254286527634 0.35218475341796873 0.5005254286527634 0.36218412280082707 0.492388916015625 0.36218412280082707
0 0.5936526107788086 0.6838059997558594 0.6017564469575881 0.6838059997558594 0.6017564469575881 0.6946321499347687 0.5936526107788086 0.6946321499347687
0 0.5059181594848633 0.29464834213256835 0.5147837525606156 0.29464834213256835 0.5147837525606156 0.3051767683029175 0.5059181594848633 0.3051767683029175
0 0.4457728958129883 0.378378677368164 0.45275127828121187 0.378378677368164 0.45275127828121187 0.3877340936660766 0.4457728958129883 0.3877340936660766
0 0.5066009521484375 0.8488489532470703 0.5150823551416396 0.8488489532470703 0.5150823551416396 0.8579957669973375 0.5066009521484375 0.8579957669973375
0 0.4759088134765625 0.29435800552368163 0.48516279578208926 0.29435800552368163 0.48516279578208926 0.30453012347221375 0.4759088134765625 0.30453012347221375
0 0.5375469970703125 0.6099824523925781 0.5444837135076523 0.6099824523925781 0.5444837135076523 0.6194961494207382 0.5375469970703125 0.6194961494207382
0 0.553446044921875 0.5214620590209961 0.5608546602725982 0.5214620590209961 0.5608546602725982 0.5309689170122146 0.553446044921875 0.5309689170122146
0 0.46329044342041015 0.3762362289428711 0.47078173995018 0.3762362289428711 0.47078173995018 0.3865621197223663 0.46329044342041015 0.3865621197223663
0 0.47358299255371095 0.6073150253295898 0.4821689295768738 0.6073150253295898 0.4821689295768738 0.6174833083152771 0.47358299255371095 0.6174833083152771
0 0.4462179183959961 0.4511005401611329 0.45357099890708924 0.4511005401611329 0.45357099890708924 0.4612555801868439 0.4462179183959961 0.4612555801868439
0 0.4432216644287109 0.5246393203735351 0.44944982290267943 0.5246393203735351 0.44944982290267943 0.532897527217865 0.4432216644287109 0.532897527217865
0 0.5293204498291015 0.5266728591918945 0.5372399979829788 0.5266728591918945 0.5372399979829788 0.5374040567874908 0.5293204498291015 0.5374040567874908
0 0.6038120269775391 0.28746837615966797 0.6109272360801696 0.28746837615966797 0.6109272360801696 0.2985100269317627 0.6038120269775391 0.2985100269317627
0 0.8280657196044922 8.470846340060234e-05 0.8369493508338929 8.470846340060234e-05 0.8369493508338929 0.01116758180782199 0.8280657196044922 0.01116758180782199
0 0.5383168411254883 0.8483531188964845 0.5464411997795106 0.8483531188964845 0.5464411997795106 0.8589293575286865 0.5383168411254883 0.8589293575286865
0 0.513209342956543 0.6946234130859374 0.5204968935251236 0.6946234130859374 0.5204968935251236 0.7046482789516448 0.513209342956543 0.7046482789516448
0 0.5640813064575195 0.765724563598633 0.5721377104520797 0.765724563598633 0.5721377104520797 0.7750165337324143 0.5640813064575195 0.7750165337324143
0 0.5143782424926758 0.6102840042114258 0.5226058053970338 0.6102840042114258 0.5226058053970338 0.6206138491630555 0.5143782424926758 0.6206138491630555
0 0.5627595901489257 0.2864604377746582 0.5706739926338196 0.2864604377746582 0.5706739926338196 0.2968230140209198 0.5627595901489257 0.2968230140209198
0 0.4799503707885742 0.8523043060302734 0.4873463588953018 0.8523043060302734 0.4873463588953018 0.8624764633178711 0.4799503707885742 0.8624764633178711
0 0.6126393127441406 0.36751461029052734 0.620809211730957 0.36751461029052734 0.620809211730957 0.3772652137279511 0.6126393127441406 0.3772652137279511
0 0.4621583557128906 0.84943359375 0.46915897548198693 0.84943359375 0.46915897548198693 0.8587212944030762 0.4621583557128906 0.8587212944030762
0 0.5824739489145524 0.28450052777713103 0.5900305256113209 0.28450052777713103 0.5900305256113209 0.29594893723897087 0.5824739489145524 0.29594893723897087
0 0.4696290702428098 0.4521860546005508 0.478696962278932 0.4521860546005508 0.478696962278932 0.46430789991308713 0.4696290702428098 0.46430789991308713
0 0.5084194972862213 0.7660071610251036 0.5184949328819128 0.7660071610251036 0.5184949328819128 0.7774555704869432 0.5084194972862213 0.7774555704869432
