0 0.19719867706298827 0.21680803298950196 0.2050079834461212 0.21680803298950196 0.2050079834461212 0.22625458717346192 0.19719867706298827 0.22625458717346192
0 0.7889794921875 0.3136762046813965 0.796819907426834 0.3136762046813965 0.796819907426834 0.32259225904941563 0.7889794921875 0.32259225904941563
0 0.5615729904174804 0.6855912780761719 0.5696021890640258 0.6855912780761719 0.5696021890640258 0.696676986217499 0.5615729904174804 0.696676986217499
0 0.21046525955200196 0.8241016387939453 0.2164320820569992 0.8241016387939453 0.2164320820569992 0.8324746030569076 0.21046525955200196 0.8324746030569076
0 0.81956787109375 0.3141482353210449 0.8275434863567352 0.3141482353210449 0.8275434863567352 0.32371630668640133 0.81956787109375 0.32371630668640133
0 0.765118637084961 0.31457712173461916 0.7731311571598053 0.31457712173461916 0.7731311571598053 0.3242888468503952 0.765118637084961 0.3242888468503952
0 0.1871471405029297 0.8223950958251953 0.19340872943401338 0.8223950958251953 0.19340872943401338 0.8307339054346085 0.1871471405029297 0.8307339054346085
0 0.5248903656005859 0.8336412811279297 0.5323784095048903 0.8336412811279297 0.5323784095048903 0.8434184491634369 0.5248903656005859 0.8434184491634369
0 0.554372673034668 0.8330512237548828 0.5621204119920731 0.8330512237548828 0.5621204119920731 0.8432862341403962 0.554372673034668 0.8432862341403962
0 0.579974250793457 0.20871971130371095 0.5883239430189132 0.20871971130371095 0.5883239430189132 0.21933204054832459 0.579974250793457 0.21933204054832459
0 0.47801368713378906 0.5193850326538086 0.4862944483757019 0.5193850326538086 0.4862944483757019 0.5295138251781464 0.47801368713378906 0.5295138251781464
0 0.7731121063232422 0.2157167053222656 0.7808495545387267 0.2157167053222656 0.7808495545387267 0.22495339214801785 0.7731121063232422 0.22495339214801785
0 0.48464466094970704 0.14701714515686035 0.49179840087890625 0.14701714515686035 0.49179840087890625 0.15601284325122833 0.48464466094970704 0.15601284325122833
0 0.8305413818359375 0.5303037643432618 0.8378401690721512 0.5303037643432618 0.8378401690721512 0.5396392178535462 0.8305413818359375 0.5396392178535462
0 0.2556941604614258 0.31201436996459964 0.2633490455150604 0.31201436996459964 0.2633490455150604 0.3214139616489411 0.2556941604614258 0.3214139616489411
0 0.1708148193359375 0.21808998107910157 0.1770791882276535 0.21808998107910157 0.1770791882276535 0.2262510418891907 0.1708148193359375 0.2262510418891907
0 0.7992694854736329 0.7834861755371094 0.8070113098621369 0.7834861755371094 0.8070113098621369 0.7932163810729981 0.7992694854736329 0.7932163810729981
0 0.5617750549316406 0.6333659362792968 0.5700057524442672 0.6333659362792968 0.5700057524442672 0.6424572098255157 0.5617750549316406 0.6424572098255157
0 0.5262767028808594 0.6359502029418945 0.5345810920000076 0.6359502029418945 0.5345810920000076 0.6463777673244476 0.5262767028808594 0.6463777673244476
0 0.8105220031738282 0.6266371154785156 0.8178919982910157 0.6266371154785156 0.8178919982910157 0.6361357510089874 0.8105220031738282 0.6361357510089874
0 0.600567741394043 0.6868109130859374 0.6077677017450334 0.6868109130859374 0.6077677017450334 0.6954211395978928 0.600567741394043 0.6954211395978928
0 0.2800014686584473 0.36680938720703127 0.2878320664167404 0.36680938720703127 0.2878320664167404 0.37571462988853455 0.2800014686584473 0.37571462988853455
0 0.274243106842041 0.5132217407226562 0.28174496054649356 0.5132217407226562 0.28174496054649356 0.5236108803749084 0.274243106842041 0.5236108803749084
0 0.2514573860168457 0.5236464691162109 0.25980006992816923 0.5236464691162109 0.25980006992816923 0.5336255192756653 0.2514573860168457 0.5336255192756653
0 0.1646613883972168 0.8220763397216797 0.17119626045227052 0.8220763397216797 0.17119626045227052 0.8305059903860094 0.1646613883972168 0.8305059903860094
0 0.5839833068847656 0.7833493041992187 0.592244758605957 0.7833493041992187 0.592244758605957 0.7926290196180342 0.5839833068847656 0.7926290196180342
0 0.5525648880004883 0.20775896072387695 0.5599377220869065 0.20775896072387695 0.5599377220869065 0.2173646253347397 0.5525648880004883 0.2173646253347397
0 0.7952691650390625 0.5341592025756836 0.8025739258527756 0.5341592025756836 0.8025739258527756 0.5438607090711594 0.7952691650390625 0.5438607090711594
0 0.8133860778808594 0.6809911346435547 0.8217667609453201 0.6809911346435547 0.8217667609453201 0.6900477397441863 0.8133860778808594 0.6900477397441863
0 0.771204833984375 0.7812464904785156 0.7782276028394699 0.7812464904785156 0.7782276028394699 0.7908082962036131 0.771204833984375 0.7908082962036131
0 0.5678871917724609 0.37639316558837893 0.5762177807092665 0.37639316558837893 0.5762177807092665 0.3858685570955277 0.5678871917724609 0.3858685570955277
0 0.5931935119628906 0.5227462005615234 0.6014101332426071 0.5227462005615234 0.6014101332426071 0.5319814443588257 0.5931935119628906 0.5319814443588257
0 0.4944244384765625 0.382197036743164 0.5023220443725586 0.382197036743164 0.5023220443725586 0.39175560057163233 0.4944244384765625 0.39175560057163233
0 0.5838226318359375 0.31966848373413087 0.5911744701862336 0.31966848373413087 0.5911744701862336 0.3301510143280029 0.5838226318359375 0.3301510143280029
0 0.5262700271606445 0.7836052703857422 0.5342327493429184 0.7836052703857422 0.5342327493429184 0.793148496747017 0.5262700271606445 0.793148496747017
0 0.4973085403442383 0.7809658050537109 0.5050151753425598 0.7809658050537109 0.5050151753425598 0.7906646233797073 0.4973085403442383 0.7906646233797073
0 0.5529080581665039 0.5281389999389648 0.5607396018505096 0.5281389999389648 0.5607396018505096 0.5381621265411377 0.5529080581665039 0.5381621265411377
0 0.2266846466064453 0.1512679386138916 0.23512442767620084 0.1512679386138916 0.23512442767620084 0.16138864636421202 0.2266846466064453 0.16138864636421202
0 0.49730434417724617 0.8337721252441406 0.5048904460668565 0.8337721252441406 0.5048904460668565 0.8432867312431336 0.49730434417724617 0.8432867312431336
0 0.7731903839111328 0.5145246124267578 0.7809063041210175 0.5145246124267578 0.7809063041210175 0.5239087283611298 0.7731903839111328 0.5239087283611298
0 0.45991058349609376 0.7924779510498047 0.46708041071891787 0.7924779510498047 0.46708041071891787 0.8014934444427491 0.45991058349609376 0.8014934444427491
0 0.20871400833129883 0.36620277404785156 0.2163305985927582 0.36620277404785156 0.2163305985927582 0.37551039814949033 0.20871400833129883 0.37551039814949033
0 0.2233831214904785 0.21343952178955078 0.23069607377052306 0.21343952178955078 0.23069607377052306 0.2227546763420105 0.2233831214904785 0.2227546763420105
0 0.7707708740234375 0.6804742431640625 0.7784884500503539 0.6804742431640625 0.7784884500503539 0.6902253210544587 0.7707708740234375 0.6902253210544587
0 0.8266097259521484 0.4729949569702148 0.834540748000145 0.4729949569702148 0.834540748000145 0.48263799786567685 0.8266097259521484 0.48263799786567685
0 0.5362977600097656 0.46337940216064455 0.5436114513874053 0.46337940216064455 0.5436114513874053 0.47248443245887756 0.5362977600097656 0.47248443245887756
0 0.2745575141906738 0.4593180084228516 0.2823557609319687 0.4593180084228516 0.2823557609319687 0.47015894293785093 0.2745575141906738 0.47015894293785093
0 0.5211671447753906 0.2125564384460449 0.5285092836618422 0.2125564384460449 0.5285092836618422 0.22227334201335905 0.5211671447753906 0.22227334201335905
0 0.2608308219909668 0.15147191047668457 0.2694111108779907 0.15147191047668457 0.2694111108779907 0.16229508638381956 0.2608308219909668 0.16229508638381956
0 0.24799942016601562 0.7748057556152345 0.25541023850440975 0.7748057556152345 0.25541023850440975 0.7841890412569047 0.24799942016601562 0.7841890412569047
0 0.8671649932861328 0.226773567199707 0.8752750396728516 0.226773567199707 0.8752750396728516 0.23563997149467467 0.8671649932861328 0.23563997149467467
0 0.5939456558227539 0.6322068405151368 0.6026414501667023 0.6322068405151368 0.6026414501667023 0.6419547164440155 0.5939456558227539 0.6419547164440155
0 0.4745846939086914 0.45881000518798826 0.48145854175090785 0.45881000518798826 0.48145854175090785 0.4676041275262832 0.4745846939086914 0.4676041275262832
0 0.5521687316894531 0.7860215759277344 0.5599254602193832 0.7860215759277344 0.5599254602193832 0.7949496275186538 0.5521687316894531 0.7949496275186538
0 0.4707569885253906 0.3784529113769531 0.4786193162202835 0.3784529113769531 0.4786193162202835 0.387653881907463 0.4707569885253906 0.387653881907463
0 0.5627585601806641 0.14760279655456543 0.5708197546005249 0.14760279655456543 0.5708197546005249 0.1571146845817566 0.5627585601806641 0.1571146845817566
0 0.8158659362792968 0.16965391159057616 0.8228749841451645 0.16965391159057616 0.8228749841451645 0.17972352623939514 0.8158659362792968 0.17972352623939514
0 0.5051647186279297 0.4670370864868164 0.5123423230648041 0.4670370864868164 0.5123423230648041 0.4762982225418091 0.5051647186279297 0.4762982225418091
0 0.5363473892211914 0.14930372238159179 0.5430500787496567 0.14930372238159179 0.5430500787496567 0.15803755104541778 0.5363473892211914 0.15803755104541778
0 0.8469474792480469 0.1700126075744629 0.8538781040906905 0.1700126075744629 0.8538781040906905 0.1792886465787888 0.8469474792480469 0.1792886465787888
0 0.5732938766479492 0.460109748840332 0.5811719065904618 0.460109748840332 0.5811719065904618 0.4700090265274048 0.5732938766479492 0.4700090265274048
0 0.5501151275634766 0.3190911865234375 0.5568399363756179 0.3190911865234375 0.5568399363756179 0.32802070081233975 0.5501151275634766 0.32802070081233975
0 0.7786194610595704 0.6257644653320312 0.7857007217407227 0.6257644653320312 0.7857007217407227 0.6352339673042297 0.7786194610595704 0.6352339673042297
0 0.4434627914428711 0.45901817321777344 0.45056076049804683 0.45901817321777344 0.45056076049804683 0.4682454711198807 0.4434627914428711 0.4682454711198807
0 0.49048763275146484 0.6324576950073242 0.49871244549751287 0.6324576950073242 0.49871244549751287 0.641844657063484 0.49048763275146484 0.641844657063484
0 0.46657073974609375 0.1456996726989746 0.473484982252121 0.1456996726989746 0.473484982252121 0.15567967176437378 0.46657073974609375 0.15567967176437378
0 0.19900333404541015 0.15194108009338378 0.20781915843486784 0.15194108009338378 0.20781915843486784 0.16265059590339662 0.19900333404541015 0.16265059590339662
0 0.4450105667114258 0.21196743011474609 0.453446044921875 0.21196743011474609 0.453446044921875 0.22131015717983246 0.4450105667114258 0.22131015717983246
0 0.8514952087402343 0.309187126159668 0.859425875544548 0.309187126159668 0.859425875544548 0.31840938389301304 0.8514952087402343 0.31840938389301304
0 0.20763671875 0.7754562377929688 0.21346480727195738 0.7754562377929688 0.21346480727195738 0.7833418691158295 0.20763671875 0.7833418691158295
0 0.7983421325683594 0.8276718902587891 0.8057906097173692 0.8276718902587891 0.8057906097173692 0.8376185649633408 0.7983421325683594 0.8376185649633408
0 0.45775264739990235 0.31601200103759763 0.46439273416995996 0.31601200103759763 0.46439273416995996 0.32411874651908873 0.45775264739990235 0.32411874651908873
0 0.7659165954589844 0.8281796264648437 0.7740668588876725 0.8281796264648437 0.7740668588876725 0.8371223044395447 0.7659165954589844 0.8371223044395447
0 0.44172637939453124 0.38300849914550783 0.44794229567050936 0.38300849914550783 0.44794229567050936 0.39075549721717834 0.44172637939453124 0.39075549721717834
0 0.25779199600219727 0.21172113418579103 0.26515829443931577 0.21172113418579103 0.26515829443931577 0.22196634411811828 0.25779199600219727 0.22196634411811828
0 0.8149038696289063 0.8151728820800782 0.8220206755399704 0.8151728820800782 0.8220206755399704 0.8235719364881516 0.8149038696289063 0.8235719364881516
0 0.16280427932739258 0.36437999725341796 0.16928550899028777 0.36437999725341796 0.16928550899028777 0.3731170773506164 0.16280427932739258 0.3731170773506164
0 0.5159442520141602 0.524996566772461 0.523914721608162 0.524996566772461 0.523914721608162 0.5343541967868806 0.5159442520141602 0.5343541967868806
0 0.5207099151611329 0.6870734405517579 0.5279232412576675 0.6870734405517579 0.5279232412576675 0.6979135060310364 0.5207099151611329 0.6979135060310364
0 0.2089712142944336 0.4695947647094726 0.2159389364719391 0.4695947647094726 0.2159389364719391 0.4795633393526077 0.2089712142944336 0.4795633393526077
0 0.4942582321166992 0.3160511016845703 0.5015892225503922 0.3160511016845703 0.5015892225503922 0.32599844872951506 0.4942582321166992 0.32599844872951506
0 0.8922138977050781 0.48094940185546875 0.8999276888370513 0.48094940185546875 0.8999276888370513 0.49061378896236424 0.8922138977050781 0.49061378896236424
0 0.20774370193481445 0.518798713684082 0.21528356909751892 0.518798713684082 0.21528356909751892 0.5296309125423432 0.20774370193481445 0.5296309125423432
0 0.7968156433105469 0.170303955078125 0.804796463251114 0.170303955078125 0.804796463251114 0.18001277446746827 0.7968156433105469 0.18001277446746827
0 0.7991505432128906 0.47330001831054686 0.8076399302482604 0.47330001831054686 0.8076399302482604 0.4829295396804809 0.7991505432128906 0.4829295396804809
0 0.8338874053955078 0.6797209167480469 0.8408261328935621 0.6797209167480469 0.8408261328935621 0.6887634491920471 0.8338874053955078 0.6887634491920471
0 0.5221678161621094 0.31641153335571287 0.530269405245781 0.31641153335571287 0.530269405245781 0.32742369413375855 0.5221678161621094 0.32742369413375855
0 0.7647927856445312 0.5981341552734375 0.7724781882762909 0.5981341552734375 0.7724781882762909 0.607543095946312 0.7647927856445312 0.607543095946312
0 0.7686051177978516 0.16204366683959961 0.7760243195295333 0.16204366683959961 0.7760243195295333 0.1721646225452423 0.7686051177978516 0.1721646225452423
0 0.4418016815185547 0.52999267578125 0.44922697484493257 0.52999267578125 0.44922697484493257 0.5398135250806808 0.4418016815185547 0.5398135250806808
0 0.18275918960571289 0.7704155731201171 0.18905463755130766 0.7704155731201171 0.18905463755130766 0.7787490063905715 0.18275918960571289 0.7787490063905715
0 0.2588368034362793 0.6108944320678711 0.2666384506225586 0.6108944320678711 0.2666384506225586 0.6206223452091217 0.2588368034362793 0.6206223452091217
0 0.51064453125 0.14916369438171387 0.5185977315902709 0.14916369438171387 0.5185977315902709 0.1597775065898895 0.51064453125 0.1597775065898895
0 0.21072345733642578 0.6654788208007812 0.217942476272583 0.6654788208007812 0.217942476272583 0.6735866141319274 0.21072345733642578 0.6735866141319274
0 0.13349414825439454 0.5194738388061524 0.14079638063907624 0.5194738388061524 0.14079638063907624 0.5275502449274063 0.13349414825439454 0.5275502449274063
0 0.7596584320068359 0.3596925735473633 0.7666567158699036 0.3596925735473633 0.7666567158699036 0.3699679446220398 0.7596584320068359 0.3699679446220398
0 0.8386376953125 0.22248086929321292 0.8469611281156539 0.22248086929321292 0.8469611281156539 0.23255803465843203 0.8386376953125 0.23255803465843203
0 0.839362564086914 0.3717631149291992 0.8470932698249817 0.3717631149291992 0.8470932698249817 0.38236117362976074 0.839362564086914 0.38236117362976074
0 0.4695625305175781 0.2121420097351074 0.4764296954870224 0.2121420097351074 0.4764296954870224 0.2219054800271988 0.4695625305175781 0.2219054800271988
0 0.18684192657470702 0.6587054443359375 0.1930030769109726 0.6587054443359375 0.1930030769109726 0.6668811905384063 0.18684192657470702 0.6668811905384063
0 0.9123554229736328 0.5323419189453125 0.9190752637386322 0.5323419189453125 0.9190752637386322 0.5412399673461914 0.9123554229736328 0.5412399673461914
0 0.4978864288330079 0.21394268035888672 0.504782573580742 0.21394268035888672 0.504782573580742 0.22394365072250366 0.4978864288330079 0.22394365072250366
0 0.1703361129760742 0.1525175666809082 0.17683332622051237 0.1525175666809082 0.17683332622051237 0.16121962249279023 0.1703361129760742 0.16121962249279023
0 0.15744379043579101 0.5125677871704102 0.1653274244070053 0.5125677871704102 0.1653274244070053 0.5211978578567505 0.15744379043579101 0.5211978578567505
0 0.18034688949584962 0.31540559768676757 0.187874174118042 0.31540559768676757 0.187874174118042 0.3238398343324661 0.18034688949584962 0.3238398343324661
0 0.5868227767944336 0.8306052398681641 0.594968131184578 0.8306052398681641 0.594968131184578 0.8400917792320252 0.5868227767944336 0.8400917792320252
0 0.8895005035400391 0.18052150726318358 0.8965168851613998 0.18052150726318358 0.8965168851613998 0.18936599135398866 0.8895005035400391 0.18936599135398866
0 0.7843031311035156 0.36804164886474605 0.7927457952499388 0.36804164886474605 0.7927457952499388 0.38046748161315913 0.7843031311035156 0.38046748161315913
0 0.14777607917785646 0.3681188201904297 0.15374525249004364 0.3681188201904297 0.15374525249004364 0.37620795488357545 0.14777607917785646 0.37620795488357545
0 0.22266183853149413 0.30350053787231446 0.2310110133886337 0.30350053787231446 0.2310110133886337 0.31467552542686467 0.22266183853149413 0.31467552542686467
0 0.8619711303710937 0.4788265609741211 0.8704543071985243 0.4788265609741211 0.8704543071985243 0.4889111971855164 0.8619711303710937 0.4889111971855164
0 0.8366590881347656 0.6298408126831054 0.8443401730060578 0.6298408126831054 0.8443401730060578 0.6384891462326049 0.8366590881347656 0.6384891462326049
0 0.7707077789306641 0.4733285140991211 0.7784837877750397 0.4733285140991211 0.7784837877750397 0.48444450259208677 0.7707077789306641 0.48444450259208677
0 0.9070817565917969 0.8220974731445313 0.9140864872932434 0.8220974731445313 0.9140864872932434 0.8299324262142181 0.9070817565917969 0.8299324262142181
0 0.8820735168457031 0.3185702896118164 0.8883049577474594 0.3185702896118164 0.8883049577474594 0.32634136140346526 0.8820735168457031 0.32634136140346526
0 0.9114979553222656 0.7746762084960938 0.9170604938268662 0.7746762084960938 0.9170604938268662 0.7828630626201629 0.9114979553222656 0.7828630626201629
0 0.1459852409362793 0.3207236862182617 0.15228403091430665 0.3207236862182617 0.15228403091430665 0.3297944235801697 0.1459852409362793 0.3297944235801697
0 0.5267014694213867 0.3806118392944336 0.5348668140172959 0.3806118392944336 0.5348668140172959 0.3916315710544586 0.5267014694213867 0.3916315710544586
0 0.4651303482055664 0.8336577606201172 0.47313018262386325 0.8336577606201172 0.47313018262386325 0.844641479253769 0.4651303482055664 0.844641479253769
0 0.15813662528991698 0.6075542068481445 0.16521590471267697 0.6075542068481445 0.16521590471267697 0.6163089174032211 0.15813662528991698 0.6163089174032211
0 0.8635659790039063 0.7806112670898437 0.8702609205245972 0.7806112670898437 0.8702609205245972 0.7893660169839859 0.8635659790039063 0.7893660169839859
0 0.23282033920288087 0.8179550170898438 0.24111205697059632 0.8179550170898438 0.24111205697059632 0.8288161122798919 0.23282033920288087 0.8288161122798919
0 0.13299574986312515 0.15152306640670463 0.14307118545881645 0.15152306640670463 0.14307118545881645 0.16566521927133043 0.13299574986312515 0.16566521927133043
0 0.1390410112205399 0.21482603637217235 0.14861267503644668 0.21482603637217235 0.14861267503644668 0.22762131753540518 0.1390410112205399 0.22762131753540518
0 0.12140899892808016 0.3111273630217668 0.1304768909642023 0.3111273630217668 0.1304768909642023 0.32728982343848206 0.12140899892808016 0.32728982343848206
0 0.11939391180894189 0.37038971788305575 0.131988206303556 0.37038971788305575 0.131988206303556 0.38116469149419924 0.11939391180894189 0.38116469149419924
0 0.1380334676609708 0.4579363784735962 0.14710135969709298 0.4579363784735962 0.14710135969709298 0.4700582237861325 0.1380334676609708 0.4700582237861325
0 0.15314662105450774 0.6559265185783569 0.16523714376933726 0.6559265185783569 0.16523714376933726 0.6693952355922863 0.15314662105450774 0.6693952355922863
0 0.1823653842820125 0.6141734958351761 0.18941818919899642 0.6141734958351761 0.18941818919899642 0.6269687769984088 0.1823653842820125 0.6269687769984088
0 0.21208791928930185 0.6094594448803008 0.21863695242650122 0.6094594448803008 0.21863695242650122 0.6195609826407478 0.21208791928930185 0.6195609826407478
0 0.23022370336154618 0.605418829776122 0.23878782361788375 0.605418829776122 0.23878782361788375 0.6222547260435336 0.23022370336154618 0.6222547260435336
0 0.1405523265598936 0.7656443239576299 0.14911644681623126 0.7656443239576299 0.14911644681623126 0.7757458617180769 0.1405523265598936 0.7757458617180769
0 0.16070319775127623 0.7616037088534515 0.1692673180076138 0.7616037088534515 0.1692673180076138 0.7730521183152913 0.16070319775127623 0.7730521183152913
0 0.1390410112205399 0.8168254486105614 0.14861267503644668 0.8168254486105614 0.14861267503644668 0.8302941656244907 0.1390410112205399 0.8302941656244907
0 0.45087574290718563 0.6289368462662477 0.45792854782416953 0.6289368462662477 0.45792854782416953 0.64375243498157 0.45087574290718563 0.64375243498157
0 0.45087574290718563 0.682811714321965 0.46044740672309237 0.682811714321965 0.46044740672309237 0.6949335596345014 0.45087574290718563 0.6949335596345014
0 0.8357703997902317 0.7777661692701664 0.8453420636061384 0.7777661692701664 0.8453420636061384 0.7878677070306135 0.8357703997902317 0.7878677070306135
0 0.8564250427613989 0.8228863712668296 0.870026880815582 0.8228863712668296 0.870026880815582 0.8356816524300625 0.8564250427613989 0.8356816524300625
0 0.8634778476783828 0.6309571538183372 0.8730495114942896 0.6309571538183372 0.8730495114942896 0.6410586915787841 0.8634778476783828 0.6410586915787841
0 0.865492934797521 0.678460500434563 0.8740570550538587 0.678460500434563 0.8740570550538587 0.6919292174484922 0.865492934797521 0.6919292174484922
0 0.8942079262452413 0.679807372135956 0.903779590061148 0.679807372135956 0.903779590061148 0.6892354740457063 0.8942079262452413 0.6892354740457063
0 0.90730599251964 0.6185247097225777 0.9133512538770546 0.6185247097225777 0.9133512538770546 0.6333402984378999 0.90730599251964 0.6333402984378999
0 0.865492934797521 0.5336717925348231 0.8760721421729968 0.5336717925348231 0.8760721421729968 0.5505076888022347 0.865492934797521 0.5505076888022347
0 0.8720419679347206 0.3680065732634927 0.8795985446314888 0.3680065732634927 0.8795985446314888 0.380128418576029 0.8720419679347206 0.380128418576029
0 0.8972305569239487 0.3653128298607068 0.9057946771802863 0.3653128298607068 0.9057946771802863 0.37743467517324314 0.8972305569239487 0.37743467517324314
0 0.8871551213282574 0.2225444295130562 0.8962230133643795 0.2225444295130562 0.8962230133643795 0.23466627482559257 0.8871551213282574 0.23466627482559257
