0 0.484197998046875 0.5112533569335938 0.49208685100078586 0.5112533569335938 0.49208685100078586 0.520003679394722 0.484197998046875 0.520003679394722
0 0.5028356552124024 0.30180023193359373 0.5104030680656434 0.30180023193359373 0.5104030680656434 0.3115762138366699 0.5028356552124024 0.3115762138366699
0 0.4425749969482422 0.30114852905273437 0.45097534477710727 0.30114852905273437 0.45097534477710727 0.3111195349693298 0.4425749969482422 0.3111195349693298
0 0.5605551528930665 0.5206173706054688 0.5685034441947938 0.5206173706054688 0.5685034441947938 0.5305692636966706 0.5605551528930665 0.5305692636966706
0 0.5466928482055664 0.3568326950073243 0.5546116864681244 0.3568326950073243 0.5546116864681244 0.36579980313777927 0.5466928482055664 0.36579980313777927
0 0.568606948852539 0.4575897979736328 0.5760527646541594 0.4575897979736328 0.5760527646541594 0.4671554774045944 0.568606948852539 0.4671554774045944
0 0.43784629821777343 0.4668012237548828 0.4451721137762069 0.4668012237548828 0.4451721137762069 0.47613232910633085 0.43784629821777343 0.47613232910633085
0 0.48224720001220706 0.3002477264404297 0.4892043799161912 0.3002477264404297 0.4892043799161912 0.30857447922229764 0.48224720001220706 0.30857447922229764
0 0.5170455932617187 0.5176202392578125 0.5242284613847731 0.5176202392578125 0.5242284613847731 0.5276694953441621 0.5170455932617187 0.5276694953441621
0 0.5108622741699219 0.35493690490722657 0.5190279740095138 0.35493690490722657 0.5190279740095138 0.3651415956020356 0.5108622741699219 0.3651415956020356
0 0.609853630065918 0.46810096740722656 0.6168333435058594 0.46810096740722656 0.6168333435058594 0.47602387607097624 0.609853630065918 0.47602387607097624
0 0.48877960205078125 0.4661769485473633 0.4965289968252182 0.4661769485473633 0.4965289968252182 0.4750931805372238 0.48877960205078125 0.4750931805372238
0 0.4809336853027344 0.35339832305908203 0.4888954317569733 0.35339832305908203 0.4888954317569733 0.3638984251022339 0.4809336853027344 0.3638984251022339
0 0.4582489776611328 0.5347515487670899 0.46566749930381773 0.5347515487670899 0.46566749930381773 0.5432511293888093 0.4582489776611328 0.5432511293888093
0 0.4425037384033203 0.3534389495849609 0.4497033733129501 0.3534389495849609 0.4497033733129501 0.3633164066076279 0.4425037384033203 0.3633164066076279
0 0.6035141372680664 0.5143745803833008 0.6110586619377135 0.5143745803833008 0.6110586619377135 0.5234216189384461 0.6035141372680664 0.5234216189384461
0 0.5422626113891602 0.30408334732055664 0.5509015107154847 0.30408334732055664 0.5509015107154847 0.3140293896198273 0.5422626113891602 0.3140293896198273
0 0.5813518905639649 0.35562252044677733 0.5895421934127808 0.35562252044677733 0.5895421934127808 0.36536197602748866 0.5813518905639649 0.36536197602748866
0 0.5260394668579101 0.47317985534667967 0.5349994516372681 0.47317985534667967 0.5349994516372681 0.4850828969478607 0.5260394668579101 0.4850828969478607
