0 0.16606138229370118 0.21727870941162108 0.17359344303607943 0.21727870941162108 0.17359344303607943 0.22718134701251982 0.16606138229370118 0.22718134701251982
0 0.5325089645385742 0.15545050621032716 0.5401309663057328 0.15545050621032716 0.5401309663057328 0.16536651492118837 0.5325089645385742 0.16536651492118837
0 0.47605873107910157 0.3202520751953125 0.4838242125511169 0.3202520751953125 0.4838242125511169 0.33051748514175416 0.47605873107910157 0.33051748514175416
0 0.16223289489746093 0.321683349609375 0.16935766994953155 0.321683349609375 0.16935766994953155 0.3314405745267868 0.16223289489746093 0.3314405745267868
0 0.5230440902709961 0.522380599975586 0.5300028669834137 0.522380599975586 0.5300028669834137 0.5317847579717636 0.5230440902709961 0.5317847579717636
0 0.5247639465332031 0.6786348724365234 0.5317451971769332 0.6786348724365234 0.5317451971769332 0.6874870258569717 0.5247639465332031 0.6874870258569717
0 0.5088426971435547 0.20583024978637696 0.51609470307827 0.20583024978637696 0.51609470307827 0.21407675564289094 0.5088426971435547 0.21407675564289094
0 0.4979003143310547 0.6262499618530274 0.5064192134141923 0.6262499618530274 0.5064192134141923 0.6359159302711488 0.4979003143310547 0.6359159302711488
0 0.1971810531616211 0.8345420074462891 0.2041100960969925 0.8345420074462891 0.2041100960969925 0.8431922388076782 0.1971810531616211 0.8431922388076782
0 0.539552230834961 0.6264878845214844 0.5482076901197434 0.6264878845214844 0.5482076901197434 0.6360842394828797 0.539552230834961 0.6360842394828797
0 0.14170076370239257 0.2185161018371582 0.1494992023706436 0.2185161018371582 0.1494992023706436 0.2271261900663376 0.14170076370239257 0.2271261900663376
0 0.4777376937866211 0.4713899230957031 0.48574010074138646 0.4713899230957031 0.48574010074138646 0.48067900717258455 0.4777376937866211 0.48067900717258455
0 0.5476993179321289 0.783098373413086 0.5553366965055465 0.783098373413086 0.5553366965055465 0.791823159456253 0.5476993179321289 0.791823159456253
0 0.48582088470458984 0.20737440109252928 0.49320303380489344 0.20737440109252928 0.49320303380489344 0.21603692650794984 0.48582088470458984 0.21603692650794984
0 0.5552452850341797 0.31258766174316405 0.5635975795984268 0.31258766174316405 0.5635975795984268 0.3230752527713775 0.5552452850341797 0.3230752527713775
0 0.45453586578369143 0.0631268548965454 0.461903110742569 0.0631268548965454 0.461903110742569 0.07127658069133758 0.45453586578369143 0.07127658069133758
0 0.13953649520874023 0.32097606658935546 0.14615886867046354 0.32097606658935546 0.14615886867046354 0.33044309735298155 0.13953649520874023 0.33044309735298155
0 0.23346372604370116 0.218793773651123 0.24061724424362183 0.218793773651123 0.24061724424362183 0.22817375838756557 0.23346372604370116 0.22817375838756557
0 0.4921123123168945 0.15779315948486328 0.49834103286266324 0.15779315948486328 0.49834103286266324 0.16757158279418946 0.4921123123168945 0.16757158279418946
0 0.5027451705932617 0.7809239196777343 0.5108299630880355 0.7809239196777343 0.5108299630880355 0.7911537122726441 0.5027451705932617 0.7911537122726441
0 0.16336483001708985 0.3728739166259765 0.16985890865325928 0.3728739166259765 0.16985890865325928 0.38206318616867063 0.16336483001708985 0.38206318616867063
0 0.5293675231933593 0.7824053955078125 0.5359053230285644 0.7824053955078125 0.5359053230285644 0.7924701082706452 0.5293675231933593 0.7924701082706452
0 0.474920768737793 0.0628997278213501 0.4817287909984589 0.0628997278213501 0.4817287909984589 0.07110679745674134 0.474920768737793 0.07110679745674134
0 0.49487796783447263 0.4701963424682617 0.502242847084999 0.4701963424682617 0.502242847084999 0.4790554928779602 0.49487796783447263 0.4790554928779602
0 0.21821548461914062 0.021252672672271728 0.22508440911769867 0.021252672672271728 0.22508440911769867 0.028730155825614927 0.21821548461914062 0.028730155825614927
0 0.2082691764831543 0.6246174240112304 0.21623831570148466 0.6246174240112304 0.21623831570148466 0.6345531886816025 0.2082691764831543 0.6345531886816025
0 0.24890480041503904 0.8364237976074219 0.25607965469360355 0.8364237976074219 0.25607965469360355 0.8457019317150115 0.24890480041503904 0.8457019317150115
0 0.24786832809448242 0.16439064025878905 0.2550099295377732 0.16439064025878905 0.2550099295377732 0.175038902759552 0.24786832809448242 0.175038902759552
0 0.22020973205566408 0.32490867614746094 0.2274871689081192 0.32490867614746094 0.2274871689081192 0.33469784140586856 0.22020973205566408 0.33469784140586856
0 0.4979844284057617 0.6860794067382814 0.5059195899963379 0.6860794067382814 0.5059195899963379 0.694693981409073 0.4979844284057617 0.694693981409073
0 0.159219388961792 0.5312970733642578 0.16638896465301511 0.5312970733642578 0.16638896465301511 0.5417139637470245 0.159219388961792 0.5417139637470245
0 0.47159053802490236 0.6276247406005859 0.4792807310819626 0.6276247406005859 0.4792807310819626 0.6371710503101349 0.47159053802490236 0.6371710503101349
0 0.1723329544067383 0.7784934997558592 0.17978580832481386 0.7784934997558592 0.17978580832481386 0.7882296347618103 0.1723329544067383 0.7882296347618103
0 0.5496735000610351 0.5220737457275391 0.5576086616516113 0.5220737457275391 0.5576086616516113 0.5315755832195281 0.5496735000610351 0.5315755832195281
0 0.20389232635498047 0.22545989990234375 0.21178129792213443 0.22545989990234375 0.21178129792213443 0.23493116080760953 0.20389232635498047 0.23493116080760953
0 0.45089279174804686 0.47008102416992187 0.458231086730957 0.47008102416992187 0.458231086730957 0.4802751207351684 0.45089279174804686 0.4802751207351684
0 0.18585363388061524 0.3727464294433594 0.1933488929271698 0.3727464294433594 0.1933488929271698 0.38111476838588715 0.18585363388061524 0.38111476838588715
0 0.47898265838623044 0.7791898345947266 0.48655406355857844 0.7791898345947266 0.48655406355857844 0.7886341553926468 0.47898265838623044 0.7886341553926468
0 0.1344074821472168 0.7742813873291016 0.14076819419860842 0.7742813873291016 0.14076819419860842 0.7826886636018754 0.1344074821472168 0.7826886636018754
0 0.17821596145629884 0.8319659423828125 0.1847219866514206 0.8319659423828125 0.1847219866514206 0.8405246996879577 0.17821596145629884 0.8405246996879577
0 0.2399541664123535 0.6244888305664062 0.2470765608549118 0.6244888305664062 0.2470765608549118 0.6343200761079788 0.2399541664123535 0.6343200761079788
0 0.5557332229614258 0.8322281646728515 0.5632863235473633 0.8322281646728515 0.5632863235473633 0.8406208938360215 0.5557332229614258 0.8406208938360215
0 0.453995475769043 0.8379521179199219 0.4609149223566055 0.8379521179199219 0.4609149223566055 0.8470404267311096 0.453995475769043 0.8470404267311096
0 0.503060188293457 0.5204768371582031 0.5106714850664139 0.5204768371582031 0.5106714850664139 0.5310669112205505 0.503060188293457 0.5310669112205505
0 0.17123569488525392 0.16201444625854491 0.17806256890296937 0.16201444625854491 0.17806256890296937 0.1721024227142334 0.17123569488525392 0.1721024227142334
0 0.4710512924194336 0.010037754774093627 0.47827789604663845 0.010037754774093627 0.47827789604663845 0.018574264049530026 0.4710512924194336 0.018574264049530026
0 0.451162223815918 0.6804850769042968 0.4582261854410172 0.6804850769042968 0.4582261854410172 0.6904745239019393 0.451162223815918 0.6904745239019393
0 0.5429941177368164 0.46706912994384764 0.5516816323995589 0.46706912994384764 0.5516816323995589 0.4768517923355102 0.5429941177368164 0.4768517923355102
0 0.18472082138061524 0.6695903015136718 0.1922418224811554 0.6695903015136718 0.1922418224811554 0.6790008634328841 0.18472082138061524 0.6790008634328841
0 0.5187263870239258 0.467105712890625 0.5273170852661133 0.467105712890625 0.5273170852661133 0.4770295786857605 0.5187263870239258 0.4770295786857605
0 0.5318608474731445 0.827853012084961 0.5387480616569519 0.827853012084961 0.5387480616569519 0.837438377737999 0.5318608474731445 0.837438377737999
0 0.1549321746826172 0.47206577301025393 0.16167477011680603 0.47206577301025393 0.16167477011680603 0.4805263763666153 0.1549321746826172 0.4805263763666153
0 0.210377254486084 0.36813106536865237 0.21721342861652373 0.36813106536865237 0.21721342861652373 0.3777293181419373 0.210377254486084 0.3777293181419373
0 0.5056316757202148 0.36176040649414065 0.5126614826917647 0.36176040649414065 0.5126614826917647 0.3711605322360993 0.5056316757202148 0.3711605322360993
0 0.2179879951477051 0.07603554248809814 0.2255459451675415 0.07603554248809814 0.2255459451675415 0.0848775714635849 0.2179879951477051 0.0848775714635849
0 0.5497847366333007 0.35665779113769525 0.5575128400325775 0.35665779113769525 0.5575128400325775 0.36600122988224026 0.5497847366333007 0.36600122988224026
0 0.23218250274658203 0.3716394424438477 0.23941781520843508 0.3716394424438477 0.23941781520843508 0.381479977965355 0.23218250274658203 0.381479977965355
0 0.17089195251464845 0.07596901893615722 0.17795325279235838 0.07596901893615722 0.17795325279235838 0.08495543777942657 0.17089195251464845 0.08495543777942657
0 0.47171260833740236 0.15295388221740722 0.4787619322538376 0.15295388221740722 0.4787619322538376 0.1623472088575363 0.47171260833740236 0.1623472088575363
0 0.22191190719604492 0.16684309005737305 0.22935250401496887 0.16684309005737305 0.22935250401496887 0.17720872879028324 0.22191190719604492 0.17720872879028324
0 0.21298906326293945 0.6736427307128905 0.22056236088275907 0.6736427307128905 0.22056236088275907 0.6841376936435698 0.21298906326293945 0.6841376936435698
0 0.46804916381835937 0.21477195739746094 0.47447728335857386 0.21477195739746094 0.47447728335857386 0.22440730929374697 0.46804916381835937 0.22440730929374697
0 0.4796182632446289 0.8365847778320313 0.4865130478143692 0.8365847778320313 0.4865130478143692 0.84574542760849 0.4796182632446289 0.84574542760849
0 0.48246944427490235 0.36743846893310544 0.4901839447021485 0.36743846893310544 0.4901839447021485 0.3766309010982513 0.48246944427490235 0.3766309010982513
0 0.13132163047790527 0.4730179977416992 0.13936772882938384 0.4730179977416992 0.13936772882938384 0.48228257298469546 0.13132163047790527 0.48228257298469546
0 0.4558994674682617 0.6287787246704102 0.46230889797210695 0.6287787246704102 0.46230889797210695 0.6374533462524414 0.4558994674682617 0.6374533462524414
0 0.5200972366333008 0.6286813735961914 0.5272683942317963 0.6286813735961914 0.5272683942317963 0.6381279474496842 0.5200972366333008 0.6381279474496842
0 0.15729921340942382 0.6189950561523437 0.16360836803913115 0.6189950561523437 0.16360836803913115 0.6282089531421662 0.15729921340942382 0.6282089531421662
0 0.1658511734008789 0.023941180706024173 0.17247634172439574 0.023941180706024173 0.17247634172439574 0.031981826424598694 0.1658511734008789 0.031981826424598694
0 0.18484258651733398 0.318474178314209 0.19273733913898466 0.318474178314209 0.19273733913898466 0.32847870588302613 0.18484258651733398 0.32847870588302613
0 0.15461531639099121 0.6592919158935547 0.16159967243671416 0.6592919158935547 0.16159967243671416 0.6682237231731415 0.15461531639099121 0.6682237231731415
0 0.23469596862792969 0.6712747192382813 0.24224776804447173 0.6712747192382813 0.24224776804447173 0.6799092966318131 0.23469596862792969 0.6799092966318131
0 0.541646614074707 0.011452841758728027 0.5495444566011429 0.011452841758728027 0.5495444566011429 0.01955818235874176 0.541646614074707 0.01955818235874176
0 0.44837268829345706 0.21574651718139648 0.45588586747646337 0.21574651718139648 0.45588586747646337 0.22560565173625946 0.44837268829345706 0.22560565173625946
0 0.15149656295776368 0.7797406005859374 0.15842690706253051 0.7797406005859374 0.15842690706253051 0.7895547688007354 0.15149656295776368 0.7895547688007354
0 0.1576601219177246 0.8282248687744141 0.16412758648395537 0.8282248687744141 0.16412758648395537 0.8373723149299621 0.1576601219177246 0.8373723149299621
0 0.1400151252746582 0.36875453948974607 0.1468011462688446 0.36875453948974607 0.1468011462688446 0.3782560610771179 0.1400151252746582 0.3782560610771179
0 0.22276948928833007 0.7796756744384765 0.2301516234874725 0.7796756744384765 0.2301516234874725 0.788854666352272 0.22276948928833007 0.788854666352272
0 0.5277235412597656 0.3092271041870117 0.5357036513090133 0.3092271041870117 0.5357036513090133 0.3195866167545318 0.5277235412597656 0.3195866167545318
0 0.44841354370117187 0.319954948425293 0.45664959311485287 0.319954948425293 0.45664959311485287 0.33002005696296693 0.44841354370117187 0.33002005696296693
0 0.2295786476135254 0.5274310684204102 0.23852047562599182 0.5274310684204102 0.23852047562599182 0.5383265161514282 0.2295786476135254 0.5383265161514282
0 0.14597097396850586 0.075833740234375 0.15324792325496675 0.075833740234375 0.15324792325496675 0.08521788597106933 0.14597097396850586 0.08521788597106933
0 0.49866218566894527 0.05533040523529053 0.5059635162353515 0.05533040523529053 0.5059635162353515 0.06404102981090545 0.49866218566894527 0.06404102981090545
0 0.14520553588867188 0.02311880111694336 0.15089431405067444 0.02311880111694336 0.15089431405067444 0.03109027087688446 0.14520553588867188 0.03109027087688446
0 0.22389205932617187 0.4745366287231445 0.2328193974494934 0.4745366287231445 0.2328193974494934 0.48497229695320127 0.22389205932617187 0.48497229695320127
0 0.20962060928344728 0.8386719512939452 0.21665347695350648 0.8386719512939452 0.21665347695350648 0.8468807846307753 0.20962060928344728 0.8468807846307753
0 0.5111132049560547 0.15564167022705078 0.5185483753681184 0.15564167022705078 0.5185483753681184 0.16604886651039125 0.5111132049560547 0.16604886651039125
0 0.194320068359375 0.026339817047119136 0.20093243181705472 0.026339817047119136 0.20093243181705472 0.03578516542911529 0.194320068359375 0.03578516542911529
0 0.5188228988647461 0.00718364953994751 0.5261588281393051 0.00718364953994751 0.5261588281393051 0.017638975381851198 0.5188228988647461 0.017638975381851198
0 0.5267425155639649 0.20455442428588866 0.5344314074516296 0.20455442428588866 0.5344314074516296 0.21422770619392395 0.5267425155639649 0.21422770619392395
0 0.1948744010925293 0.15996746063232423 0.20263389468193055 0.15996746063232423 0.20263389468193055 0.17022878885269166 0.1948744010925293 0.17022878885269166
0 0.5033692932128906 0.31152469635009766 0.5113869589567184 0.31152469635009766 0.5113869589567184 0.3219661152362823 0.5033692932128906 0.3219661152362823
0 0.45565330505371093 0.7862090301513672 0.462877277135849 0.7862090301513672 0.462877277135849 0.7967909610271454 0.45565330505371093 0.7967909610271454
0 0.19740449905395507 0.4732139205932617 0.20518460392951965 0.4732139205932617 0.20518460392951965 0.48333630919456483 0.19740449905395507 0.48333630919456483
0 0.1400485610961914 0.1611236572265625 0.14805328905582427 0.1611236572265625 0.14805328905582427 0.17148349642753602 0.1400485610961914 0.17148349642753602
0 0.5423218917846679 0.6805785369873046 0.5498458939790726 0.6805785369873046 0.5498458939790726 0.6902832061052322 0.5423218917846679 0.6902832061052322
0 0.45260932922363284 0.004919968545436859 0.4597573620080948 0.004919968545436859 0.4597573620080948 0.015116980969905854 0.45260932922363284 0.015116980969905854
0 0.13797319412231446 0.6751451110839843 0.14501076340675356 0.6751451110839843 0.14501076340675356 0.6849551683664322 0.13797319412231446 0.6849551683664322
0 0.4732645797729492 0.5223928451538086 0.4806450432538986 0.5223928451538086 0.4806450432538986 0.5324204385280609 0.4732645797729492 0.5324204385280609
0 0.19386306762695313 0.07821927070617676 0.20079478681087495 0.07821927070617676 0.20079478681087495 0.08792518019676208 0.19386306762695313 0.08792518019676208
0 0.544529914855957 0.05500391483306885 0.5514898151159286 0.05500391483306885 0.5514898151159286 0.0638835370540619 0.544529914855957 0.0638835370540619
0 0.4755115127563477 0.6822295379638672 0.48382580816745757 0.6822295379638672 0.48382580816745757 0.6926840221881867 0.4755115127563477 0.6926840221881867
0 0.20087406158447266 0.7758898162841796 0.208369705080986 0.7758898162841796 0.208369705080986 0.7856294304132461 0.20087406158447266 0.7856294304132461
0 0.5015288543701172 0.8283546447753907 0.5089842516183853 0.8283546447753907 0.5089842516183853 0.8391315400600434 0.5015288543701172 0.8391315400600434
0 0.4494617462158203 0.1570928192138672 0.457476070523262 0.1570928192138672 0.457476070523262 0.1677224433422089 0.4494617462158203 0.1677224433422089
0 0.17523216247558593 0.4721614074707031 0.1829109704494476 0.4721614074707031 0.1829109704494476 0.4809108603000641 0.17523216247558593 0.4809108603000641
0 0.2627454948425293 0.2242170333862305 0.270454643368721 0.2242170333862305 0.270454643368721 0.23471838116645816 0.2627454948425293 0.23471838116645816
0 0.18156713485717774 0.5255727386474609 0.1884862118959427 0.5255727386474609 0.1884862118959427 0.536374933719635 0.18156713485717774 0.536374933719635
0 0.25333175659179685 0.3239101791381836 0.2615327644348145 0.3239101791381836 0.2615327644348145 0.33455860018730166 0.25333175659179685 0.33455860018730166
0 0.20256044387817382 0.5256980514526367 0.21037834048271178 0.5256980514526367 0.21037834048271178 0.5364186942577363 0.20256044387817382 0.5364186942577363
0 0.5281549453735351 0.3555367660522461 0.5355790561437607 0.3555367660522461 0.5355790561437607 0.36557222604751594 0.5281549453735351 0.36557222604751594
0 0.2499876403808594 0.02165672302246094 0.25648815095424654 0.02165672302246094 0.25648815095424654 0.029197311997413638 0.2499876403808594 0.029197311997413638
0 0.13628847122192383 0.8245733642578125 0.1434140890836716 0.8245733642578125 0.1434140890836716 0.8332223308086396 0.13628847122192383 0.8332223308086396
0 0.45621696472167966 0.37040950775146486 0.464249386191368 0.37040950775146486 0.464249386191368 0.38070179820060734 0.45621696472167966 0.38070179820060734
0 0.1350131320953369 0.5255822372436524 0.14263006210327148 0.5255822372436524 0.14263006210327148 0.5351024168729782 0.1350131320953369 0.5351024168729782
0 0.13268966674804689 0.6197766494750977 0.14010456562042237 0.6197766494750977 0.14010456562042237 0.6294131678342819 0.13268966674804689 0.6294131678342819
0 0.4498351287841797 0.5236999130249024 0.4573665237426758 0.5236999130249024 0.4573665237426758 0.5333579361438752 0.4498351287841797 0.5333579361438752
0 0.24660064697265624 0.0725934886932373 0.25420608878135675 0.0725934886932373 0.25420608878135675 0.0822963786125183 0.24660064697265624 0.0822963786125183
0 0.1744188072890548 0.620545017274667 0.183486699325177 0.620545017274667 0.183486699325177 0.6299731191844176 0.1744188072890548 0.6299731191844176
0 0.4957114313080119 0.012795281163232834 0.5027642362249959 0.012795281163232834 0.5027642362249959 0.022896818923679806 0.4957114313080119 0.022896818923679806
0 0.5183811613983174 0.0538748680557172 0.5269452816546549 0.0538748680557172 0.5269452816546549 0.07071076432312881 0.5183811613983174 0.07071076432312881
