0 0.554461441040039 0.6869965362548828 0.5629760819673538 0.6869965362548828 0.5629760819673538 0.6971015703678131 0.554461441040039 0.6971015703678131
0 0.4925689697265625 0.6890692901611328 0.500652756690979 0.6890692901611328 0.500652756690979 0.6981357777118683 0.4925689697265625 0.6981357777118683
0 0.4671619415283203 0.6877389526367188 0.47427371978759764 0.6877389526367188 0.47427371978759764 0.6971303814649582 0.4671619415283203 0.6971303814649582
0 0.5850015640258789 0.4494114685058594 0.5929435271024702 0.4494114685058594 0.5929435271024702 0.4594013500213623 0.5850015640258789 0.4594013500213623
0 0.5458558654785156 0.3744748306274414 0.5540144681930541 0.3744748306274414 0.5540144681930541 0.3847779130935669 0.5458558654785156 0.3847779130935669
0 0.5290609359741211 0.2878966522216797 0.5371683800220488 0.2878966522216797 0.5371683800220488 0.2998229765892029 0.5290609359741211 0.2998229765892029
0 0.4546642684936523 0.7707814788818359 0.4621197837591171 0.7707814788818359 0.4621197837591171 0.7803047025203704 0.4546642684936523 0.7803047025203704
0 0.516537094116211 0.4563450241088867 0.5244475340843202 0.4563450241088867 0.5244475340843202 0.46651291131973266 0.516537094116211 0.46651291131973266
0 0.44491207122802734 0.8473762512207033 0.45150256693363183 0.8473762512207033 0.45150256693363183 0.8555395454168321 0.44491207122802734 0.8555395454168321
0 0.5630488586425781 0.6064932250976562 0.5715682899951934 0.6064932250976562 0.5715682899951934 0.6171121168136596 0.5630488586425781 0.6171121168136596
0 0.4833142852783203 0.7715321350097656 0.49043780386447905 0.7715321350097656 0.49043780386447905 0.7810759145021439 0.4833142852783203 0.7810759145021439
0 0.5550952529907227 0.45023441314697266 0.5639811319112779 0.45023441314697266 0.5639811319112779 0.4607438838481903 0.5550952529907227 0.4607438838481903
0 0.44561573028564455 0.6849246215820313 0.4533334541320801 0.6849246215820313 0.4533334541320801 0.6947604531049728 0.44561573028564455 0.6947604531049728
0 0.539785041809082 0.7682672119140626 0.5475438994169235 0.7682672119140626 0.5475438994169235 0.778258872628212 0.539785041809082 0.778258872628212
0 0.47303932189941406 0.5323130416870118 0.4816352248191833 0.5323130416870118 0.4816352248191833 0.5428953278064729 0.47303932189941406 0.5428953278064729
0 0.5535588073730469 0.5215834045410156 0.5608129423856736 0.5215834045410156 0.5608129423856736 0.5309007138013839 0.5535588073730469 0.5309007138013839
0 0.5938691329956055 0.6838265991210938 0.6017681586742402 0.6838265991210938 0.6017681586742402 0.6946678507328033 0.5938691329956055 0.6946678507328033
0 0.44564239501953123 0.3783213424682617 0.4527519559860229 0.3783213424682617 0.4527519559860229 0.387836422920227 0.44564239501953123 0.387836422920227
0 0.4461719512939453 0.45115554809570313 0.45355191171169285 0.45115554809570313 0.45355191171169285 0.4613305115699768 0.4461719512939453 0.4613305115699768
0 0.4758564376831055 0.29418054580688474 0.4850144612789154 0.29418054580688474 0.4850144612789154 0.30429751873016353 0.4758564376831055 0.30429751873016353
0 0.5065259552001953 0.848854446411133 0.5151309657096862 0.848854446411133 0.5151309657096862 0.8580731266736984 0.5065259552001953 0.8580731266736984
0 0.5376231384277343 0.6099798965454102 0.5445475530624388 0.6099798965454102 0.5445475530624388 0.619455446600914 0.5376231384277343 0.619455446600914
0 0.5058606719970703 0.29479198455810546 0.5145698922872544 0.29479198455810546 0.5145698922872544 0.3052777171134949 0.5058606719970703 0.3052777171134949
0 0.6039677429199218 0.2875519371032715 0.6111617887020111 0.2875519371032715 0.6111617887020111 0.2987033843994141 0.6039677429199218 0.2987033843994141
0 0.4434079742431641 0.5247592926025391 0.44991058409214024 0.5247592926025391 0.44991058409214024 0.5331647109985351 0.4434079742431641 0.5331647109985351
0 0.4735939407348633 0.6075708770751953 0.4822152745723724 0.6075708770751953 0.4822152745723724 0.6175336408615112 0.4735939407348633 0.6175336408615112
0 0.4990798568725586 0.5269805908203125 0.5070187443494797 0.5269805908203125 0.5070187443494797 0.5372879815101623 0.4990798568725586 0.5372879815101623
0 0.5293184661865235 0.5266475677490234 0.5370934104919434 0.5266475677490234 0.5370934104919434 0.5373490393161774 0.5293184661865235 0.5373490393161774
0 0.4798052215576172 0.8528089904785157 0.486981081366539 0.8528089904785157 0.486981081366539 0.8623650246858596 0.4798052215576172 0.8623650246858596
0 0.5136169815063476 0.6946163940429687 0.5206611603498458 0.6946163940429687 0.5206611603498458 0.7046240246295928 0.5136169815063476 0.7046240246295928
0 0.5641375350952148 0.7656559753417969 0.5721588677167891 0.7656559753417969 0.5721588677167891 0.7750016278028488 0.5641375350952148 0.7750016278028488
0 0.5379788970947266 0.8485088348388672 0.5461006540060044 0.8485088348388672 0.5461006540060044 0.8589158821105957 0.5379788970947266 0.8589158821105957
0 0.5143994903564453 0.6102664947509766 0.5226490539312362 0.6102664947509766 0.5226490539312362 0.6206143260002137 0.5143994903564453 0.6206143260002137
0 0.4631710433959961 0.37618324279785154 0.470951931476593 0.37618324279785154 0.470951931476593 0.3866683232784271 0.4631710433959961 0.3866683232784271
0 0.5623896408081055 0.28547380447387694 0.5709862530231476 0.28547380447387694 0.5709862530231476 0.2964754509925842 0.5623896408081055 0.2964754509925842
0 0.6126750946044922 0.3675080871582031 0.6209489065408706 0.3675080871582031 0.6209489065408706 0.37735973060131073 0.6126750946044922 0.37735973060131073
0 0.4621795654296875 0.8494393920898438 0.46921945631504064 0.8494393920898438 0.46921945631504064 0.8588392013311387 0.4621795654296875 0.8588392013311387
0 0.4686215266832407 0.45285949045124746 0.47819319049914744 0.45285949045124746 0.47819319049914744 0.46565477161448016 0.4686215266832407 0.46565477161448016
0 0.5079157255064368 0.7660071610251036 0.5195024764414817 0.7660071610251036 0.5195024764414817 0.7788024421883363 0.5079157255064368 0.7788024421883363
0 0.5834814924741216 0.285847399478524 0.5885192102719671 0.285847399478524 0.5885192102719671 0.2952755013882746 0.5834814924741216 0.2952755013882746
