0 0.5005887603759765 0.5298858642578125 0.5083943408727646 0.5298858642578125 0.5083943408727646 0.5399865496158599 0.5005887603759765 0.5399865496158599
0 0.5478450393676758 0.8425297546386719 0.5564430123567582 0.8425297546386719 0.5564430123567582 0.8538769960403442 0.5478450393676758 0.8538769960403442
0 0.5069901657104492 0.8435192108154297 0.5150730657577515 0.8435192108154297 0.5150730657577515 0.8540505421161652 0.5069901657104492 0.8540505421161652
0 0.5166360855102539 0.6863213348388671 0.524545697569847 0.6863213348388671 0.524545697569847 0.6958569711446762 0.5166360855102539 0.6958569711446762
0 0.21797494888305663 0.7726804351806641 0.22524086773395538 0.7726804351806641 0.22524086773395538 0.7824782377481461 0.21797494888305663 0.7824782377481461
0 0.46923538208007814 0.37338436126708985 0.47675367712974553 0.37338436126708985 0.47675367712974553 0.38383165121078494 0.46923538208007814 0.38383165121078494
0 0.44593090057373047 0.3726070785522461 0.4540960383415222 0.3726070785522461 0.4540960383415222 0.3823153054714203 0.44593090057373047 0.3823153054714203
0 0.5397378540039063 0.22563051223754882 0.5475996786355972 0.22563051223754882 0.5475996786355972 0.2367537546157837 0.5397378540039063 0.2367537546157837
0 0.521636848449707 0.3732712936401367 0.5299567329883575 0.3732712936401367 0.5299567329883575 0.3833562064170838 0.521636848449707 0.3833562064170838
0 0.45320030212402346 0.1440510368347168 0.46146435558795934 0.1440510368347168 0.46146435558795934 0.15486471533775328 0.45320030212402346 0.15486471533775328
0 0.7737637329101562 0.7627879333496094 0.7822509318590164 0.7627879333496094 0.7822509318590164 0.7719281059503554 0.7737637329101562 0.7719281059503554
0 0.4373300933837891 0.22635898590087894 0.44598073244094855 0.22635898590087894 0.44598073244094855 0.23748691201210023 0.4373300933837891 0.23748691201210023
0 0.5621149826049805 0.5323415756225586 0.5708770757913589 0.5323415756225586 0.5708770757913589 0.5430086553096771 0.5621149826049805 0.5430086553096771
0 0.4690024948120117 0.8416289520263672 0.4769296133518219 0.8416289520263672 0.4769296133518219 0.8523511373996735 0.4690024948120117 0.8523511373996735
0 0.507137680053711 0.22693397521972655 0.5149674499034882 0.22693397521972655 0.5149674499034882 0.23732153415679932 0.507137680053711 0.23732153415679932
0 0.18903778076171876 0.7706022644042969 0.19632636606693268 0.7706022644042969 0.19632636606693268 0.7802817916870117 0.18903778076171876 0.7802817916870117
0 0.5694128036499023 0.4695103073120117 0.5781985539197921 0.4695103073120117 0.5781985539197921 0.478553985953331 0.5694128036499023 0.478553985953331
0 0.48507980346679686 0.7730064392089844 0.4930775380134582 0.7730064392089844 0.4930775380134582 0.7840110301971435 0.48507980346679686 0.7840110301971435
0 0.4981614685058594 0.3738629913330078 0.5053839027881621 0.3738629913330078 0.5053839027881621 0.38411954641342166 0.4981614685058594 0.38411954641342166
0 0.5779976654052734 0.8433616638183594 0.5866334301233291 0.8433616638183594 0.5866334301233291 0.8536016547679901 0.5779976654052734 0.8536016547679901
0 0.4618453216552734 0.470706901550293 0.4693233108520508 0.470706901550293 0.4693233108520508 0.48047375202178955 0.4618453216552734 0.48047375202178955
0 0.16255859375 0.8351995849609375 0.16988405466079712 0.8351995849609375 0.16988405466079712 0.8439661943912506 0.16255859375 0.8439661943912506
0 0.5785847854614258 0.7693017578125 0.5869823831319809 0.7693017578125 0.5869823831319809 0.7793173742294311 0.5785847854614258 0.7793173742294311
0 0.8194097900390624 0.8369305419921874 0.8276730155944824 0.8369305419921874 0.8276730155944824 0.8467869293689728 0.8194097900390624 0.8467869293689728
0 0.46636428833007815 0.30324167251586914 0.4741402971744538 0.30324167251586914 0.4741402971744538 0.3139321732521057 0.46636428833007815 0.3139321732521057
0 0.5795230865478516 0.6844204711914063 0.5870056301355362 0.6844204711914063 0.5870056301355362 0.6959895586967468 0.5795230865478516 0.6959895586967468
0 0.5288648223876953 0.46737998962402344 0.5367314970493315 0.46737998962402344 0.5367314970493315 0.4775505256652832 0.5288648223876953 0.4775505256652832
0 0.5842810440063476 0.6241203689575195 0.5921976351737975 0.6241203689575195 0.5921976351737975 0.6337981569766997 0.5842810440063476 0.6337981569766997
0 0.43583366394042966 0.4702719116210938 0.44345377326011653 0.4702719116210938 0.44345377326011653 0.479260168671608 0.43583366394042966 0.479260168671608
0 0.5243633651733398 0.1465627384185791 0.5321279597282409 0.1465627384185791 0.5321279597282409 0.15769469738006595 0.5243633651733398 0.15769469738006595
0 0.4854830551147461 0.3049520111083984 0.49258182227611547 0.3049520111083984 0.49258182227611547 0.31425949692726135 0.4854830551147461 0.31425949692726135
0 0.45583946228027344 0.770184555053711 0.4636078417301178 0.770184555053711 0.4636078417301178 0.7803269851207734 0.45583946228027344 0.7803269851207734
0 0.5283102035522461 0.5330118560791015 0.5369001919031143 0.5330118560791015 0.5369001919031143 0.5431017100811004 0.5283102035522461 0.5431017100811004
0 0.4792706298828125 0.5334852981567383 0.48647254168987275 0.5334852981567383 0.48647254168987275 0.5435797774791717 0.4792706298828125 0.5435797774791717
0 0.2592782974243164 0.7728897857666016 0.2678097641468048 0.7728897857666016 0.2678097641468048 0.7833452188968658 0.2592782974243164 0.7833452188968658
0 0.8358614349365234 0.7731504821777344 0.8443973082304 0.7731504821777344 0.8443973082304 0.782355642914772 0.8358614349365234 0.782355642914772
0 0.22504974365234376 0.8418407440185547 0.2328397697210312 0.8418407440185547 0.2328397697210312 0.8523159420490265 0.22504974365234376 0.8523159420490265
0 0.7687356567382813 0.8356974792480468 0.7780642181634904 0.8356974792480468 0.7780642181634904 0.8467199385166168 0.7687356567382813 0.8467199385166168
0 0.5526353073120117 0.36826847076416014 0.5610511207580567 0.36826847076416014 0.5610511207580567 0.3779378390312195 0.5526353073120117 0.3779378390312195
0 0.48692935943603516 0.6177223205566407 0.49541383743286127 0.6177223205566407 0.49541383743286127 0.6280876636505127 0.48692935943603516 0.6280876636505127
0 0.48736351013183593 0.6849409484863281 0.4953424376249313 0.6849409484863281 0.4953424376249313 0.6950131726264954 0.48736351013183593 0.6950131726264954
0 0.5373552322387696 0.3077798843383789 0.5447288352251053 0.3077798843383789 0.5447288352251053 0.31803995728492734 0.5373552322387696 0.31803995728492734
0 0.510117301940918 0.7685614013671875 0.5183501285314561 0.7685614013671875 0.5183501285314561 0.7781707227230072 0.510117301940918 0.7781707227230072
0 0.5439289855957031 0.6844001007080078 0.5516918647289276 0.6844001007080078 0.5516918647289276 0.6945255327224732 0.5439289855957031 0.6945255327224732
0 0.45022571563720704 0.6164572525024414 0.45802759945392607 0.6164572525024414 0.45802759945392607 0.6270298540592194 0.45022571563720704 0.6270298540592194
0 0.12745084762573242 0.8322502136230467 0.13565185546874997 0.8322502136230467 0.13565185546874997 0.8416545295715332 0.12745084762573242 0.8416545295715332
0 0.5668921661376953 0.2243598175048828 0.5753426373004913 0.2243598175048828 0.5753426373004913 0.23499971985816953 0.5668921661376953 0.23499971985816953
0 0.4501105499267578 0.5347860336303711 0.4585547226667404 0.5347860336303711 0.4585547226667404 0.5442245829105378 0.4501105499267578 0.5442245829105378
0 0.48575984954833984 0.14857884407043456 0.49406672239303584 0.14857884407043456 0.49406672239303584 0.1580045258998871 0.48575984954833984 0.1580045258998871
0 0.5636807632446289 0.305985221862793 0.572479110956192 0.305985221862793 0.572479110956192 0.31675516009330745 0.5636807632446289 0.31675516009330745
0 0.5477894592285156 0.6211944961547852 0.5559753262996673 0.6211944961547852 0.5559753262996673 0.631340879201889 0.5477894592285156 0.631340879201889
0 0.5119684982299805 0.30817476272583005 0.5201479190587998 0.30817476272583005 0.5201479190587998 0.31930342078208923 0.5119684982299805 0.31930342078208923
0 0.4727668762207031 0.2222874641418457 0.4816395074129105 0.2222874641418457 0.4816395074129105 0.2340147531032562 0.4727668762207031 0.2340147531032562
0 0.4971547698974609 0.46244144439697266 0.5056451034545899 0.46244144439697266 0.5056451034545899 0.4735958957672119 0.4971547698974609 0.4735958957672119
0 0.28430328369140623 0.8508233642578125 0.2933906316757202 0.8508233642578125 0.2933906316757202 0.8617756962776184 0.28430328369140623 0.8617756962776184
0 0.847221908569336 0.8386113739013672 0.8535137933492661 0.8386113739013672 0.8535137933492661 0.8467111819982529 0.847221908569336 0.8467111819982529
0 0.31262916564941406 0.7543070220947266 0.3198661196231842 0.7543070220947266 0.3198661196231842 0.7621700423955917 0.31262916564941406 0.7621700423955917
0 0.8022817230224609 0.7657788848876953 0.8109132885932921 0.7657788848876953 0.8109132885932921 0.7771467614173889 0.8022817230224609 0.7771467614173889
0 0.5807421875 0.3687518692016602 0.5897849124670028 0.3687518692016602 0.5897849124670028 0.37973637938499455 0.5807421875 0.37973637938499455
0 0.5188185119628906 0.6192805862426758 0.5284148114919662 0.6192805862426758 0.5284148114919662 0.6313500118255616 0.5188185119628906 0.6313500118255616
0 0.4358951950073242 0.8386494445800782 0.4437824511528015 0.8386494445800782 0.4437824511528015 0.8494060206413269 0.4358951950073242 0.8494060206413269
0 0.605640640258789 0.15528746604919433 0.6142881745100021 0.15528746604919433 0.6142881745100021 0.16650360465049743 0.605640640258789 0.16650360465049743
0 0.6013773727416992 0.7675639343261719 0.6096223235130309 0.7675639343261719 0.6096223235130309 0.7772478890419007 0.6013773727416992 0.7772478890419007
0 0.1833012580871582 0.8385012817382812 0.19222534298896787 0.8385012817382812 0.19222534298896787 0.8486309826374053 0.1833012580871582 0.8486309826374053
0 0.4547346347403356 0.6822056220563382 0.46387809254342544 0.6822056220563382 0.46387809254342544 0.6952433401258218 0.4547346347403356 0.6952433401258218
0 0.12374146226848273 0.7677656468873241 0.13105622851095464 0.7677656468873241 0.13105622851095464 0.776729078060094 0.12374146226848273 0.776729078060094
0 0.896058864702806 0.8272502355793427 0.9058118863594352 0.8272502355793427 0.9058118863594352 0.8386582388901409 0.896058864702806 0.8386582388901409
0 0.8796006406572442 0.7653210747492958 0.8899632261674127 0.7653210747492958 0.8899632261674127 0.782433079715493 0.8796006406572442 0.782433079715493
