0 0.8296896362304688 0.6154563522338867 0.8371273493766785 0.6154563522338867 0.8371273493766785 0.6247589164972306 0.8296896362304688 0.6247589164972306
0 0.517010154724121 0.45736888885498045 0.5254507488012313 0.45736888885498045 0.5254507488012313 0.46765038728713987 0.517010154724121 0.46765038728713987
0 0.7810507965087891 0.6787086486816405 0.7878321456909181 0.6787086486816405 0.7878321456909181 0.6865745937824249 0.7810507965087891 0.6865745937824249
0 0.8352658843994141 0.6781765747070313 0.8431544417142868 0.6781765747070313 0.8431544417142868 0.6869090294837952 0.8352658843994141 0.6869090294837952
0 0.7908335876464844 0.616613998413086 0.7981070619821549 0.616613998413086 0.7981070619821549 0.627269139289856 0.7908335876464844 0.627269139289856
0 0.8144705963134765 0.5193032073974609 0.8225706475973128 0.5193032073974609 0.8225706475973128 0.5303771352767944 0.8144705963134765 0.5303771352767944
0 0.7659676361083985 0.7835392761230469 0.7742183238267899 0.7835392761230469 0.7742183238267899 0.7930099242925643 0.7659676361083985 0.7930099242925643
0 0.5474336242675781 0.46035415649414063 0.5554049223661424 0.46035415649414063 0.5554049223661424 0.4693669617176056 0.5474336242675781 0.4693669617176056
0 0.5793246841430664 0.46736385345458986 0.5872904819250107 0.46736385345458986 0.5872904819250107 0.47746082305908205 0.5793246841430664 0.47746082305908205
0 0.4600302505493164 0.8259866333007813 0.46764953196048736 0.8259866333007813 0.46764953196048736 0.8345968598127366 0.4600302505493164 0.8345968598127366
0 0.58053466796875 0.520878791809082 0.588198601603508 0.520878791809082 0.588198601603508 0.5304578721523285 0.58053466796875 0.5304578721523285
0 0.7944397735595703 0.45476829528808593 0.8035551255941391 0.45476829528808593 0.8035551255941391 0.46608968377113336 0.7944397735595703 0.46608968377113336
0 0.537726058959961 0.8246165466308594 0.5444687879085541 0.8246165466308594 0.5444687879085541 0.8339284402132033 0.537726058959961 0.8339284402132033
0 0.5071250915527343 0.8341670227050781 0.5141603398323059 0.8341670227050781 0.5141603398323059 0.8434929889440537 0.5071250915527343 0.8434929889440537
0 0.5534685134887696 0.7290672302246095 0.561661536693573 0.7290672302246095 0.561661536693573 0.7385895049571991 0.5534685134887696 0.7385895049571991
0 0.47560562133789064 0.5195325469970703 0.4825850981473923 0.5195325469970703 0.4825850981473923 0.5297085785865784 0.47560562133789064 0.5297085785865784
0 0.5233745956420899 0.5238323211669922 0.5316639029979706 0.5238323211669922 0.5316639029979706 0.5339936470985412 0.5233745956420899 0.5339936470985412
0 0.5177586364746094 0.6789189910888672 0.5258363318443299 0.6789189910888672 0.5258363318443299 0.6899847757816314 0.5177586364746094 0.6899847757816314
0 0.5784523391723633 0.824034194946289 0.5866878861188888 0.824034194946289 0.5866878861188888 0.8340491783618925 0.5784523391723633 0.8340491783618925
0 0.4537210464477539 0.7823489379882812 0.4609856790304184 0.7823489379882812 0.4609856790304184 0.7914699780941009 0.4537210464477539 0.7914699780941009
0 0.7998107147216796 0.78178955078125 0.8078592526912688 0.78178955078125 0.8078592526912688 0.7919165635108948 0.7998107147216796 0.7919165635108948
0 0.5871934509277343 0.6886271667480469 0.5952488493919372 0.6886271667480469 0.5952488493919372 0.699250762462616 0.5871934509277343 0.699250762462616
0 0.9008240509033203 0.46880783081054683 0.9083738988637925 0.46880783081054683 0.9083738988637925 0.47796962678432464 0.9008240509033203 0.47796962678432464
0 0.5136524200439453 0.6320442581176757 0.5211869496107101 0.6320442581176757 0.5211869496107101 0.6424979519844054 0.5136524200439453 0.6424979519844054
0 0.7717140197753907 0.8483696746826171 0.7792921376228333 0.8483696746826171 0.7792921376228333 0.8577264750003815 0.7717140197753907 0.8577264750003815
0 0.8461250305175781 0.5207613754272461 0.8544850724935532 0.5207613754272461 0.8544850724935532 0.5312819945812225 0.8461250305175781 0.5312819945812225
0 0.8986723327636719 0.6167604446411132 0.9053859633207321 0.6167604446411132 0.9053859633207321 0.6247689372301102 0.8986723327636719 0.6247689372301102
0 0.5416433334350585 0.6286464691162109 0.5491447436809539 0.6286464691162109 0.5491447436809539 0.6386228710412979 0.5416433334350585 0.6386228710412979
0 0.5455867004394531 0.7711910247802736 0.5527566754817963 0.7711910247802736 0.5527566754817963 0.7797587162256241 0.5455867004394531 0.7797587162256241
0 0.8080465698242187 0.614946403503418 0.8155746531486511 0.614946403503418 0.8155746531486511 0.6249266397953034 0.8080465698242187 0.6249266397953034
0 0.913097152709961 0.7720660400390625 0.9196424043178559 0.7720660400390625 0.9196424043178559 0.7801505893468856 0.913097152709961 0.7801505893468856
0 0.45095321655273435 0.45990081787109377 0.45859124600887297 0.45990081787109377 0.45859124600887297 0.4693905591964722 0.45095321655273435 0.4693905591964722
0 0.9156149291992187 0.6786667633056641 0.9221430295705796 0.6786667633056641 0.9221430295705796 0.6869916582107544 0.9156149291992187 0.6869916582107544
0 0.7687667846679688 0.6787601470947264 0.7750399214029312 0.6787601470947264 0.7750399214029312 0.6876149094104765 0.7687667846679688 0.6876149094104765
0 0.5979488372802735 0.6290161514282226 0.6047136265039443 0.6290161514282226 0.6047136265039443 0.6375626546144485 0.5979488372802735 0.6375626546144485
0 0.8180220794677734 0.8387494659423829 0.8254638147354125 0.8387494659423829 0.8254638147354125 0.848253557085991 0.8180220794677734 0.848253557085991
0 0.8095793914794922 0.6812663269042969 0.8174028921127319 0.6812663269042969 0.8174028921127319 0.6910531401634217 0.8095793914794922 0.6910531401634217
0 0.4997887802124023 0.5169361114501954 0.5071539258956909 0.5169361114501954 0.5071539258956909 0.5272102177143098 0.4997887802124023 0.5272102177143098
0 0.9089837646484376 0.5237544631958008 0.91627297103405 0.5237544631958008 0.91627297103405 0.5333489209413529 0.9089837646484376 0.5333489209413529
0 0.4886766815185547 0.46061862945556636 0.49583769619464874 0.46061862945556636 0.49583769619464874 0.4700449639558792 0.4886766815185547 0.4700449639558792
0 0.48919631958007814 0.7793277740478517 0.49682748854160314 0.7793277740478517 0.49682748854160314 0.7880602288246156 0.48919631958007814 0.7880602288246156
0 0.8490415954589844 0.6098398971557617 0.8551624989509583 0.6098398971557617 0.8551624989509583 0.6184772020578384 0.8490415954589844 0.6184772020578384
0 0.7761206817626953 0.5145464324951172 0.7846399354934692 0.5145464324951172 0.7846399354934692 0.5245567119121552 0.7761206817626953 0.5245567119121552
0 0.5481398773193359 0.5148696899414062 0.5562588542699812 0.5148696899414062 0.5562588542699812 0.5253490388393403 0.5481398773193359 0.5253490388393403
0 0.917130126953125 0.8224448394775391 0.9244308662414551 0.8224448394775391 0.9244308662414551 0.8313828527927398 0.917130126953125 0.8313828527927398
0 0.8908528137207031 0.6572779083251953 0.8979028475284576 0.6572779083251953 0.8979028475284576 0.6657194578647614 0.8908528137207031 0.6657194578647614
0 0.8507492828369141 0.7776409912109375 0.8574133521318436 0.7776409912109375 0.8574133521318436 0.7860365664958955 0.8507492828369141 0.7860365664958955
0 0.8343148040771484 0.4718822479248047 0.8421821886301041 0.4718822479248047 0.8421821886301041 0.4812966042757035 0.8343148040771484 0.4812966042757035
0 0.6036637878417969 0.5166189193725585 0.6110731720924377 0.5166189193725585 0.6110731720924377 0.5267900884151459 0.6036637878417969 0.5267900884151459
0 0.43685333251953123 0.8283174133300781 0.4455495113134384 0.8283174133300781 0.4455495113134384 0.8376428264379502 0.43685333251953123 0.8376428264379502
0 0.44404369354248047 0.6186050796508789 0.4518174552917481 0.6186050796508789 0.4518174552917481 0.6278937292098998 0.44404369354248047 0.6278937292098998
0 0.481217155456543 0.6296160125732422 0.4893507999181747 0.6296160125732422 0.4893507999181747 0.6385554885864257 0.481217155456543 0.6385554885864257
0 0.8836009216308593 0.5146682357788086 0.8908063226938248 0.5146682357788086 0.8908063226938248 0.523711005449295 0.8836009216308593 0.523711005449295
0 0.8788651275634766 0.7764974975585938 0.88443718791008 0.7764974975585938 0.88443718791008 0.783896586894989 0.8788651275634766 0.783896586894989
0 0.4479579544067383 0.5186711502075195 0.4556107103824616 0.5186711502075195 0.4556107103824616 0.5274834960699081 0.4479579544067383 0.5274834960699081
0 0.4829806900024414 0.8300230407714844 0.4904640316963196 0.8300230407714844 0.4904640316963196 0.8398003667593001 0.4829806900024414 0.8398003667593001
0 0.5528570556640625 0.8282312774658203 0.5603522557020187 0.8282312774658203 0.5603522557020187 0.8392132568359374 0.5528570556640625 0.8392132568359374
0 0.8608470153808594 0.6691287231445312 0.8688931876420974 0.6691287231445312 0.8688931876420974 0.6784280461072921 0.8608470153808594 0.6784280461072921
0 0.6165014427672735 0.45836942013876375 0.6270348527082233 0.45836942013876375 0.6270348527082233 0.47122592274296893 0.6165014427672735 0.47122592274296893
0 0.4768192674633713 0.6622368185768753 0.4868947030590625 0.6622368185768753 0.4868947030590625 0.6732566779519086 0.4768192674633713 0.6732566779519086
0 0.4768192674633713 0.6824398940977695 0.4846048313327691 0.6824398940977695 0.4846048313327691 0.6940719678825266 0.4768192674633713 0.6940719678825266
0 0.8548221325529933 0.8230700355897469 0.8639816194581673 0.8230700355897469 0.8639816194581673 0.834702109374504 0.8548221325529933 0.834702109374504
0 0.8735990807085998 0.689607294269902 0.8845904649948086 0.689607294269902 0.8845904649948086 0.7012393680546591 0.8735990807085998 0.7012393680546591
0 0.7604794174297023 0.6253247812488759 0.7700968786801349 0.6253247812488759 0.7700968786801349 0.6375690694433571 0.7604794174297023 0.6375690694433571
0 0.8763469267801522 0.616141565103015 0.8836745163042914 0.616141565103015 0.8836745163042914 0.626549210068324 0.8763469267801522 0.626549210068324
0 0.9207704382702456 0.60634613454743 0.9290139764849021 0.60634613454743 0.9290139764849021 0.6204270659710834 0.9207704382702456 0.6204270659710834
0 0.8754309780896348 0.4569658185747596 0.885506413685326 0.4569658185747596 0.885506413685326 0.47043453558868886 0.8754309780896348 0.47043453558868886
