0 0.502100830078125 0.3022682762145996 0.5096899485588073 0.3022682762145996 0.5096899485588073 0.31185138881206514 0.502100830078125 0.31185138881206514
0 0.4835637664794922 0.5115226745605469 0.4914128756523132 0.5115226745605469 0.4914128756523132 0.5202988106012344 0.4835637664794922 0.5202988106012344
0 0.4372920608520508 0.46690677642822265 0.44466663956642155 0.46690677642822265 0.44466663956642155 0.47686040878295893 0.4372920608520508 0.47686040878295893
0 0.5600388336181641 0.521019287109375 0.5678072726726532 0.521019287109375 0.5678072726726532 0.5310260486602782 0.5600388336181641 0.5310260486602782
0 0.5460061264038086 0.3572109603881836 0.5539065122604371 0.3572109603881836 0.5539065122604371 0.3662466144561768 0.5460061264038086 0.3662466144561768
0 0.5105803680419921 0.3551663589477539 0.5185847854614256 0.3551663589477539 0.5185847854614256 0.3650087523460388 0.5105803680419921 0.3650087523460388
0 0.442115478515625 0.30121210098266604 0.4503018778562546 0.30121210098266604 0.4503018778562546 0.31126007318496707 0.442115478515625 0.31126007318496707
0 0.5680952835083007 0.45749828338623044 0.5754018777608871 0.45749828338623044 0.5754018777608871 0.4672924101352691 0.5680952835083007 0.4672924101352691
0 0.5164235687255859 0.5180595779418945 0.5235894626379013 0.5180595779418945 0.5235894626379013 0.5278197872638701 0.5164235687255859 0.5278197872638701
0 0.5420217132568359 0.30464815139770507 0.5502599215507507 0.30464815139770507 0.5502599215507507 0.3142158073186874 0.5420217132568359 0.3142158073186874
0 0.6091524124145508 0.46836833953857415 0.6161444860696791 0.46836833953857415 0.6161444860696791 0.47651230335235595 0.6091524124145508 0.47651230335235595
0 0.5810798263549805 0.35619625091552737 0.58885524392128 0.35619625091552737 0.58885524392128 0.36549173891544345 0.5810798263549805 0.36549173891544345
0 0.48145404815673826 0.3000760841369629 0.4888448023796081 0.3000760841369629 0.4888448023796081 0.30895616590976716 0.48145404815673826 0.30895616590976716
0 0.4882464218139648 0.46643680572509766 0.49589935481548303 0.46643680572509766 0.49589935481548303 0.4754689413309097 0.4882464218139648 0.4754689413309097
0 0.479836540222168 0.3536656188964844 0.4879607808589936 0.3536656188964844 0.4879607808589936 0.363843309879303 0.479836540222168 0.363843309879303
0 0.6030158996582031 0.514638786315918 0.6106629186868667 0.514638786315918 0.6106629186868667 0.5238143390417099 0.6030158996582031 0.5238143390417099
0 0.5256369018554687 0.47470745086669924 0.5341110301017761 0.47470745086669924 0.5341110301017761 0.4851314175128937 0.5256369018554687 0.4851314175128937
0 0.45732765197753905 0.5347528076171875 0.4654447364807129 0.5347528076171875 0.4654447364807129 0.5437510263919829 0.45732765197753905 0.5437510263919829
0 0.44088397979736327 0.353534049987793 0.4489445531368255 0.353534049987793 0.4489445531368255 0.36369699597358707 0.44088397979736327 0.36369699597358707
0 0.5736543655395507 0.30428764343261716 0.5810340011119842 0.30428764343261716 0.5810340011119842 0.31277813196182247 0.5736543655395507 0.31277813196182247
