0 0.8297291564941406 0.6155660629272461 0.8370931190252304 0.6155660629272461 0.8370931190252304 0.6248664528131486 0.8297291564941406 0.6248664528131486
0 0.5169173049926757 0.4571406936645508 0.5253090476989746 0.4571406936645508 0.5253090476989746 0.4674195837974549 0.5169173049926757 0.4674195837974549
0 0.7809364318847656 0.67879150390625 0.7878040695190429 0.67879150390625 0.7878040695190429 0.6866992723941802 0.7809364318847656 0.6866992723941802
0 0.8352947235107422 0.6781575775146484 0.8430802541971206 0.6781575775146484 0.8430802541971206 0.6868956458568574 0.8352947235107422 0.6868956458568574
0 0.7907643127441406 0.6166777038574218 0.7981020158529282 0.6166777038574218 0.7981020158529282 0.6272497916221618 0.7907643127441406 0.6272497916221618
0 0.8144022369384766 0.5193993377685547 0.8225632053613663 0.5193993377685547 0.8225632053613663 0.5304762697219849 0.8144022369384766 0.5304762697219849
0 0.765950927734375 0.7834912109375 0.7741603928804398 0.7834912109375 0.7741603928804398 0.7928840631246566 0.765950927734375 0.7928840631246566
0 0.5542779541015626 0.7288771057128907 0.5622094488143922 0.7288771057128907 0.5622094488143922 0.7384762281179428 0.5542779541015626 0.7384762281179428
0 0.5474463653564453 0.46035774230957033 0.5554775154590607 0.46035774230957033 0.5554775154590607 0.4693904316425323 0.5474463653564453 0.4693904316425323
0 0.579399299621582 0.46735424041748047 0.5873420906066895 0.46735424041748047 0.5873420906066895 0.4775892901420593 0.579399299621582 0.4775892901420593
0 0.4600737762451172 0.8259856414794923 0.4677026975154877 0.8259856414794923 0.4677026975154877 0.834613419175148 0.4600737762451172 0.834613419175148
0 0.7944884490966797 0.4549021911621094 0.8036087101697921 0.4549021911621094 0.8036087101697921 0.4660690152645111 0.7944884490966797 0.4660690152645111
0 0.47559616088867185 0.5194828796386719 0.48265506625175475 0.5194828796386719 0.48265506625175475 0.529751056432724 0.47559616088867185 0.529751056432724
0 0.5377029037475586 0.8245020294189453 0.5444953125715255 0.8245020294189453 0.5444953125715255 0.8339345699548721 0.5377029037475586 0.8339345699548721
0 0.5071000289916993 0.8341767883300781 0.5141126251220703 0.8341767883300781 0.5141126251220703 0.8435202270746232 0.5071000289916993 0.8435202270746232
0 0.5805511474609375 0.5209324264526367 0.5881978118419647 0.5209324264526367 0.5881978118419647 0.5304832822084427 0.5805511474609375 0.5304832822084427
0 0.5233517074584961 0.5237295913696289 0.5316727155447007 0.5237295913696289 0.5316727155447007 0.5340309739112854 0.5233517074584961 0.5340309739112854
0 0.517716178894043 0.678912353515625 0.5257325434684753 0.678912353515625 0.5257325434684753 0.689996954202652 0.517716178894043 0.689996954202652
0 0.5870993423461914 0.6885160064697265 0.5952918928861618 0.6885160064697265 0.5952918928861618 0.6992121016979217 0.5870993423461914 0.6992121016979217
0 0.45370758056640625 0.782235107421875 0.46099054753780366 0.782235107421875 0.46099054753780366 0.7913397026062011 0.45370758056640625 0.7913397026062011
0 0.5784407043457032 0.824046859741211 0.5866510564088823 0.824046859741211 0.5866510564088823 0.834004128575325 0.5784407043457032 0.834004128575325
0 0.7997718811035156 0.7819729614257812 0.8078299409151076 0.7819729614257812 0.8078299409151076 0.792129464149475 0.7997718811035156 0.792129464149475
0 0.513599739074707 0.631986312866211 0.5212154126167298 0.631986312866211 0.5212154126167298 0.6424951910972596 0.513599739074707 0.6424951910972596
0 0.8462149047851563 0.520705451965332 0.8544684904813766 0.520705451965332 0.8544684904813766 0.5312243318557739 0.8462149047851563 0.5312243318557739
0 0.9008678436279297 0.46887336730957035 0.9083832705020906 0.46887336730957035 0.9083832705020906 0.47803721904754637 0.9008678436279297 0.47803721904754637
0 0.7717223358154297 0.848314437866211 0.7792820012569427 0.848314437866211 0.7792820012569427 0.8577662694454192 0.7717223358154297 0.8577662694454192
0 0.5416783523559571 0.6285782241821289 0.5493030744791032 0.6285782241821289 0.5493030744791032 0.6387673795223238 0.5416783523559571 0.6387673795223238
0 0.8987350463867188 0.6167570114135742 0.905440810918808 0.6167570114135742 0.905440810918808 0.6248448812961579 0.8987350463867188 0.6248448812961579
0 0.8080382537841797 0.6149415969848633 0.8155379486083985 0.6149415969848633 0.8155379486083985 0.624826722741127 0.8080382537841797 0.624826722741127
0 0.5455322265625 0.771072998046875 0.5528437888622284 0.771072998046875 0.5528437888622284 0.779754774570465 0.5455322265625 0.779754774570465
0 0.45094932556152345 0.459896354675293 0.4585505682229996 0.459896354675293 0.4585505682229996 0.46936044096946716 0.45094932556152345 0.46936044096946716
0 0.913076171875 0.771980667114258 0.919660102725029 0.771980667114258 0.919660102725029 0.7800351732969285 0.913076171875 0.7800351732969285
0 0.5979456329345703 0.6290957260131836 0.6046356654167174 0.6290957260131836 0.6046356654167174 0.6375371962785722 0.5979456329345703 0.6375371962785722
0 0.9156538391113281 0.6786510467529296 0.922228661775589 0.6786510467529296 0.922228661775589 0.6870402181148529 0.9156538391113281 0.6870402181148529
0 0.7687415313720704 0.6788037109374999 0.7750464868545534 0.6788037109374999 0.7750464868545534 0.6876081901788711 0.7687415313720704 0.6876081901788711
0 0.81799072265625 0.8388346862792969 0.8254485446214676 0.8388346862792969 0.8254485446214676 0.8483610725402833 0.81799072265625 0.8483610725402833
0 0.49978702545166015 0.5169189834594726 0.5071202927827835 0.5169189834594726 0.5071202927827835 0.5272631776332855 0.49978702545166015 0.5272631776332855
0 0.8095586395263672 0.6812848663330078 0.817354520559311 0.6812848663330078 0.817354520559311 0.6911239391565323 0.8095586395263672 0.6911239391565323
0 0.9089816284179687 0.5237996292114258 0.9162113374471663 0.5237996292114258 0.9162113374471663 0.5333307987451553 0.9089816284179687 0.5333307987451553
0 0.48865577697753904 0.46060890197753906 0.4958426076173782 0.46060890197753906 0.4958426076173782 0.47005745232105256 0.48865577697753904 0.47005745232105256
0 0.48922637939453123 0.7793307495117188 0.49681668043136595 0.7793307495117188 0.49681668043136595 0.7880129212141037 0.48922637939453123 0.7880129212141037
0 0.8489649963378906 0.6098840713500977 0.8551018685102462 0.6098840713500977 0.8551018685102462 0.6184941792488098 0.8489649963378906 0.6184941792488098
0 0.9171063995361328 0.8224581909179688 0.9244074934720993 0.8224581909179688 0.9244074934720993 0.8313739091157912 0.9171063995361328 0.8313739091157912
0 0.5481137466430664 0.5148839950561523 0.5562264543771744 0.5148839950561523 0.5562264543771744 0.52513019323349 0.5481137466430664 0.52513019323349
0 0.8908079528808593 0.6572225952148437 0.8979091447591782 0.6572225952148437 0.8979091447591782 0.6657078653573989 0.8908079528808593 0.6657078653573989
0 0.8507221984863281 0.7775569915771483 0.8573695302009583 0.7775569915771483 0.8573695302009583 0.7859822940826414 0.8507221984863281 0.7859822940826414
0 0.7761204528808594 0.5146433639526368 0.784656326174736 0.5146433639526368 0.784656326174736 0.5247548806667328 0.7761204528808594 0.5247548806667328
0 0.43686279296875 0.8283358001708985 0.4455333632230759 0.8283358001708985 0.4455333632230759 0.8377071475982666 0.43686279296875 0.8377071475982666
0 0.4811579895019531 0.6295851516723633 0.4893661236763 0.6295851516723633 0.4893661236763 0.6386022263765335 0.4811579895019531 0.6386022263765335
0 0.44412471771240236 0.6186490631103516 0.45179607391357424 0.6186490631103516 0.45179607391357424 0.6278144961595535 0.44412471771240236 0.6278144961595535
0 0.8343099975585937 0.47182491302490237 0.842199619412422 0.47182491302490237 0.842199619412422 0.48132291615009315 0.8343099975585937 0.48132291615009315
0 0.6030545806884766 0.5150496292114258 0.6112802505493165 0.5150496292114258 0.6112802505493165 0.5262129354476929 0.6030545806884766 0.5262129354476929
0 0.8836344909667969 0.5146919631958008 0.8908306658267975 0.5146919631958008 0.8908306658267975 0.5237492007017136 0.8836344909667969 0.5237492007017136
0 0.8787925720214844 0.7765025329589844 0.8843868106603623 0.7765025329589844 0.8843868106603623 0.7839053386449814 0.8787925720214844 0.7839053386449814
0 0.4479703521728516 0.5187237930297851 0.4555639654397965 0.5187237930297851 0.4555639654397965 0.5275282722711563 0.4479703521728516 0.5275282722711563
0 0.4829536437988281 0.8299919891357422 0.49040960252285 0.8299919891357422 0.49040960252285 0.8397763514518738 0.4829536437988281 0.8397763514518738
0 0.5528938674926758 0.8282419586181641 0.5604228973388672 0.8282419586181641 0.5604228973388672 0.8392819690704346 0.5528938674926758 0.8392819690704346
0 0.8608441925048829 0.6690978240966797 0.8688331151008607 0.6690978240966797 0.8688331151008607 0.67835903942585 0.8608441925048829 0.67835903942585
0 0.6154605919825945 0.46159745975367245 0.6246200788877684 0.46159745975367245 0.6246200788877684 0.4727286308395644 0.6154605919825945 0.4727286308395644
0 0.47432122558014206 0.6636282149626119 0.48639509468241676 0.6636282149626119 0.48639509468241676 0.6725331518313256 0.47432122558014206 0.6725331518313256
0 0.47723560777724283 0.6825512058086284 0.48472973342693065 0.6825512058086284 0.48472973342693065 0.6936823768945204 0.47723560777724283 0.6936823768945204
0 0.8542808901449603 0.8219012626257282 0.8634403770501344 0.8219012626257282 0.8634403770501344 0.835815226483093 0.8542808901449603 0.835815226483093
0 0.7610206598377353 0.6254360929597347 0.7701801467429091 0.6254360929597347 0.7701801467429091 0.6399066153713941 0.7610206598377353 0.6399066153713941
0 0.8730162042691798 0.6888837681493191 0.8842573927437116 0.6888837681493191 0.8842573927437116 0.7005714977895057 0.8730162042691798 0.7005714977895057
0 0.8745150293991173 0.6169329522572952 0.8841324906495499 0.6169329522572952 0.8841324906495499 0.6291772404517764 0.8745150293991173 0.6291772404517764
0 0.9180225921986935 0.6071375217017102 0.9294719508301608 0.6071375217017102 0.9294719508301608 0.6199940243059154 0.9180225921986935 0.6199940243059154
0 0.8745150293991173 0.4577572057290398 0.8845904649948086 0.4577572057290398 0.8845904649948086 0.46877706510407274 0.8745150293991173 0.46877706510407274
