0 0.48633861541748047 0.3320215225219726 0.49268857836723323 0.3320215225219726 0.49268857836723323 0.3417592388391494 0.48633861541748047 0.3417592388391494
0 0.15868638038635255 0.3232577133178711 0.1651250272989273 0.3232577133178711 0.1651250272989273 0.3320834207534791 0.15868638038635255 0.3320834207534791
0 0.8365631103515625 0.6976908874511719 0.8443961328268051 0.6976908874511719 0.8443961328268051 0.7069683104753495 0.8365631103515625 0.7069683104753495
0 0.5163210296630859 0.4811822891235352 0.5242444223165512 0.4811822891235352 0.5242444223165512 0.4906269264221192 0.5163210296630859 0.4906269264221192
0 0.49064796447753906 0.6996487426757813 0.49827809810638424 0.6996487426757813 0.49827809810638424 0.7081855213642121 0.49064796447753906 0.7081855213642121
0 0.5076507568359375 0.6448970794677734 0.5149542164802553 0.6448970794677734 0.5149542164802553 0.6539417463541031 0.5076507568359375 0.6539417463541031
0 0.492295036315918 0.4807637405395508 0.49999513566493986 0.4807637405395508 0.49999513566493986 0.4892751801013947 0.492295036315918 0.4892751801013947
0 0.4914611053466797 0.37477401733398436 0.49758777558803563 0.37477401733398436 0.49758777558803563 0.3834261065721512 0.4914611053466797 0.3834261065721512
0 0.8752949523925782 0.5425781631469726 0.8815751266479492 0.5425781631469726 0.8815751266479492 0.5502689093351363 0.8752949523925782 0.5502689093351363
0 0.21159753799438477 0.6970815277099609 0.21781990051269534 0.6970815277099609 0.21781990051269534 0.7054254764318466 0.21159753799438477 0.7054254764318466
0 0.46809715270996094 0.5332339859008789 0.47420137822628017 0.5332339859008789 0.47420137822628017 0.5423439967632294 0.46809715270996094 0.5423439967632294
0 0.8760140228271485 0.4893948745727539 0.8822370064258576 0.4893948745727539 0.8822370064258576 0.49739063799381256 0.8760140228271485 0.49739063799381256
0 0.8386175537109375 0.5407767868041993 0.8448756086826325 0.5407767868041993 0.8448756086826325 0.5490976494550706 0.8386175537109375 0.5490976494550706
0 0.19524747848510743 0.3244343948364258 0.20119536042213443 0.3244343948364258 0.20119536042213443 0.33233526527881624 0.19524747848510743 0.33233526527881624
0 0.5326733779907227 0.6897071075439453 0.5403134775161743 0.6897071075439453 0.5403134775161743 0.6999127864837646 0.5326733779907227 0.6999127864837646
0 0.44709918975830076 0.3313412857055664 0.45447205305099486 0.3313412857055664 0.45447205305099486 0.340428329706192 0.44709918975830076 0.340428329706192
0 0.204052734375 0.64533935546875 0.21012883722782136 0.64533935546875 0.21012883722782136 0.6542240029573441 0.204052734375 0.6542240029573441
0 0.13930892944335938 0.32479759216308596 0.14679497718811035 0.32479759216308596 0.14679497718811035 0.3335215479135514 0.13930892944335938 0.3335215479135514
0 0.8610318756103515 0.6895858764648437 0.8676971274614333 0.6895858764648437 0.8676971274614333 0.6985776513814925 0.8610318756103515 0.6985776513814925
0 0.8196057891845703 0.6331529998779297 0.8259942537546157 0.6331529998779297 0.8259942537546157 0.6423903387784958 0.8196057891845703 0.6423903387784958
0 0.7951280212402344 0.689668960571289 0.801803978085518 0.689668960571289 0.801803978085518 0.6977662384510039 0.7951280212402344 0.6977662384510039
0 0.21946758270263672 0.5390581512451171 0.22709128499031067 0.5390581512451171 0.22709128499031067 0.548157884478569 0.21946758270263672 0.548157884478569
0 0.1412822723388672 0.3773567199707032 0.14782530605793 0.3773567199707032 0.14782530605793 0.3850058799982071 0.1412822723388672 0.3850058799982071
0 0.45288761138916017 0.48188373565673825 0.46003026247024537 0.48188373565673825 0.46003026247024537 0.49158302843570706 0.45288761138916017 0.49158302843570706
0 0.798798828125 0.6332028579711914 0.8063127171993256 0.6332028579711914 0.8063127171993256 0.6421206712722778 0.798798828125 0.6421206712722778
0 0.7991224670410156 0.4926780700683594 0.8054622572660446 0.4926780700683594 0.8054622572660446 0.5011472910642624 0.7991224670410156 0.5011472910642624
0 0.8619915008544922 0.4880139923095703 0.8683520501852035 0.4880139923095703 0.8683520501852035 0.4965310847759247 0.8619915008544922 0.4965310847759247
0 0.5533356857299805 0.6989931488037109 0.5598378223180771 0.6989931488037109 0.5598378223180771 0.7078099620342254 0.5533356857299805 0.7078099620342254
0 0.7958218383789063 0.38298828125 0.8023255127668382 0.38298828125 0.8023255127668382 0.391480587720871 0.7958218383789063 0.391480587720871
0 0.2091122817993164 0.48059116363525395 0.21617495715618135 0.48059116363525395 0.21617495715618135 0.4893430674076081 0.2091122817993164 0.4893430674076081
0 0.47641544342041015 0.48778892517089845 0.48378257036209105 0.48778892517089845 0.48378257036209105 0.4966404461860657 0.47641544342041015 0.4966404461860657
0 0.19414098739624022 0.6972300720214845 0.200000746846199 0.6972300720214845 0.200000746846199 0.7055321180820465 0.19414098739624022 0.7055321180820465
0 0.1398755931854248 0.47205013275146485 0.14692808151245118 0.47205013275146485 0.14692808151245118 0.4810667330026626 0.1398755931854248 0.4810667330026626
0 0.5227409744262695 0.3262873840332031 0.5302192002534867 0.3262873840332031 0.5302192002534867 0.33426061511039734 0.5227409744262695 0.33426061511039734
0 0.8619166564941406 0.38549835205078126 0.8674555969238281 0.38549835205078126 0.8674555969238281 0.39228515326976776 0.8619166564941406 0.39228515326976776
0 0.22840435028076173 0.6492198181152343 0.23521728157997132 0.6492198181152343 0.23521728157997132 0.6577577036619185 0.22840435028076173 0.6577577036619185
0 0.8548759460449219 0.5433294677734375 0.8618005973100663 0.5433294677734375 0.8618005973100663 0.5519472050666808 0.8548759460449219 0.5519472050666808
0 0.5454536819458008 0.4726767349243164 0.5530752104520797 0.4726767349243164 0.5530752104520797 0.48201139807701116 0.5454536819458008 0.48201139807701116
0 0.17479049682617187 0.48222038269042966 0.18137657165527343 0.48222038269042966 0.18137657165527343 0.49007929146289825 0.17479049682617187 0.49007929146289825
0 0.1594702911376953 0.6356302642822266 0.1665755051374435 0.6356302642822266 0.1665755051374435 0.6446663135290146 0.1594702911376953 0.6446663135290146
0 0.5349547958374024 0.526644058227539 0.5420178997516633 0.526644058227539 0.5420178997516633 0.5354964488744736 0.5349547958374024 0.5354964488744736
0 0.5111141586303711 0.6982971191406249 0.5185225373506548 0.6982971191406249 0.5185225373506548 0.7076778745651245 0.5111141586303711 0.7076778745651245
0 0.7974645233154297 0.3287783050537109 0.8051573777198792 0.3287783050537109 0.8051573777198792 0.33903503775596616 0.7974645233154297 0.33903503775596616
0 0.46640708923339846 0.3738216781616211 0.4733152693510056 0.3738216781616211 0.4733152693510056 0.3831213170289994 0.46640708923339846 0.3831213170289994
0 0.1920200538635254 0.48336387634277345 0.19856181621551514 0.48336387634277345 0.19856181621551514 0.49252116560935977 0.1920200538635254 0.49252116560935977
0 0.7804850006103515 0.6335303115844727 0.7867196351289749 0.6335303115844727 0.7867196351289749 0.6416343885660172 0.7804850006103515 0.6416343885660172
0 0.14658954620361328 0.5437879943847657 0.15339901745319368 0.5437879943847657 0.15339901745319368 0.5520954561233521 0.14658954620361328 0.5520954561233521
0 0.7742760467529297 0.6851378631591797 0.7813385003805161 0.6851378631591797 0.7813385003805161 0.6940529489517212 0.7742760467529297 0.6940529489517212
0 0.8819339752197266 0.3369414138793945 0.888650090098381 0.3369414138793945 0.888650090098381 0.3449496293067932 0.8819339752197266 0.3449496293067932
0 0.8816465759277343 0.38578372955322265 0.887474250793457 0.38578372955322265 0.887474250793457 0.3931475579738617 0.8816465759277343 0.3931475579738617
0 0.17827629089355468 0.38087387084960944 0.18485044836997985 0.38087387084960944 0.18485044836997985 0.3899298435449601 0.17827629089355468 0.3899298435449601
0 0.864325180053711 0.3339485931396484 0.8715783685445786 0.3339485931396484 0.8715783685445786 0.34400532126426697 0.864325180053711 0.34400532126426697
0 0.8186260986328125 0.3818564987182617 0.8244289922714234 0.3818564987182617 0.8244289922714234 0.38945098757743835 0.8186260986328125 0.38945098757743835
0 0.16588972091674806 0.5355014801025391 0.17270569801330568 0.5355014801025391 0.17270569801330568 0.5433244949579239 0.16588972091674806 0.5433244949579239
0 0.44719715118408204 0.38941082000732424 0.4534831219911576 0.38941082000732424 0.4534831219911576 0.39828147351741794 0.44719715118408204 0.39828147351741794
0 0.16058467864990233 0.4833903503417969 0.1667026990652084 0.4833903503417969 0.1667026990652084 0.49194464087486267 0.16058467864990233 0.49194464087486267
0 0.2298316764831543 0.6969795227050781 0.23730487525463106 0.6969795227050781 0.23730487525463106 0.7060717844963074 0.2298316764831543 0.7060717844963074
0 0.5482535171508789 0.6400443267822266 0.5563977479934692 0.6400443267822266 0.5563977479934692 0.6489167195558548 0.5482535171508789 0.6489167195558548
0 0.8617461395263671 0.6296821975708008 0.8682921600341796 0.6296821975708008 0.8682921600341796 0.638697058558464 0.8617461395263671 0.638697058558464
0 0.17180778503417968 0.6960403442382812 0.17764567673206327 0.6960403442382812 0.17764567673206327 0.7043200951814651 0.17180778503417968 0.7043200951814651
0 0.19370763778686523 0.3765076446533203 0.19985268652439117 0.3765076446533203 0.19985268652439117 0.38457705378532414 0.19370763778686523 0.38457705378532414
0 0.8109414672851563 0.6923221588134767 0.8175369310379028 0.6923221588134767 0.8175369310379028 0.7009894675016404 0.8109414672851563 0.7009894675016404
0 0.44849796295166017 0.5305180358886719 0.4556388396024704 0.5305180358886719 0.4556388396024704 0.5389874541759491 0.44849796295166017 0.5389874541759491
0 0.21413324356079103 0.31859004974365235 0.22195771992206575 0.31859004974365235 0.22195771992206575 0.32904805183410646 0.21413324356079103 0.32904805183410646
0 0.80194580078125 0.5493766784667968 0.8086568880081177 0.5493766784667968 0.8086568880081177 0.5580157619714736 0.80194580078125 0.5580157619714736
0 0.4659027862548828 0.6893952178955077 0.47307506740093225 0.6893952178955077 0.47307506740093225 0.6991297721862793 0.4659027862548828 0.6991297721862793
0 0.46960948944091796 0.6421784210205078 0.4782820999622345 0.6421784210205078 0.4782820999622345 0.6520432281494141 0.46960948944091796 0.6520432281494141
0 0.5032917022705078 0.5404708099365234 0.5108865576982496 0.5404708099365234 0.5108865576982496 0.5503106731176376 0.5032917022705078 0.5503106731176376
0 0.15496473312377929 0.6926074981689452 0.1625912445783615 0.6926074981689452 0.1625912445783615 0.7023036283254623 0.15496473312377929 0.7023036283254623
0 0.5280538940429688 0.644537353515625 0.5354997098445893 0.644537353515625 0.5354997098445893 0.6558151400089264 0.5280538940429688 0.6558151400089264
0 0.4918167495727539 0.6418416595458984 0.4986174970865249 0.6418416595458984 0.4986174970865249 0.6518657350540161 0.4918167495727539 0.6518657350540161
0 0.8392984008789063 0.33678245544433594 0.8471096587181092 0.33678245544433594 0.8471096587181092 0.34636837482452393 0.8392984008789063 0.34636837482452393
0 0.8394154357910156 0.4926078796386718 0.8471418833732605 0.4926078796386718 0.8471418833732605 0.5015357339382172 0.8394154357910156 0.5015357339382172
0 0.8394029235839844 0.6342098999023438 0.8470367538928987 0.6342098999023438 0.8470367538928987 0.643834440112114 0.8394029235839844 0.643834440112114
0 0.5023332977294922 0.33020553588867185 0.5093502116203308 0.33020553588867185 0.5093502116203308 0.3386145120859146 0.5023332977294922 0.3386145120859146
0 0.8208319854736328 0.4955926513671875 0.8280043262243271 0.4955926513671875 0.8280043262243271 0.5056445956230163 0.8208319854736328 0.5056445956230163
0 0.8173659515380859 0.33457637786865235 0.8236146622896194 0.33457637786865235 0.8236146622896194 0.344169728755951 0.8173659515380859 0.344169728755951
0 0.5085116958618164 0.3688806533813477 0.5150491404533386 0.3688806533813477 0.5150491404533386 0.3791081929206848 0.5085116958618164 0.3791081929206848
0 0.182781982421875 0.6398222351074219 0.19088988482952118 0.6398222351074219 0.19088988482952118 0.6502337098121642 0.182781982421875 0.6502337098121642
0 0.46775447845458984 0.3294522476196289 0.47459769070148466 0.3294522476196289 0.47459769070148466 0.3384255224466324 0.46775447845458984 0.3384255224466324
0 0.8179234313964844 0.5423888778686523 0.8246491861343384 0.5423888778686523 0.8246491861343384 0.5503951168060303 0.8179234313964844 0.5503951168060303
0 0.215723876953125 0.37077587127685546 0.22332650959491732 0.37077587127685546 0.22332650959491732 0.3807636183500289 0.215723876953125 0.3807636183500289
0 0.17522985458374024 0.3287172317504883 0.1827615600824356 0.3287172317504883 0.1827615600824356 0.3394320440292358 0.17522985458374024 0.3394320440292358
0 0.8410022735595704 0.38888988494873045 0.8480924648046494 0.38888988494873045 0.8480924648046494 0.3970638126134872 0.8410022735595704 0.3970638126134872
0 0.15415416461407688 0.37945498272533257 0.15919188241192256 0.37945498272533257 0.15919188241192256 0.38753621293369006 0.15415416461407688 0.38753621293369006
0 0.1853880149607199 0.5363655359376089 0.1914332763181347 0.5363655359376089 0.1914332763181347 0.5430998944445736 0.1853880149607199 0.5430998944445736
0 0.19798230945533402 0.5363655359376089 0.20604265793188706 0.5363655359376089 0.20604265793188706 0.5478139453994487 0.19798230945533402 0.5478139453994487
0 0.213095462848871 0.6434418361983468 0.22266712666477773 0.6434418361983468 0.22266712666477773 0.6575839890629726 0.213095462848871 0.6575839890629726
0 0.5274490534344396 0.36261908645792096 0.5339980865716387 0.36261908645792096 0.5339980865716387 0.3787815468746361 0.5274490534344396 0.3787815468746361
0 0.48815485461124347 0.5309780491320372 0.4936963441888737 0.5309780491320372 0.4936963441888737 0.5444467661459665 0.48815485461124347 0.5444467661459665
