0 0.14420201705092447 0.01798047921462641 0.14951966193132735 0.01798047921462641 0.14951966193132735 0.028016095520464416 0.14420201705092447 0.028016095520464416
0 0.16484699129248848 0.020071232611675996 0.1720414520130335 0.020071232611675996 0.1720414520130335 0.028016095520464416 0.16484699129248848 0.028016095520464416
0 0.19456324209473974 0.02425273940577516 0.20019368961516634 0.02425273940577516 0.20019368961516634 0.03094315027633383 0.19456324209473974 0.03094315027633383
0 0.21708503217644595 0.018816780573446247 0.22427949289699098 0.018816780573446247 0.22427949289699098 0.025089040764594995 0.21708503217644595 0.025089040764594995
0 0.24805249353879197 0.020489383291085912 0.2555597568993607 0.020489383291085912 0.2555597568993607 0.026343492802824744 0.24805249353879197 0.026343492802824744
0 0.14545322761101925 0.07275821821732549 0.1517092804114932 0.07275821821732549 0.1517092804114932 0.08153938248493374 0.14545322761101925 0.08153938248493374
0 0.16922622825282022 0.07275821821732549 0.1770462942534127 0.07275821821732549 0.1770462942534127 0.08153938248493374 0.16922622825282022 0.08153938248493374
0 0.19268642625459756 0.07610342365260482 0.20019368961516631 0.07610342365260482 0.20019368961516631 0.08446643724080316 0.19268642625459756 0.08446643724080316
0 0.21677222953642225 0.07443082093496516 0.22427949289699095 0.07443082093496516 0.22427949289699095 0.08028493044670398 0.21677222953642225 0.08028493044670398
0 0.2464884803386735 0.06941301278204615 0.25180612521907636 0.06941301278204615 0.25180612521907636 0.07944862908788415 0.2464884803386735 0.07944862908788415
0 0.139509977450569 0.1588972581757683 0.14639163553109036 0.1588972581757683 0.14639163553109036 0.17144177855806583 0.139509977450569 0.17144177855806583
0 0.17110304409296245 0.16140616225222781 0.17579508369331792 0.16140616225222781 0.17579508369331792 0.17185992923747573 0.17110304409296245 0.17185992923747573
0 0.19456324209473974 0.15973355953458815 0.2008192948952137 0.15973355953458815 0.2008192948952137 0.16935102516101622 0.19456324209473974 0.16935102516101622
0 0.22115146649675402 0.165587669046327 0.22709471665720424 0.165587669046327 0.22709471665720424 0.17729588806980467 0.22115146649675402 0.17729588806980467
0 0.2477396908987683 0.1639150663286873 0.2530573357791712 0.1639150663286873 0.2530573357791712 0.17520513467275506 0.2477396908987683 0.17520513467275506
0 0.1401355827306164 0.21743835329315664 0.14733004345116144 0.21743835329315664 0.14733004345116144 0.22580136688135496 0.1401355827306164 0.22580136688135496
0 0.1642213860124411 0.21618390125492687 0.17172864937300983 0.21618390125492687 0.17172864937300983 0.22663766824017478 0.1642213860124411 0.22663766824017478
0 0.20300891337537957 0.22538321620194504 0.2102033740959246 0.22538321620194504 0.2102033740959246 0.23541883250778298 0.20300891337537957 0.23541883250778298
0 0.2324123615376071 0.21743835329315664 0.23898121697810482 0.21743835329315664 0.23898121697810482 0.22789212027840453 0.2324123615376071 0.22789212027840453
0 0.2618158096998347 0.2237106134843054 0.26775905986028486 0.2237106134843054 0.26775905986028486 0.23500068182837314 0.2618158096998347 0.23500068182837314
0 0.13825876689047423 0.32072157110740607 0.14451481969094815 0.32072157110740607 0.14451481969094815 0.32950273537501434 0.13825876689047423 0.32950273537501434
0 0.1607805569721804 0.3232304751838655 0.1676622150527018 0.3232304751838655 0.1676622150527018 0.32992088605442416 0.1607805569721804 0.32992088605442416
0 0.18361514969391032 0.3177945163515366 0.19206082097455018 0.3177945163515366 0.19206082097455018 0.32866643401619444 0.18361514969391032 0.32866643401619444
0 0.2192746506566118 0.3253212285809151 0.22678191401718056 0.3253212285809151 0.22678191401718056 0.3353568448867531 0.2192746506566118 0.3353568448867531
0 0.25243173049912376 0.3244849272220953 0.2586877832995977 0.3244849272220953 0.2586877832995977 0.33452054352793337 0.25243173049912376 0.33452054352793337
0 0.13825876689047423 0.36880889923954646 0.14607883289106663 0.36880889923954646 0.14607883289106663 0.37842636486597464 0.13825876689047423 0.37842636486597464
0 0.1607805569721804 0.3717359539954159 0.16797501769272546 0.3717359539954159 0.16797501769272546 0.3826078716600737 0.1607805569721804 0.3826078716600737
0 0.18455355761398137 0.3729904060336455 0.19268642625459753 0.3729904060336455 0.19268642625459753 0.3817715703012538 0.18455355761398137 0.3817715703012538
0 0.20895216353582982 0.36797259788072656 0.21458261105625634 0.36797259788072656 0.21458261105625634 0.3780082141865646 0.20895216353582982 0.3780082141865646
0 0.23022274305744123 0.3704815019571861 0.23710440113796258 0.3704815019571861 0.23710440113796258 0.3842804743777133 0.23022274305744123 0.3842804743777133
0 0.12981309560983437 0.47334656909202555 0.13700755633037942 0.47334656909202555 0.13700755633037942 0.48129143200081403 0.12981309560983437 0.48129143200081403
0 0.1510836751314458 0.4704195143361561 0.15921654377206193 0.4704195143361561 0.15921654377206193 0.47961882928317434 0.1510836751314458 0.47961882928317434
0 0.173605465213152 0.4716739663743859 0.18079992593369704 0.4716739663743859 0.18079992593369704 0.4800369799625842 0.173605465213152 0.4800369799625842
0 0.19550165001481085 0.47292841841261574 0.20300891337537955 0.47292841841261574 0.20300891337537955 0.4821277333596339 0.19550165001481085 0.4821277333596339
0 0.22271547969687253 0.47334656909202555 0.23022274305744123 0.47334656909202555 0.23022274305744123 0.4842184867566834 0.22271547969687253 0.4842184867566834
0 0.13262831937004765 0.5239428013006255 0.1398227800905927 0.5239428013006255 0.1398227800905927 0.5335602669270536 0.13262831937004765 0.5335602669270536
0 0.15671412265187235 0.5310513628505941 0.16297017545234632 0.5310513628505941 0.16297017545234632 0.541086979156432 0.15671412265187235 0.541086979156432
0 0.18048712329367333 0.526451705377085 0.1858047681740762 0.526451705377085 0.1858047681740762 0.5356510203241032 0.18048712329367333 0.5356510203241032
0 0.19988088697514259 0.526869856056495 0.20770095297573504 0.526869856056495 0.20770095297573504 0.5348147189652833 0.19988088697514259 0.5348147189652833
0 0.22803312457727537 0.5285424587741346 0.2358531905778678 0.5285424587741346 0.2358531905778678 0.5377417737211528 0.22803312457727537 0.5377417737211528
0 0.1304387008898818 0.6205356082443162 0.13763316161042682 0.6205356082443162 0.13763316161042682 0.6293167725119245 0.1304387008898818 0.6293167725119245
0 0.15421170153168282 0.6167722521296269 0.16109335961220414 0.6167722521296269 0.16109335961220414 0.6293167725119245 0.15421170153168282 0.6293167725119245
0 0.173605465213152 0.6205356082443162 0.1814255312137445 0.6205356082443162 0.1814255312137445 0.6301530738707444 0.173605465213152 0.6301530738707444
0 0.20426012393547438 0.6247171150384154 0.21364420313618526 0.6247171150384154 0.21364420313618526 0.6339164299854337 0.20426012393547438 0.6339164299854337
0 0.23773000641800998 0.6238808136795956 0.24523726977857868 0.6238808136795956 0.24523726977857868 0.636425334061893 0.23773000641800998 0.636425334061893
0 0.13419233257016616 0.6736407445293757 0.14201239857075856 0.6736407445293757 0.14201239857075856 0.6853489635528534 0.13419233257016616 0.6853489635528534
0 0.15108367513144583 0.6577510187117988 0.15890374113203823 0.6577510187117988 0.15890374113203823 0.6677866350176368 0.15108367513144583 0.6677866350176368
0 0.18111272857372074 0.6694592377352765 0.19018400513440795 0.6694592377352765 0.19018400513440795 0.6786585526822945 0.18111272857372074 0.6786585526822945
0 0.2102033740959246 0.671549991132326 0.21771063745649336 0.671549991132326 0.21771063745649336 0.6845126621940334 0.2102033740959246 0.6845126621940334
0 0.2320995588975834 0.6711318404529162 0.2399196248981759 0.6711318404529162 0.2399196248981759 0.6807493060793441 0.2320995588975834 0.6807493060793441
0 0.13168991144997658 0.7731606062289358 0.1385715695304979 0.7731606062289358 0.1385715695304979 0.783196222534774 0.13168991144997658 0.783196222534774
0 0.14826845137123254 0.7800527426303838 0.15358609625163538 0.7800527426303838 0.15358609625163538 0.7896702082568116 0.14826845137123254 0.7896702082568116
0 0.16985183353286765 0.7775438385539242 0.17642068897336527 0.7775438385539242 0.17642068897336527 0.7884157562185822 0.16985183353286765 0.7884157562185822
0 0.1980040711350004 0.7762893865156945 0.20551133449556916 0.7762893865156945 0.20551133449556916 0.7850705507833027 0.1980040711350004 0.7850705507833027
0 0.22021305857668294 0.779634591950974 0.22553070345708576 0.779634591950974 0.22553070345708576 0.7900883589362218 0.22021305857668294 0.7900883589362218
0 0.2464884803386735 0.8369212350301322 0.2524317304991237 0.8369212350301322 0.2524317304991237 0.8457023992977406 0.2464884803386735 0.8457023992977406
0 0.13450513521018984 0.8243767146478348 0.14044838537064014 0.8243767146478348 0.14044838537064014 0.8319034268772133 0.13450513521018984 0.8319034268772133
0 0.15515010945175386 0.8273037694037042 0.16015495169213304 0.8273037694037042 0.16015495169213304 0.8390119884271819 0.15515010945175386 0.8390119884271819
0 0.17485667577324684 0.8323215775566233 0.1817383338537681 0.8323215775566233 0.1817383338537681 0.8406845911448216 0.17485667577324684 0.8406845911448216
0 0.19331203153464493 0.8352486323124926 0.20144490017526112 0.8352486323124926 0.20144490017526112 0.8423571938624612 0.19331203153464493 0.8423571938624612
0 0.20582413713559283 0.8394301391065917 0.2133314004961616 0.8394301391065917 0.2133314004961616 0.8473750020153802 0.20582413713559283 0.8473750020153802
