0 0.48637939453125 0.33198432922363275 0.49273391127586363 0.33198432922363275 0.49273391127586363 0.3417365533113479 0.48637939453125 0.3417365533113479
0 0.15866193771362305 0.32327266693115236 0.16506913602352144 0.32327266693115236 0.16506913602352144 0.3320178109407425 0.15866193771362305 0.3320178109407425
0 0.836581039428711 0.6977198791503906 0.8444225192070007 0.6977198791503906 0.8444225192070007 0.7069818061590195 0.836581039428711 0.7069818061590195
0 0.5163604354858399 0.48127986907958986 0.5241847640275955 0.48127986907958986 0.5241847640275955 0.4906206196546555 0.5163604354858399 0.4906206196546555
0 0.4906578063964844 0.6996516418457032 0.4982708477973938 0.6996516418457032 0.4982708477973938 0.7081813842058182 0.4906578063964844 0.7081813842058182
0 0.4921973419189453 0.4807661056518554 0.5000091028213501 0.4807661056518554 0.5000091028213501 0.48941922247409814 0.4921973419189453 0.48941922247409814
0 0.21161005020141602 0.6970922088623047 0.2178117573261261 0.6970922088623047 0.2178117573261261 0.7054096722602844 0.21161005020141602 0.7054096722602844
0 0.5077188110351563 0.6448058319091797 0.5148792046308518 0.6448058319091797 0.5148792046308518 0.6535053181648255 0.5077188110351563 0.6535053181648255
0 0.8753706359863281 0.5427141952514648 0.8815780651569367 0.5427141952514648 0.8815780651569367 0.5502648842334747 0.8753706359863281 0.5502648842334747
0 0.4914413070678711 0.3747804641723632 0.4975223487615586 0.3747804641723632 0.4975223487615586 0.38332443714141845 0.4914413070678711 0.38332443714141845
0 0.8760009765625 0.48935176849365236 0.8823275190591812 0.48935176849365236 0.8823275190591812 0.4973516035079956 0.8760009765625 0.4973516035079956
0 0.4681044387817383 0.5332404708862305 0.4741973972320557 0.5332404708862305 0.4741973972320557 0.5423356580734253 0.4681044387817383 0.5423356580734253
0 0.8386225891113281 0.5407820510864257 0.844862960577011 0.5407820510864257 0.844862960577011 0.5490724754333496 0.8386225891113281 0.5490724754333496
0 0.5327147674560547 0.6897276306152343 0.540294600725174 0.6897276306152343 0.540294600725174 0.6998841333389282 0.5327147674560547 0.6998841333389282
0 0.44726062774658204 0.3313790512084961 0.4545118939876556 0.3313790512084961 0.4545118939876556 0.340415752530098 0.44726062774658204 0.340415752530098
0 0.20409133911132812 0.6454575347900391 0.21004934906959535 0.6454575347900391 0.21004934906959535 0.654198527932167 0.20409133911132812 0.654198527932167
0 0.1953175735473633 0.3244123840332031 0.2012016260623932 0.3244123840332031 0.2012016260623932 0.33234175622463225 0.1953175735473633 0.33234175622463225
0 0.1393291187286377 0.32488067626953127 0.1467247372865677 0.32488067626953127 0.1467247372865677 0.33348955869674685 0.1393291187286377 0.33348955869674685
0 0.8610483551025391 0.6895828247070312 0.8676940310001373 0.6895828247070312 0.8676940310001373 0.6985531741380692 0.8610483551025391 0.6985531741380692
0 0.8196108245849609 0.6331583404541016 0.8260176235437393 0.6331583404541016 0.8260176235437393 0.6424179744720458 0.8196108245849609 0.6424179744720458
0 0.7951312255859375 0.6896659088134766 0.8017962408065795 0.6896659088134766 0.8017962408065795 0.6977566248178482 0.7951312255859375 0.6977566248178482
0 0.14125299453735352 0.37736492156982415 0.14779273092746734 0.37736492156982415 0.14779273092746734 0.3850125002861023 0.14125299453735352 0.3850125002861023
0 0.21945993423461915 0.5390473556518555 0.22708885550498967 0.5390473556518555 0.22708885550498967 0.5481465351581574 0.21945993423461915 0.5481465351581574
0 0.7988096618652344 0.6332395172119141 0.8063112491369248 0.6332395172119141 0.8063112491369248 0.642121792435646 0.7988096618652344 0.642121792435646
0 0.4529367828369141 0.48196090698242183 0.4599797195196152 0.48196090698242183 0.4599797195196152 0.4914499765634536 0.4529367828369141 0.4914499765634536
0 0.7991581726074218 0.4927092742919922 0.8054715263843536 0.4927092742919922 0.8054715263843536 0.5011480563879013 0.7991581726074218 0.5011480563879013
0 0.8620085144042968 0.4880149841308593 0.868362853527069 0.4880149841308593 0.868362853527069 0.49650563061237335 0.8620085144042968 0.49650563061237335
0 0.20915517807006836 0.48061813354492183 0.21616592645645144 0.48061813354492183 0.21616592645645144 0.4893059980869293 0.20915517807006836 0.4893059980869293
0 0.7958374786376953 0.38299564361572264 0.8022940754890442 0.38299564361572264 0.8022940754890442 0.39146023929119106 0.7958374786376953 0.39146023929119106
0 0.5533798599243164 0.699045867919922 0.5597676742076874 0.699045867919922 0.5597676742076874 0.7076779943704605 0.5533798599243164 0.7076779943704605
0 0.19416025161743164 0.697095489501953 0.19998118400573733 0.697095489501953 0.19998118400573733 0.7054161942005156 0.19416025161743164 0.7054161942005156
0 0.1398924446105957 0.47213603973388674 0.14686687946319577 0.47213603973388674 0.14686687946319577 0.4810693097114563 0.1398924446105957 0.4810693097114563
0 0.8619368743896484 0.3854625701904296 0.8675419956445692 0.3854625701904296 0.8675419956445692 0.3923461812734604 0.8619368743896484 0.3923461812734604
0 0.5228157806396484 0.3262896347045898 0.5302034002542495 0.3262896347045898 0.5302034002542495 0.3341731905937194 0.5228157806396484 0.3341731905937194
0 0.47651737213134765 0.48774501800537107 0.48380690395832066 0.48774501800537107 0.48380690395832066 0.4964037090539932 0.47651737213134765 0.4964037090539932
0 0.8548640441894532 0.5432623291015625 0.8617600703239442 0.5432623291015625 0.8617600703239442 0.5518599849939346 0.8548640441894532 0.5518599849939346
0 0.22842046737670899 0.6493073272705078 0.23516947984695433 0.6493073272705078 0.23516947984695433 0.6577810943126678 0.22842046737670899 0.6577810943126678
0 0.17480451583862305 0.4822066116333008 0.1813347452878952 0.4822066116333008 0.1813347452878952 0.4900030225515366 0.17480451583862305 0.4900030225515366
0 0.5454462051391602 0.4726813125610352 0.5530686801671982 0.4726813125610352 0.5530686801671982 0.48200261414051054 0.5454462051391602 0.48200261414051054
0 0.15947628974914552 0.6356443405151367 0.16657847225666048 0.6356443405151367 0.16657847225666048 0.6446658819913864 0.15947628974914552 0.6446658819913864
0 0.5349969863891602 0.5267376327514648 0.542067660689354 0.5267376327514648 0.542067660689354 0.5355657118558883 0.5349969863891602 0.5355657118558883
0 0.7974446105957032 0.32876312255859375 0.8051553851366043 0.32876312255859375 0.8051553851366043 0.3390524280071259 0.7974446105957032 0.3390524280071259
0 0.5111137771606445 0.6982917785644531 0.5185228657722474 0.6982917785644531 0.5185228657722474 0.707671189904213 0.5111137771606445 0.707671189904213
0 0.4664101791381836 0.3738114929199219 0.47331120312213903 0.3738114929199219 0.47331120312213903 0.38310429334640506 0.4664101791381836 0.38310429334640506
0 0.1920211410522461 0.48335289001464843 0.1985571223497391 0.48335289001464843 0.1985571223497391 0.49247847616672513 0.1920211410522461 0.49247847616672513
0 0.14660788536071778 0.5437854766845703 0.1533970856666565 0.5437854766845703 0.1533970856666565 0.5520589423179627 0.14660788536071778 0.5520589423179627
0 0.7804888916015625 0.6335997772216797 0.7867106926441193 0.6335997772216797 0.7867106926441193 0.6416291815042496 0.7804888916015625 0.6416291815042496
0 0.8818679809570312 0.33689804077148444 0.8885212862491607 0.33689804077148444 0.8885212862491607 0.3448832100629807 0.8818679809570312 0.3448832100629807
0 0.2297806167602539 0.6969844055175781 0.23725826621055604 0.6969844055175781 0.23725826621055604 0.7061752563714981 0.2297806167602539 0.7061752563714981
0 0.7742915344238281 0.6850607299804687 0.7813101041316985 0.6850607299804687 0.7813101041316985 0.694050133228302 0.7742915344238281 0.694050133228302
0 0.8816476440429688 0.3858201217651367 0.8874715334177018 0.3858201217651367 0.8874715334177018 0.3931535118818283 0.8816476440429688 0.3931535118818283
0 0.17823333740234376 0.38090454101562504 0.18476888954639437 0.38090454101562504 0.18476888954639437 0.3898876982927323 0.17823333740234376 0.3898876982927323
0 0.8186296081542969 0.38184520721435544 0.8244378840923309 0.38184520721435544 0.8244378840923309 0.38944250285625454 0.8186296081542969 0.38944250285625454
0 0.4472075653076172 0.38940662384033203 0.45350359022617337 0.38940662384033203 0.45350359022617337 0.39827613115310667 0.4472075653076172 0.39827613115310667
0 0.16057897567749024 0.48337722778320313 0.1667177700996399 0.48337722778320313 0.1667177700996399 0.4919415986537934 0.16057897567749024 0.4919415986537934
0 0.5482626724243164 0.6400411987304687 0.5562786823511123 0.6400411987304687 0.5562786823511123 0.648880346417427 0.5482626724243164 0.648880346417427
0 0.8617619323730469 0.6296675109863281 0.8683850747346877 0.6296675109863281 0.8683850747346877 0.6387349474430084 0.8617619323730469 0.6387349474430084
0 0.16594877243041992 0.5355585479736328 0.17268323600292204 0.5355585479736328 0.17268323600292204 0.5433730244636535 0.16594877243041992 0.5433730244636535
0 0.8643123626708984 0.3340013885498047 0.8715493458509445 0.3340013885498047 0.8715493458509445 0.34395683944225314 0.8643123626708984 0.34395683944225314
0 0.8109785461425781 0.692302474975586 0.8175896233320237 0.692302474975586 0.8175896233320237 0.7009605330228806 0.8109785461425781 0.7009605330228806
0 0.17192920684814453 0.6961547088623047 0.17769191324710845 0.6961547088623047 0.17769191324710845 0.7043208491802216 0.17192920684814453 0.7043208491802216
0 0.1937166213989258 0.37651500701904295 0.19982443988323212 0.37651500701904295 0.19982443988323212 0.38453116834163664 0.1937166213989258 0.38453116834163664
0 0.44851184844970704 0.5305054855346679 0.45566343009471894 0.5305054855346679 0.45566343009471894 0.5389962112903595 0.44851184844970704 0.5389962112903595
0 0.2141463851928711 0.31865467071533204 0.2219047695398331 0.31865467071533204 0.2219047695398331 0.3290312397480011 0.2141463851928711 0.3290312397480011
0 0.8020014953613281 0.5493642044067383 0.8086876839399337 0.5493642044067383 0.8086876839399337 0.5579892939329147 0.8020014953613281 0.5579892939329147
0 0.5032971954345703 0.5404249954223633 0.5108898621797562 0.5404249954223633 0.5108898621797562 0.55026533305645 0.5032971954345703 0.55026533305645
0 0.4658407974243164 0.6893820190429687 0.47305344343185424 0.6893820190429687 0.47305344343185424 0.6991442441940308 0.4658407974243164 0.6991442441940308
0 0.4696273422241211 0.6421776580810546 0.47825302302837375 0.6421776580810546 0.47825302302837375 0.652022699713707 0.4696273422241211 0.652022699713707
0 0.5280784225463867 0.6445325469970703 0.5355099260807037 0.6445325469970703 0.5355099260807037 0.6557003200054169 0.5280784225463867 0.6557003200054169
0 0.15502511978149414 0.6926007080078125 0.16260069429874419 0.6926007080078125 0.16260069429874419 0.7022583353519439 0.15502511978149414 0.7022583353519439
0 0.4918137359619141 0.6418531036376953 0.49862583875656125 0.6418531036376953 0.49862583875656125 0.6518767046928406 0.4918137359619141 0.6518767046928406
0 0.8392994689941407 0.3367797088623047 0.8471157538890839 0.3367797088623047 0.8471157538890839 0.34634258151054376 0.8392994689941407 0.34634258151054376
0 0.8208802795410156 0.4956316757202148 0.8280030584335326 0.4956316757202148 0.8280030584335326 0.5056604552268982 0.8208802795410156 0.5056604552268982
0 0.8394174957275391 0.49262538909912107 0.8471403354406357 0.49262538909912107 0.8471403354406357 0.5015221720933914 0.8394174957275391 0.5015221720933914
0 0.83940673828125 0.6342190551757813 0.8470498538017274 0.6342190551757813 0.8470498538017274 0.6438416981697083 0.83940673828125 0.6438416981697083
0 0.817350845336914 0.33453857421875 0.8235919266939163 0.33453857421875 0.8235919266939163 0.344162403345108 0.817350845336914 0.344162403345108
0 0.5085052490234375 0.36889507293701174 0.5151373219490053 0.36889507293701174 0.5151373219490053 0.3791264867782593 0.5085052490234375 0.3791264867782593
0 0.1827801513671875 0.6398192596435547 0.19088174045085907 0.6398192596435547 0.19088174045085907 0.6501789104938507 0.1827801513671875 0.6501789104938507
0 0.8179630279541016 0.5424006271362305 0.8246509313583374 0.5424006271362305 0.8246509313583374 0.5503697866201401 0.8179630279541016 0.5503697866201401
0 0.4678384017944336 0.32942264556884765 0.47464346706867216 0.32942264556884765 0.47464346706867216 0.33841987609863283 0.4678384017944336 0.33841987609863283
0 0.21570388793945314 0.3707867050170898 0.22332404136657716 0.3707867050170898 0.22332404136657716 0.3807449620962143 0.21570388793945314 0.3807449620962143
0 0.1752311134338379 0.32870113372802734 0.1827726221084595 0.32870113372802734 0.1827726221084595 0.33943681836128237 0.1752311134338379 0.33943681836128237
0 0.5023711776733398 0.3301383972167969 0.5093776822090148 0.3301383972167969 0.5093776822090148 0.3385776537656784 0.5023711776733398 0.3385776537656784
0 0.15264284927472319 0.3787815468746361 0.16120696953106078 0.3787815468746361 0.16120696953106078 0.38955652048577954 0.15264284927472319 0.38955652048577954
0 0.1853880149607199 0.5356921000869124 0.19143327631813464 0.5356921000869124 0.19143327631813464 0.5444467661459664 0.1853880149607199 0.5444467661459664
0 0.19798230945533402 0.5370389717883054 0.20604265793188706 0.5370389717883054 0.20604265793188706 0.5444467661459665 0.19798230945533402 0.5444467661459665
0 0.21611809352757838 0.6454621437504363 0.2226671266647777 0.6454621437504363 0.2226671266647777 0.6596042966150619 0.21611809352757838 0.6596042966150619
0 0.5278506325917284 0.3659376933284831 0.5339064917025872 0.3659376933284831 0.5339064917025872 0.376562902092289 0.5278506325917284 0.376562902092289
0 0.48735207478786036 0.5318933349726909 0.4945434074820051 0.5318933349726909 0.4945434074820051 0.5445423930248409 0.48735207478786036 0.5445423930248409
0 0.8398719604372273 0.3892119601444391 0.8463063107425147 0.3892119601444391 0.8463063107425147 0.396801394975729 0.8398719604372273 0.396801394975729
