0 0.5006612777709961 0.5312385177612304 0.5083579176664353 0.5312385177612304 0.5083579176664353 0.5405303299427031 0.5006612777709961 0.5405303299427031
0 0.516782112121582 0.6871446228027344 0.5246531039476393 0.6871446228027344 0.5246531039476393 0.6968905615806579 0.516782112121582 0.6968905615806579
0 0.5401165390014648 0.2266578483581543 0.5477776336669921 0.2266578483581543 0.5477776336669921 0.23725460290908815 0.5401165390014648 0.23725460290908815
0 0.5480075073242188 0.8441620635986328 0.5562337100505829 0.8441620635986328 0.5562337100505829 0.8550707542896271 0.5480075073242188 0.8550707542896271
0 0.5217115783691406 0.3735803985595703 0.5302106058597564 0.3735803985595703 0.5302106058597564 0.38373721837997443 0.5217115783691406 0.38373721837997443
0 0.46926876068115236 0.8435108947753905 0.4769339066743851 0.8435108947753905 0.4769339066743851 0.8534070497751235 0.46926876068115236 0.8534070497751235
0 0.46957801818847655 0.3739268112182617 0.4769899159669876 0.3739268112182617 0.4769899159669876 0.38450186371803285 0.46957801818847655 0.38450186371803285
0 0.5781697082519531 0.8445439910888672 0.5868665081262587 0.8445439910888672 0.5868665081262587 0.8543117505311967 0.5781697082519531 0.8543117505311967
0 0.5790485000610351 0.7707219696044922 0.5871192169189453 0.7707219696044922 0.5871192169189453 0.7806920462846757 0.5790485000610351 0.7806920462846757
0 0.5075384140014648 0.22756153106689453 0.5152860939502716 0.22756153106689453 0.5152860939502716 0.23768399834632872 0.5075384140014648 0.23768399834632872
0 0.5621737289428711 0.5329088973999023 0.5707188874483109 0.5329088973999023 0.5707188874483109 0.5437028300762177 0.5621737289428711 0.5437028300762177
0 0.5073515701293946 0.8447742462158203 0.5151001369953156 0.8447742462158203 0.5151001369953156 0.8547504901885987 0.5073515701293946 0.8547504901885987
0 0.4534661102294922 0.1446816062927246 0.46164638817310333 0.1446816062927246 0.46164638817310333 0.15500299096107484 0.4534661102294922 0.15500299096107484
0 0.7739623260498046 0.7632780456542969 0.7826700675487518 0.7632780456542969 0.7826700675487518 0.7732175260782241 0.7739623260498046 0.7732175260782241
0 0.4461760330200195 0.3730765151977539 0.4540798491239547 0.3730765151977539 0.4540798491239547 0.3823133796453476 0.4461760330200195 0.3823133796453476
0 0.4376774215698242 0.22711345672607422 0.4461632007360458 0.22711345672607422 0.4461632007360458 0.2374881088733673 0.4376774215698242 0.2374881088733673
0 0.498496437072754 0.3744904327392578 0.5055908274650575 0.3744904327392578 0.5055908274650575 0.3842598134279251 0.498496437072754 0.3842598134279251
0 0.5845656204223633 0.6250017547607422 0.5925852966308593 0.6250017547607422 0.5925852966308593 0.6344239383935928 0.5845656204223633 0.6344239383935928
0 0.5800309371948242 0.6862477874755859 0.5873336869478225 0.6862477874755859 0.5873336869478225 0.6970536196231842 0.5800309371948242 0.6970536196231842
0 0.48513179779052734 0.7736886596679687 0.49313796043395997 0.7736886596679687 0.49313796043395997 0.7848747754096985 0.48513179779052734 0.7848747754096985
0 0.5481289291381836 0.6222454833984375 0.5561400300264359 0.6222454833984375 0.5561400300264359 0.6320875602960587 0.5481289291381836 0.6320875602960587
0 0.5290130615234375 0.46802410125732424 0.5370766216516495 0.46802410125732424 0.5370766216516495 0.4778681546449661 0.5290130615234375 0.4778681546449661
0 0.5697927474975586 0.470468635559082 0.5782458800077438 0.470468635559082 0.5782458800077438 0.4793072301149368 0.5697927474975586 0.4793072301149368
0 0.4622041320800781 0.4714983367919922 0.46940051436424246 0.4714983367919922 0.46940051436424246 0.4812152206897736 0.4622041320800781 0.4812152206897736
0 0.21779611587524414 0.7736640167236328 0.225423544049263 0.7736640167236328 0.225423544049263 0.7828184205293657 0.21779611587524414 0.7828184205293657
0 0.5246540069580078 0.14663442611694336 0.5323783254623412 0.14663442611694336 0.5323783254623412 0.15781574845314028 0.5246540069580078 0.15781574845314028
0 0.5446142578125 0.6859170532226563 0.5516946905851363 0.6859170532226563 0.5516946905851363 0.6954208278656006 0.5446142578125 0.6954208278656006
0 0.6017938232421876 0.7693912506103515 0.609464972615242 0.7693912506103515 0.609464972615242 0.7780921602249145 0.6017938232421876 0.7780921602249145
0 0.537594108581543 0.3082390594482422 0.545045247077942 0.3082390594482422 0.545045247077942 0.3184480595588684 0.537594108581543 0.3184480595588684
0 0.5284194946289062 0.5336601257324218 0.537108428478241 0.5336601257324218 0.537108428478241 0.5438373422622681 0.5284194946289062 0.5438373422622681
0 0.4667066192626953 0.3039273262023926 0.47430954754352567 0.3039273262023926 0.47430954754352567 0.31418492913246154 0.4667066192626953 0.31418492913246154
0 0.1887778663635254 0.7713906860351563 0.19610669851303103 0.7713906860351563 0.19610669851303103 0.7805737888813019 0.1887778663635254 0.7805737888813019
0 0.4360129165649414 0.4717599868774415 0.44360898435115814 0.4717599868774415 0.44360898435115814 0.48039986133575446 0.4360129165649414 0.48039986133575446
0 0.5127042388916015 0.3089325141906738 0.5203224557638169 0.3089325141906738 0.5203224557638169 0.32001017808914184 0.5127042388916015 0.32001017808914184
0 0.8197240447998047 0.838126220703125 0.8277848255634307 0.838126220703125 0.8277848255634307 0.8480145484209061 0.8197240447998047 0.8480145484209061
0 0.5103765869140625 0.7700511932373046 0.5184665840864182 0.7700511932373046 0.5184665840864182 0.7801415216922759 0.5103765869140625 0.7801415216922759
0 0.12750530242919922 0.8333538818359375 0.13544492959976198 0.8333538818359375 0.13544492959976198 0.8426630872488022 0.12750530242919922 0.8426630872488022
0 0.7696054077148438 0.8372293090820313 0.7783832329511643 0.8372293090820313 0.7783832329511643 0.8474393367767334 0.7696054077148438 0.8474393367767334
0 0.5677201461791992 0.22538238525390625 0.5754921334981918 0.22538238525390625 0.5754921334981918 0.2353287637233734 0.5677201461791992 0.2353287637233734
0 0.4858404159545898 0.3056658935546875 0.49321744918823246 0.3056658935546875 0.49321744918823246 0.3149589109420776 0.4858404159545898 0.3149589109420776
0 0.258946475982666 0.7739102172851563 0.26752836227416993 0.7739102172851563 0.26752836227416993 0.7841745591163636 0.258946475982666 0.7841745591163636
0 0.2249370765686035 0.8424943542480469 0.23234897434711457 0.8424943542480469 0.23234897434711457 0.8522334939241408 0.2249370765686035 0.8522334939241408
0 0.5530486297607422 0.36848575592041016 0.5616145473718643 0.36848575592041016 0.5616145473718643 0.3784395462274552 0.5530486297607422 0.3784395462274552
0 0.45634471893310546 0.7712150573730467 0.4640998804569244 0.7712150573730467 0.4640998804569244 0.7816863811016083 0.45634471893310546 0.7816863811016083
0 0.4857357025146484 0.14861390113830567 0.4943903040885925 0.14861390113830567 0.4943903040885925 0.15832817614078523 0.4857357025146484 0.15832817614078523
0 0.284327392578125 0.8521150207519531 0.29302691340446474 0.8521150207519531 0.29302691340446474 0.8625862658023833 0.284327392578125 0.8625862658023833
0 0.4362480545043945 0.8411449432373048 0.4434627115726471 0.8411449432373048 0.4434627115726471 0.8507141011953355 0.4362480545043945 0.8507141011953355
0 0.1630280113220215 0.8380241394042969 0.17013794183731082 0.8380241394042969 0.17013794183731082 0.8474364405870438 0.1630280113220215 0.8474364405870438
0 0.4876138305664062 0.6860913848876953 0.49537854313850394 0.6860913848876953 0.49537854313850394 0.6961771285533905 0.4876138305664062 0.6961771285533905
0 0.8030220031738281 0.7670006561279297 0.8115640270709991 0.7670006561279297 0.8115640270709991 0.7774303150177001 0.8030220031738281 0.7774303150177001
0 0.5187303924560547 0.6211227416992188 0.5278372871875762 0.6211227416992188 0.5278372871875762 0.6323153007030488 0.5187303924560547 0.6323153007030488
0 0.4732400512695312 0.22387548446655273 0.4817632675170898 0.22387548446655273 0.4817632675170898 0.23480024337768557 0.4732400512695312 0.23480024337768557
0 0.8364622497558594 0.7739921569824217 0.8448364269733428 0.7739921569824217 0.8448364269733428 0.7832455450296401 0.8364622497558594 0.7832455450296401
0 0.8479330444335937 0.8403861236572266 0.8537653911113738 0.8403861236572266 0.8537653911113738 0.8478870439529419 0.8479330444335937 0.8478870439529419
0 0.4795575714111328 0.5348584365844726 0.4867407643795013 0.5348584365844726 0.4867407643795013 0.5442012429237365 0.4795575714111328 0.5442012429237365
0 0.49799156188964844 0.46412662506103514 0.5056567966938019 0.46412662506103514 0.5056567966938019 0.47447449564933775 0.49799156188964844 0.47447449564933775
0 0.45055240631103516 0.6178860092163085 0.4581083458662033 0.6178860092163085 0.4581083458662033 0.6275853413343428 0.45055240631103516 0.6275853413343428
0 0.5641919326782227 0.3073036575317383 0.5727845233678818 0.3073036575317383 0.5727845233678818 0.3179821610450745 0.5641919326782227 0.3179821610450745
0 0.48720020294189453 0.6188555526733398 0.495977880358696 0.6188555526733398 0.495977880358696 0.6291484355926513 0.48720020294189453 0.6291484355926513
0 0.4560283660888672 0.6838232421875 0.46388962924480437 0.6838232421875 0.46388962924480437 0.6943258750438691 0.4560283660888672 0.6943258750438691
0 0.4502380752563477 0.5355387115478516 0.4584715229272843 0.5355387115478516 0.4584715229272843 0.5445698195695877 0.4502380752563477 0.5445698195695877
0 0.6060581970214843 0.15626060485839843 0.6143205946683883 0.15626060485839843 0.6143205946683883 0.16689480423927308 0.6060581970214843 0.16689480423927308
0 0.5809171295166016 0.3687335968017579 0.5905241930484771 0.3687335968017579 0.5905241930484771 0.3807874476909638 0.5809171295166016 0.3807874476909638
0 0.12136416323967936 0.7687434757425351 0.13209248706197146 0.7687434757425351 0.13209248706197146 0.7786032500325821 0.12136416323967936 0.7786032500325821
0 0.18372254545675218 0.8404509251246948 0.19042774784568473 0.8404509251246948 0.19042774784568473 0.8503106994147417 0.18372254545675218 0.8503106994147417
0 0.879722553427952 0.7678471326252579 0.8870982760557778 0.7678471326252579 0.8870982760557778 0.7794995931498588 0.879722553427952 0.7794995931498588
0 0.8964855594002834 0.8270057783655396 0.9052023225058958 0.8270057783655396 0.9052023225058958 0.8395545820074177 0.8964855594002834 0.8395545820074177
