0 0.5008097839355469 0.5303146743774414 0.5084532546997071 0.5303146743774414 0.5084532546997071 0.5401815372705459 0.5008097839355469 0.5401815372705459
0 0.5479543685913086 0.8433596801757813 0.5564452344179153 0.8433596801757813 0.5564452344179153 0.854297069311142 0.5479543685913086 0.854297069311142
0 0.5398359680175782 0.22616239547729491 0.5478487837314606 0.22616239547729491 0.5478487837314606 0.23717597961425782 0.5398359680175782 0.23717597961425782
0 0.5167194366455078 0.6867767333984374 0.5246280431747435 0.6867767333984374 0.5246280431747435 0.6964158606529235 0.5167194366455078 0.6964158606529235
0 0.46939907073974607 0.37340095520019534 0.4770252418518066 0.37340095520019534 0.4770252418518066 0.3840171194076538 0.46939907073974607 0.3840171194076538
0 0.5216510391235352 0.37334686279296875 0.5301790463924408 0.37334686279296875 0.5301790463924408 0.3837478232383728 0.5216510391235352 0.3837478232383728
0 0.5782125091552734 0.8439492797851562 0.586799481511116 0.8439492797851562 0.586799481511116 0.8539840292930604 0.5782125091552734 0.8539840292930604
0 0.45336166381835935 0.14437103271484375 0.46157018244266507 0.14437103271484375 0.46157018244266507 0.15486974239349363 0.45336166381835935 0.15486974239349363
0 0.4692950057983398 0.8427028656005859 0.47690896391868587 0.8427028656005859 0.47690896391868587 0.8527997565269471 0.4692950057983398 0.8527997565269471
0 0.5790272903442383 0.7702860260009765 0.5870774841308594 0.7702860260009765 0.5870774841308594 0.7802450346946715 0.5790272903442383 0.7802450346946715
0 0.5070383834838867 0.8440306091308594 0.5150511401891709 0.8440306091308594 0.5150511401891709 0.8543455505371094 0.5070383834838867 0.8543455505371094
0 0.5073628234863281 0.227158203125 0.5152046585083009 0.227158203125 0.5152046585083009 0.23747191905975343 0.5073628234863281 0.23747191905975343
0 0.773756103515625 0.7631639862060546 0.7821338886022567 0.7631639862060546 0.7821338886022567 0.772615817785263 0.773756103515625 0.772615817785263
0 0.44610038757324216 0.3728214645385742 0.45417370617389674 0.3728214645385742 0.45417370617389674 0.3821971207857132 0.44610038757324216 0.3821971207857132
0 0.5621011352539063 0.5327812957763672 0.5708003008365631 0.5327812957763672 0.5708003008365631 0.5433182799816132 0.5621011352539063 0.5433182799816132
0 0.43755908966064455 0.22663928985595702 0.44600160598754884 0.22663928985595702 0.44600160598754884 0.2374473547935486 0.43755908966064455 0.2374473547935486
0 0.461955680847168 0.47101001739501946 0.46936216711997986 0.47101001739501946 0.46936216711997986 0.48083632171154017 0.461955680847168 0.48083632171154017
0 0.5697824096679688 0.4698880386352539 0.5783442461490631 0.4698880386352539 0.5783442461490631 0.47870449602603915 0.5697824096679688 0.47870449602603915
0 0.49828563690185546 0.3740464019775391 0.5055358684062957 0.3740464019775391 0.5055358684062957 0.3842489182949066 0.49828563690185546 0.3842489182949066
0 0.485177116394043 0.7733627319335936 0.4930382609367371 0.7733627319335936 0.4930382609367371 0.784444487094879 0.485177116394043 0.784444487094879
0 0.5844847488403321 0.6248476028442382 0.5923518371582032 0.6248476028442382 0.5923518371582032 0.63424729347229 0.5844847488403321 0.63424729347229
0 0.5798417282104492 0.685350341796875 0.5871816790103913 0.685350341796875 0.5871816790103913 0.696654179096222 0.5798417282104492 0.696654179096222
0 0.5290200424194336 0.4678131103515625 0.5368336069583892 0.4678131103515625 0.5368336069583892 0.4777208477258682 0.5290200424194336 0.4777208477258682
0 0.46657035827636717 0.30343706130981446 0.47421096026897425 0.30343706130981446 0.47421096026897425 0.3139138603210449 0.46657035827636717 0.3139138603210449
0 0.8196746826171875 0.8376614379882813 0.827913955450058 0.8376614379882813 0.827913955450058 0.8474798756837846 0.8196746826171875 0.8474798756837846
0 0.5245246887207031 0.14659246444702148 0.5323435759544373 0.14659246444702148 0.5323435759544373 0.15786139607429503 0.5245246887207031 0.15786139607429503
0 0.5481467437744141 0.6217119216918945 0.5562101858854294 0.6217119216918945 0.5562101858854294 0.6318285775184631 0.5481467437744141 0.6318285775184631
0 0.5284328460693359 0.5333521270751953 0.536940803527832 0.5333521270751953 0.536940803527832 0.5435883235931396 0.5284328460693359 0.5435883235931396
0 0.4359718322753906 0.47087860107421875 0.4435645288228989 0.47087860107421875 0.4435645288228989 0.4795435374975205 0.4359718322753906 0.4795435374975205
0 0.21800155639648439 0.7733028411865235 0.2248970949649811 0.7733028411865235 0.2248970949649811 0.7827427345514298 0.21800155639648439 0.7827427345514298
0 0.5444432830810547 0.6852950286865235 0.5517444956302643 0.6852950286865235 0.5517444956302643 0.6951204240322113 0.5444432830810547 0.6951204240322113
0 0.18895818710327147 0.7710048675537109 0.1962055057287216 0.7710048675537109 0.1962055057287216 0.7803502041101456 0.18895818710327147 0.7803502041101456
0 0.48560203552246095 0.30527366638183595 0.4928897631168366 0.30527366638183595 0.4928897631168366 0.3145344072580338 0.48560203552246095 0.3145344072580338
0 0.5374755859375 0.30811002731323245 0.5449659955501557 0.30811002731323245 0.5449659955501557 0.3182406175136566 0.5374755859375 0.3182406175136566
0 0.47929283142089846 0.5340666580200195 0.4865933340787888 0.5340666580200195 0.4865933340787888 0.543713651895523 0.47929283142089846 0.543713651895523
0 0.5100710296630859 0.7695396423339844 0.5184018552303313 0.7695396423339844 0.5184018552303313 0.7792126870155335 0.5100710296630859 0.7792126870155335
0 0.2591125679016113 0.7733612823486328 0.2675517427921295 0.7733612823486328 0.2675517427921295 0.7837091922760009 0.2591125679016113 0.7837091922760009
0 0.22500574111938476 0.8421961975097657 0.23260670304298403 0.8421961975097657 0.23260670304298403 0.8521174937486649 0.22500574111938476 0.8521174937486649
0 0.6017461395263672 0.7686404418945313 0.6097885859012605 0.7686404418945313 0.6097885859012605 0.7777640116214752 0.6017461395263672 0.7777640116214752
0 0.7692622375488282 0.8364561462402343 0.7782370078563691 0.8364561462402343 0.7782370078563691 0.8472034728527069 0.7692622375488282 0.8472034728527069
0 0.45618709564208987 0.7706867980957032 0.4639551204442979 0.7706867980957032 0.4639551204442979 0.7809726452827455 0.45618709564208987 0.7809726452827455
0 0.5123882675170899 0.3086322593688965 0.5202477264404297 0.3086322593688965 0.5202477264404297 0.3195481634140015 0.5123882675170899 0.3195481634140015
0 0.8359830474853516 0.7735906982421875 0.8443642038106919 0.7735906982421875 0.8443642038106919 0.7825747251510621 0.8359830474853516 0.7825747251510621
0 0.1274526023864746 0.8327983093261718 0.13558642387390132 0.8327983093261718 0.13558642387390132 0.8422925174236298 0.1274526023864746 0.8422925174236298
0 0.5528689193725586 0.36836536407470705 0.5613650488853453 0.36836536407470705 0.5613650488853453 0.37812363624572753 0.5528689193725586 0.37812363624572753
0 0.5674802017211914 0.22482755661010742 0.5753970885276795 0.22482755661010742 0.5753970885276795 0.235071382522583 0.5674802017211914 0.235071382522583
0 0.45046382904052734 0.6173057174682617 0.45815189301967624 0.6173057174682617 0.45815189301967624 0.6274006712436675 0.45046382904052734 0.6274006712436675
0 0.48755374908447263 0.6853948211669922 0.495355662703514 0.6853948211669922 0.495355662703514 0.6954760575294495 0.48755374908447263 0.6954760575294495
0 0.485883903503418 0.14867389678955079 0.4942196673154831 0.14867389678955079 0.4942196673154831 0.15814403116703032 0.485883903503418 0.15814403116703032
0 0.1630649185180664 0.838036880493164 0.1702094918489456 0.838036880493164 0.1702094918489456 0.8474766945838929 0.1630649185180664 0.8474766945838929
0 0.48705970764160156 0.6185594940185547 0.49573731601238247 0.6185594940185547 0.49573731601238247 0.6288457763195038 0.48705970764160156 0.6288457763195038
0 0.8029166412353516 0.7669113159179688 0.8114150768518448 0.7669113159179688 0.8114150768518448 0.777398294210434 0.8029166412353516 0.777398294210434
0 0.5638686752319336 0.30603981018066406 0.5729834359884263 0.30603981018066406 0.5729834359884263 0.3173610019683838 0.5638686752319336 0.3173610019683838
0 0.8475457763671875 0.83943603515625 0.8536081290245056 0.83943603515625 0.8536081290245056 0.8472789734601973 0.8475457763671875 0.8472789734601973
0 0.47293968200683595 0.22234088897705076 0.4818268030881882 0.22234088897705076 0.4818268030881882 0.2342449378967285 0.47293968200683595 0.2342449378967285
0 0.2842826843261719 0.8519642639160155 0.2927768325805664 0.8519642639160155 0.2927768325805664 0.8624430203437805 0.2842826843261719 0.8624430203437805
0 0.49796508789062494 0.4640494918823242 0.5055794602632523 0.4640494918823242 0.5055794602632523 0.47440756082534785 0.49796508789062494 0.47440756082534785
0 0.45019287109375 0.5353316116333008 0.4584881222248077 0.5353316116333008 0.4584881222248077 0.5444567233324051 0.45019287109375 0.5444567233324051
0 0.43621009826660156 0.8408586883544922 0.44339293658733364 0.8408586883544922 0.44339293658733364 0.850522482395172 0.43621009826660156 0.850522482395172
0 0.5187390899658203 0.6206642150878906 0.527720188498497 0.6206642150878906 0.527720188498497 0.6314957416057586 0.5187390899658203 0.6314957416057586
0 0.4557945251464844 0.683621826171875 0.4638477057218552 0.683621826171875 0.4638477057218552 0.6940718829631805 0.4557945251464844 0.6940718829631805
0 0.6058658599853516 0.15559038162231445 0.6143342512845993 0.15559038162231445 0.6143342512845993 0.1665649390220642 0.6058658599853516 0.1665649390220642
0 0.5809299850463867 0.36872867584228514 0.5901789402961731 0.36872867584228514 0.5901789402961731 0.3802546751499176 0.5809299850463867 0.3802546751499176
0 0.1225223345614041 0.7677656468873241 0.1304466646574153 0.7677656468873241 0.1304466646574153 0.7791736501981221 0.1225223345614041 0.7791736501981221
0 0.18286915606179716 0.8411028110281691 0.1907934861578084 0.8411028110281691 0.1907934861578084 0.8476216700629107 0.18286915606179716 0.8476216700629107
0 0.8820388960714015 0.7645062173699532 0.8893536623138736 0.7645062173699532 0.8893536623138736 0.7791736501981221 0.8820388960714015 0.7791736501981221
0 0.896058864702806 0.8280650929586855 0.9045927586523566 0.8280650929586855 0.9045927586523566 0.8378433815107982 0.896058864702806 0.8378433815107982
