0 0.48640377044677735 0.3319227600097656 0.49275881946086886 0.3319227600097656 0.49275881946086886 0.34169720053672786 0.48640377044677735 0.34169720053672786
0 0.15865377426147462 0.32328468322753906 0.16504512190818785 0.32328468322753906 0.16504512190818785 0.33200824379920957 0.15865377426147462 0.33200824379920957
0 0.8365802764892578 0.6977059936523438 0.844422229528427 0.6977059936523438 0.844422229528427 0.7069739294052124 0.8365802764892578 0.7069739294052124
0 0.5163509750366211 0.4812615203857422 0.5241837608814238 0.4812615203857422 0.5241837608814238 0.4906220364570618 0.5163509750366211 0.4906220364570618
0 0.4906534957885742 0.6996550750732422 0.4982551527023315 0.6996550750732422 0.4982551527023315 0.7081795990467072 0.4906534957885742 0.7081795990467072
0 0.2116180419921875 0.6971126556396483 0.21780512630939486 0.6971126556396483 0.21780512630939486 0.7054186546802519 0.2116180419921875 0.7054186546802519
0 0.49229774475097654 0.48069679260253906 0.4999919891357422 0.48069679260253906 0.4999919891357422 0.4891447854042053 0.49229774475097654 0.4891447854042053
0 0.8753719329833984 0.5427013778686524 0.8815619742870331 0.5427013778686524 0.8815619742870331 0.550252383351326 0.8753719329833984 0.550252383351326
0 0.49144561767578127 0.3747796630859375 0.4975168412923813 0.3747796630859375 0.4975168412923813 0.38330754756927493 0.49144561767578127 0.38330754756927493
0 0.5077310562133789 0.6447914886474609 0.5148502278327941 0.6447914886474609 0.5148502278327941 0.65340147793293 0.5077310562133789 0.65340147793293
0 0.4681081771850586 0.5332320022583008 0.47420642912387845 0.5332320022583008 0.47420642912387845 0.5423003876209259 0.4681081771850586 0.5423003876209259
0 0.8386310577392578 0.5407760238647461 0.844870601296425 0.5407760238647461 0.844870601296425 0.5490502011775971 0.8386310577392578 0.5490502011775971
0 0.8761578369140625 0.4893404769897461 0.882360416650772 0.4893404769897461 0.882360416650772 0.4971837317943573 0.8761578369140625 0.4971837317943573
0 0.5327275466918945 0.6897105407714844 0.5403137671947479 0.6897105407714844 0.5403137671947479 0.6998836469650268 0.5327275466918945 0.6998836469650268
0 0.19531944274902344 0.3243688201904297 0.20116233170032502 0.3243688201904297 0.20116233170032502 0.33221351802349086 0.19531944274902344 0.33221351802349086
0 0.2040764045715332 0.64548095703125 0.20998953998088837 0.64548095703125 0.20998953998088837 0.6542030549049377 0.2040764045715332 0.6542030549049377
0 0.4473265075683594 0.3314126205444336 0.4545148760080338 0.3314126205444336 0.4545148760080338 0.3404070049524307 0.4473265075683594 0.3404070049524307
0 0.13933616638183594 0.32486324310302733 0.14672270655632016 0.32486324310302733 0.14672270655632016 0.3334649109840393 0.13933616638183594 0.3334649109840393
0 0.8610611724853515 0.6895367431640625 0.8676961433887481 0.6895367431640625 0.8676961433887481 0.6984649533033371 0.8610611724853515 0.6984649533033371
0 0.8196063995361328 0.6331559753417969 0.8260027891397476 0.6331559753417969 0.8260027891397476 0.6424033153057099 0.8196063995361328 0.6424033153057099
0 0.7951273345947265 0.6896633911132812 0.8017929416894912 0.6896633911132812 0.8017929416894912 0.6977593249082564 0.7951273345947265 0.6977593249082564
0 0.21946203231811523 0.5390447235107422 0.2270921516418457 0.5390447235107422 0.2270921516418457 0.548153904080391 0.21946203231811523 0.548153904080391
0 0.14124735832214355 0.37738594055175784 0.147770579457283 0.37738594055175784 0.147770579457283 0.3850070732831955 0.14124735832214355 0.3850070732831955
0 0.7988626861572266 0.6333522415161132 0.8063365948200225 0.6333522415161132 0.8063365948200225 0.6421407508850097 0.7988626861572266 0.6421407508850097
0 0.452945671081543 0.4819742584228515 0.4599644184112549 0.4819742584228515 0.4599644184112549 0.49142862021923067 0.452945671081543 0.49142862021923067
0 0.7991639709472657 0.49268398284912107 0.805482410788536 0.49268398284912107 0.805482410788536 0.5011375892162323 0.7991639709472657 0.5011375892162323
0 0.8619997406005859 0.48801448822021487 0.8683633655309677 0.48801448822021487 0.8683633655309677 0.49649596333503726 0.8619997406005859 0.49649596333503726
0 0.20915090560913085 0.4806130599975586 0.2161545717716217 0.4806130599975586 0.2161545717716217 0.489308711886406 0.20915090560913085 0.489308711886406
0 0.7958454895019531 0.38298179626464846 0.8022673106193542 0.38298179626464846 0.8022673106193542 0.391403659582138 0.7958454895019531 0.391403659582138
0 0.5533565139770508 0.6990670776367187 0.5597438549995423 0.6990670776367187 0.5597438549995423 0.7077143836021423 0.5533565139770508 0.7077143836021423
0 0.13990659713745118 0.4721485900878906 0.1468542104959488 0.4721485900878906 0.1468542104959488 0.4810617786645889 0.13990659713745118 0.4810617786645889
0 0.8618814849853516 0.3853385925292968 0.8674921655654907 0.3853385925292968 0.8674921655654907 0.3922435504198074 0.8618814849853516 0.3922435504198074
0 0.19412948608398437 0.697069091796875 0.1999767220020294 0.697069091796875 0.1999767220020294 0.7053317654132844 0.19412948608398437 0.7053317654132844
0 0.5227894210815429 0.32629684448242186 0.5301653897762298 0.32629684448242186 0.5301653897762298 0.33416247367858887 0.5227894210815429 0.33416247367858887
0 0.4765547561645508 0.4877046585083008 0.4838942337036133 0.4877046585083008 0.4838942337036133 0.4963770663738251 0.4765547561645508 0.4963770663738251
0 0.8548651123046875 0.5432509994506836 0.8616550368070602 0.5432509994506836 0.8616550368070602 0.5517491173744201 0.8548651123046875 0.5517491173744201
0 0.2284221839904785 0.6493341064453125 0.23517062008380887 0.6493341064453125 0.23517062008380887 0.657793128490448 0.2284221839904785 0.657793128490448
0 0.17480592727661132 0.4822008132934571 0.18132381081581114 0.4822008132934571 0.18132381081581114 0.48998587906360636 0.17480592727661132 0.48998587906360636
0 0.5454509353637695 0.4726718902587891 0.5530631786584854 0.4726718902587891 0.5530631786584854 0.481983625292778 0.5454509353637695 0.481983625292778
0 0.15947532653808594 0.6356145858764648 0.16658145725727083 0.6356145858764648 0.16658145725727083 0.6446471172571182 0.15947532653808594 0.6446471172571182
0 0.535003662109375 0.5268848037719727 0.5420341789722443 0.5268848037719727 0.5420341789722443 0.535638644695282 0.535003662109375 0.535638644695282
0 0.5111136627197266 0.698282928466797 0.5185193800926208 0.698282928466797 0.5185193800926208 0.7076486623287201 0.5111136627197266 0.7076486623287201
0 0.7974541473388672 0.32878913879394533 0.8050965529680253 0.32878913879394533 0.8050965529680253 0.33903160095214846 0.7974541473388672 0.33903160095214846
0 0.46641456604003906 0.3738139724731446 0.47331201195716854 0.3738139724731446 0.47331201195716854 0.38311337411403656 0.46641456604003906 0.38311337411403656
0 0.19202136993408203 0.483359260559082 0.1985497957468033 0.483359260559082 0.1985497957468033 0.49247611045837403 0.19202136993408203 0.49247611045837403
0 0.14660768508911132 0.5437640762329101 0.1533680385351181 0.5437640762329101 0.1533680385351181 0.5520305055379867 0.14660768508911132 0.5520305055379867
0 0.7804922485351562 0.6336368560791016 0.7867070704698562 0.6336368560791016 0.7867070704698562 0.6416259390115738 0.7804922485351562 0.6416259390115738
0 0.2297683525085449 0.6970528411865234 0.23719296574592588 0.6970528411865234 0.23719296574592588 0.7062032920122147 0.2297683525085449 0.7062032920122147
0 0.8818745422363281 0.33689735412597654 0.8884624356031418 0.33689735412597654 0.8884624356031418 0.34481374025344846 0.8818745422363281 0.34481374025344846
0 0.17823366165161134 0.38088817596435554 0.18477505445480347 0.38088817596435554 0.18477505445480347 0.38987927913665776 0.17823366165161134 0.38987927913665776
0 0.8816488647460937 0.3858149337768555 0.8874706840515137 0.3858149337768555 0.8874706840515137 0.393126739859581 0.8816488647460937 0.393126739859581
0 0.8186286163330078 0.3818225860595703 0.8244367736577987 0.3818225860595703 0.8244367736577987 0.3894260090589523 0.8186286163330078 0.3894260090589523
0 0.4472043228149414 0.3894047164916992 0.45350847959518426 0.3894047164916992 0.45350847959518426 0.3982586485147476 0.4472043228149414 0.3982586485147476
0 0.5482590866088867 0.640042953491211 0.5562632083892821 0.640042953491211 0.5562632083892821 0.6488689768314362 0.5482590866088867 0.6488689768314362
0 0.16057971954345704 0.48338821411132815 0.16671768546104432 0.48338821411132815 0.16671768546104432 0.49195657730102543 0.16057971954345704 0.49195657730102543
0 0.8617948150634765 0.6296324157714843 0.8684665137529373 0.6296324157714843 0.8684665137529373 0.6387170481681823 0.8617948150634765 0.6387170481681823
0 0.7745009613037109 0.6850241851806641 0.7812885200977325 0.6850241851806641 0.7812885200977325 0.6939529484510422 0.7745009613037109 0.6939529484510422
0 0.16593305587768556 0.5355497741699219 0.1726548480987549 0.5355497741699219 0.1726548480987549 0.5433348792791366 0.16593305587768556 0.5433348792791366
0 0.8642984771728516 0.33398536682128904 0.8715519022941589 0.33398536682128904 0.8715519022941589 0.3439557206630707 0.8642984771728516 0.3439557206630707
0 0.8109899139404297 0.6923032379150391 0.8175708878040314 0.6923032379150391 0.8175708878040314 0.7009109342098236 0.8109899139404297 0.7009109342098236
0 0.17191043853759766 0.6962197113037109 0.17764326333999636 0.6962197113037109 0.17764326333999636 0.7043116134405135 0.17191043853759766 0.7043116134405135
0 0.19371870040893555 0.37651992797851563 0.19981877088546754 0.37651992797851563 0.19981877088546754 0.38451470315456393 0.19371870040893555 0.38451470315456393
0 0.4484966278076172 0.5305588531494141 0.45562472999095915 0.5305588531494141 0.45562472999095915 0.5390689092874528 0.4484966278076172 0.5390689092874528
0 0.21415094375610352 0.31866010665893557 0.22189894855022432 0.31866010665893557 0.22189894855022432 0.32902001380920415 0.21415094375610352 0.32902001380920415
0 0.801993408203125 0.5493664932250977 0.8086827313899996 0.5493664932250977 0.8086827313899996 0.5579894089698791 0.801993408203125 0.5579894089698791
0 0.46592254638671876 0.6893836975097656 0.47306984007358555 0.6893836975097656 0.47306984007358555 0.6991019648313522 0.46592254638671876 0.6991019648313522
0 0.5032949447631836 0.5404190063476563 0.5108754873275756 0.5404190063476563 0.5108754873275756 0.5502598977088928 0.5032949447631836 0.5502598977088928
0 0.4696159744262695 0.6421781921386719 0.4782278454303741 0.6421781921386719 0.4782278454303741 0.6520220482349396 0.4696159744262695 0.6520220482349396
0 0.5281002426147461 0.6445579528808594 0.5355075567960739 0.6445579528808594 0.5355075567960739 0.6556469810009002 0.5281002426147461 0.6556469810009002
0 0.15503064155578614 0.6926090240478515 0.1625980991125107 0.6926090240478515 0.1625980991125107 0.7022668886184692 0.15503064155578614 0.7022668886184692
0 0.4918148803710938 0.6418405914306641 0.4986415326595307 0.6418405914306641 0.4986415326595307 0.6518775546550751 0.4918148803710938 0.6518775546550751
0 0.8392984008789063 0.33677963256835936 0.847100373506546 0.33677963256835936 0.847100373506546 0.34630696773529057 0.8392984008789063 0.34630696773529057
0 0.8394166564941407 0.4926201629638672 0.8471402060985566 0.4926201629638672 0.8471402060985566 0.501518052816391 0.8394166564941407 0.501518052816391
0 0.8208724212646484 0.4956281280517578 0.8279921251535416 0.4956281280517578 0.8279921251535416 0.5056558406352997 0.8208724212646484 0.5056558406352997
0 0.8394032287597656 0.6342264938354493 0.8470402526855468 0.6342264938354493 0.8470402526855468 0.6438416260480881 0.8394032287597656 0.6438416260480881
0 0.5085090255737305 0.3688946533203125 0.5151315766572953 0.3688946533203125 0.5151315766572953 0.3791238927841187 0.5085090255737305 0.3791238927841187
0 0.8173679351806641 0.334505615234375 0.8236145168542862 0.334505615234375 0.8236145168542862 0.34415533661842346 0.8173679351806641 0.34415533661842346
0 0.18277835845947266 0.639838638305664 0.19084178566932677 0.639838638305664 0.19084178566932677 0.6500881171226501 0.18277835845947266 0.6500881171226501
0 0.4678584289550781 0.3294002914428711 0.4746611285209656 0.3294002914428711 0.4746611285209656 0.3384169113636017 0.4678584289550781 0.3384169113636017
0 0.8179622650146484 0.5424191284179688 0.8246480983495712 0.5424191284179688 0.8246480983495712 0.5503729897737504 0.8179622650146484 0.5503729897737504
0 0.17522520065307617 0.32870826721191404 0.18275547206401827 0.32870826721191404 0.18275547206401827 0.33942268490791316 0.17522520065307617 0.33942268490791316
0 0.21568349838256837 0.3707772445678711 0.22332568228244784 0.3707772445678711 0.22332568228244784 0.380725856423378 0.21568349838256837 0.380725856423378
0 0.5023993301391602 0.33012638092041013 0.5093358689546584 0.33012638092041013 0.5093358689546584 0.3385672980546951 0.5023993301391602 0.3385672980546951
0 0.15446225644634182 0.3786702351637772 0.15987468052667184 0.3786702351637772 0.15987468052667184 0.3892448476953746 0.15446225644634182 0.3892448476953746
0 0.18527143967283585 0.5367328645834434 0.19151654438090895 0.5367328645834434 0.19151654438090895 0.5450812428978623 0.18527143967283585 0.5450812428978623
0 0.1985943297167252 0.5367328645834434 0.20692113599415599 0.5367328645834434 0.20692113599415599 0.5450812428978623 0.1985943297167252 0.5450812428978623
0 0.21649696321320147 0.6458183412251849 0.22190938729353152 0.6458183412251849 0.22190938729353152 0.6591757465282553 0.21649696321320147 0.6591757465282553
0 0.48795084785744636 0.5328369547033811 0.4941959525655195 0.5328369547033811 0.4941959525655195 0.5439681257892731 0.48795084785744636 0.5439681257892731
0 0.5279195179891144 0.36419971275211765 0.5333319420694445 0.36419971275211765 0.5333319420694445 0.3792267937180719 0.5279195179891144 0.3792267937180719
0 0.8397089791594565 0.38924484769537465 0.8476194451230158 0.38924484769537465 0.8476194451230158 0.39759322600979363 0.8397089791594565 0.39759322600979363
