0 0.16606632232666016 0.21725555419921874 0.1736031436920166 0.21725555419921874 0.1736031436920166 0.22717997312545776 0.16606632232666016 0.22717997312545776
0 0.5230921173095703 0.5223359680175781 0.530046872496605 0.5223359680175781 0.530046872496605 0.5317336821556091 0.5230921173095703 0.5317336821556091
0 0.4761238098144531 0.3201615905761719 0.4838848263025284 0.3201615905761719 0.4838848263025284 0.3303558647632599 0.4761238098144531 0.3303558647632599
0 0.16223789215087892 0.32164798736572264 0.16935188829898837 0.32164798736572264 0.16935188829898837 0.33141863286495205 0.16223789215087892 0.33141863286495205
0 0.5325468444824218 0.15503643035888673 0.5404210895299912 0.15503643035888673 0.5404210895299912 0.1648257339000702 0.5325468444824218 0.1648257339000702
0 0.5246734237670898 0.6786549377441405 0.5318161928653715 0.6786549377441405 0.5318161928653715 0.6875971412658691 0.5246734237670898 0.6875971412658691
0 0.5086981201171875 0.20604513168334962 0.5160800617933273 0.20604513168334962 0.5160800617933273 0.21404666662216187 0.5086981201171875 0.21404666662216187
0 0.19718597412109376 0.8344713592529297 0.20412986159324648 0.8344713592529297 0.20412986159324648 0.8431673669815064 0.19718597412109376 0.8431673669815064
0 0.5394629669189454 0.6265068817138671 0.548049584031105 0.6265068817138671 0.548049584031105 0.635989784002304 0.5394629669189454 0.635989784002304
0 0.49790294647216804 0.6263106536865234 0.5064754289388657 0.6263106536865234 0.5064754289388657 0.6360446542501449 0.49790294647216804 0.6360446542501449
0 0.5294110870361328 0.7823970794677735 0.5360667580366135 0.7823970794677735 0.5360667580366135 0.7924878823757172 0.5294110870361328 0.7924878823757172
0 0.14168139457702636 0.21850259780883788 0.14951836466789248 0.21850259780883788 0.14951836466789248 0.22712814211845395 0.14168139457702636 0.22712814211845395
0 0.502561378479004 0.7808818054199219 0.5108756440877915 0.7808818054199219 0.5108756440877915 0.7912783384323121 0.502561378479004 0.7912783384323121
0 0.47767662048339843 0.47133541107177734 0.4858256417512894 0.47133541107177734 0.4858256417512894 0.4805967843532562 0.47767662048339843 0.4805967843532562
0 0.5475907897949219 0.7830614471435546 0.5553366363048554 0.7830614471435546 0.5553366363048554 0.7919064056873321 0.5475907897949219 0.7919064056873321
0 0.48582427978515624 0.20726882934570312 0.4932031464576721 0.20726882934570312 0.4932031464576721 0.21597711145877835 0.48582427978515624 0.21597711145877835
0 0.5552345275878906 0.3125409889221191 0.5636226624250411 0.3125409889221191 0.5636226624250411 0.3230659961700439 0.5552345275878906 0.3230659961700439
0 0.2334798049926758 0.21878028869628907 0.24068811893463135 0.21878028869628907 0.24068811893463135 0.22816754698753358 0.2334798049926758 0.22816754698753358
0 0.13954168319702148 0.320891227722168 0.14620288372039794 0.320891227722168 0.14620288372039794 0.33042342483997345 0.13954168319702148 0.33042342483997345
0 0.4546213150024414 0.06312791347503661 0.4619053757190704 0.06312791347503661 0.4619053757190704 0.07124988853931427 0.4546213150024414 0.07124988853931427
0 0.4920547103881836 0.15777474403381347 0.4983189755678176 0.15777474403381347 0.4983189755678176 0.16762685239315034 0.4920547103881836 0.16762685239315034
0 0.16339059829711913 0.37289134979248045 0.16986088693141935 0.37289134979248045 0.16986088693141935 0.38200341641902924 0.16339059829711913 0.38200341641902924
0 0.4749172592163086 0.06289479732513428 0.48184081673622137 0.06289479732513428 0.48184081673622137 0.07112886071205139 0.4749172592163086 0.07112886071205139
0 0.2182038879394531 0.021229679584503173 0.22511920928955076 0.021229679584503173 0.22511920928955076 0.02874361515045166 0.2182038879394531 0.02874361515045166
0 0.20826955795288085 0.6245008850097656 0.21619555234909058 0.6245008850097656 0.21619555234909058 0.6345200586318969 0.20826955795288085 0.6345200586318969
0 0.24786788940429688 0.16434789657592774 0.25502735137939453 0.16434789657592774 0.25502735137939453 0.17501536130905151 0.24786788940429688 0.17501536130905151
0 0.24890153884887695 0.8363861083984376 0.2560924798250198 0.8363861083984376 0.2560924798250198 0.845673413872719 0.24890153884887695 0.845673413872719
0 0.22020296096801759 0.3248917007446289 0.22750276863574984 0.3248917007446289 0.22750276863574984 0.33466197073459625 0.22020296096801759 0.33466197073459625
0 0.49510921478271486 0.4700772476196289 0.5023356115818024 0.4700772476196289 0.5023356115818024 0.4789655715227127 0.49510921478271486 0.4789655715227127
0 0.49791976928710935 0.6860834503173828 0.5059044331312179 0.6860834503173828 0.5059044331312179 0.6947819089889526 0.49791976928710935 0.6947819089889526
0 0.15919562339782714 0.53126708984375 0.1663933950662613 0.53126708984375 0.1663933950662613 0.5417325639724732 0.15919562339782714 0.5417325639724732
0 0.4715973663330078 0.6278363418579102 0.4791684758663177 0.6278363418579102 0.4791684758663177 0.6372601860761643 0.4715973663330078 0.6372601860761643
0 0.4508840560913086 0.47010807037353514 0.45828873813152315 0.47010807037353514 0.45828873813152315 0.4803096771240234 0.4508840560913086 0.4803096771240234
0 0.47900569915771485 0.7791928100585938 0.48664133310318 0.7791928100585938 0.48664133310318 0.7887399101257324 0.47900569915771485 0.7887399101257324
0 0.20387983322143555 0.22542060852050783 0.2117937183380127 0.22542060852050783 0.2117937183380127 0.23491675376892093 0.20387983322143555 0.23491675376892093
0 0.1723487663269043 0.7784719848632813 0.17981831312179566 0.7784719848632813 0.17981831312179566 0.7881995022296906 0.1723487663269043 0.7881995022296906
0 0.1858692169189453 0.3726847839355469 0.19338261783123017 0.3726847839355469 0.19338261783123017 0.38108435213565833 0.1858692169189453 0.38108435213565833
0 0.5497214889526367 0.5219975662231445 0.5576655811071396 0.5219975662231445 0.5576655811071396 0.5315843552350997 0.5497214889526367 0.5315843552350997
0 0.13443870544433595 0.7742032623291015 0.14083338022232056 0.7742032623291015 0.14083338022232056 0.7826880979537963 0.13443870544433595 0.7826880979537963
0 0.17823694229125978 0.8319219970703124 0.18473378598690035 0.8319219970703124 0.18473378598690035 0.8404957765340804 0.17823694229125978 0.8404957765340804
0 0.23996767044067382 0.6245026016235351 0.2471120661497116 0.6245026016235351 0.2471120661497116 0.6343110382556915 0.23996767044067382 0.6343110382556915
0 0.5030332565307617 0.5204377746582032 0.5106818133592606 0.5204377746582032 0.5106818133592606 0.5310811758041383 0.5030332565307617 0.5310811758041383
0 0.5557847213745117 0.832197265625 0.5633020406961441 0.832197265625 0.5633020406961441 0.8406381428241729 0.5557847213745117 0.8406381428241729
0 0.45393798828125 0.8379718017578125 0.4608985096216201 0.8379718017578125 0.4608985096216201 0.8470244538784027 0.45393798828125 0.8470244538784027
0 0.4711483383178711 0.009922202825546265 0.4783333057165146 0.009922202825546265 0.4783333057165146 0.018515918850898743 0.4711483383178711 0.018515918850898743
0 0.45128578186035156 0.6805831146240234 0.4582557070255279 0.6805831146240234 0.4582557070255279 0.6904535746574402 0.45128578186035156 0.6904535746574402
0 0.17126907348632814 0.1619639778137207 0.17812587380409242 0.1619639778137207 0.17812587380409242 0.1720771360397339 0.17126907348632814 0.1720771360397339
0 0.1847148323059082 0.6695323944091796 0.19223657250404358 0.6695323944091796 0.19223657250404358 0.6789701533317566 0.1847148323059082 0.6789701533317566
0 0.2103964614868164 0.36810821533203125 0.21719759345054626 0.36810821533203125 0.21719759345054626 0.3776886397600174 0.2103964614868164 0.3776886397600174
0 0.1549350643157959 0.47203811645507815 0.16164731979370117 0.47203811645507815 0.16164731979370117 0.4804934620857239 0.1549350643157959 0.4804934620857239
0 0.5318754196166993 0.8278468322753906 0.5387641716003417 0.8278468322753906 0.5387641716003417 0.8373990714550017 0.5318754196166993 0.8373990714550017
0 0.5056618881225586 0.3615488815307617 0.5127262341976166 0.3615488815307617 0.5127262341976166 0.37103526294231415 0.5056618881225586 0.37103526294231415
0 0.5429399108886719 0.4670243835449219 0.5517025369405747 0.4670243835449219 0.5517025369405747 0.4766929215192795 0.5429399108886719 0.4766929215192795
0 0.5497570419311524 0.35661003112792966 0.5575106358528139 0.35661003112792966 0.5575106358528139 0.3660175490379333 0.5497570419311524 0.3660175490379333
0 0.5187500762939453 0.46702678680419923 0.5273646092414855 0.46702678680419923 0.5273646092414855 0.4769946897029877 0.5187500762939453 0.4769946897029877
0 0.21800369262695313 0.07603058815002442 0.22553211569786075 0.07603058815002442 0.22553211569786075 0.08483081340789796 0.21800369262695313 0.08483081340789796
0 0.23218069076538086 0.3716016006469727 0.2394357568025589 0.3716016006469727 0.2394357568025589 0.38147506475448606 0.23218069076538086 0.38147506475448606
0 0.1709251022338867 0.07595623016357422 0.17795699417591096 0.07595623016357422 0.17795699417591096 0.08488819539546967 0.1709251022338867 0.08488819539546967
0 0.4717133712768555 0.15293840408325196 0.47877103447914127 0.15293840408325196 0.47877103447914127 0.1623692148923874 0.4717133712768555 0.1623692148923874
0 0.21299192428588867 0.673629150390625 0.2205806142091751 0.673629150390625 0.2205806142091751 0.6841526544094085 0.21299192428588867 0.6841526544094085
0 0.22191427230834962 0.1668072509765625 0.22938043355941776 0.1668072509765625 0.22938043355941776 0.17720054149627684 0.22191427230834962 0.17720054149627684
0 0.4558742904663086 0.628776626586914 0.4622560423612595 0.628776626586914 0.4622560423612595 0.6374442511796952 0.4558742904663086 0.6374442511796952
0 0.15731945037841796 0.618963623046875 0.16358658373355864 0.618963623046875 0.16358658373355864 0.6281360924243927 0.15731945037841796 0.6281360924243927
0 0.1313115406036377 0.4730008316040039 0.13937700808048248 0.4730008316040039 0.13937700808048248 0.48227275967597966 0.1313115406036377 0.48227275967597966
0 0.5200980758666992 0.6287848663330078 0.5272597116231919 0.6287848663330078 0.5272597116231919 0.6382310843467712 0.5200980758666992 0.6382310843467712
0 0.46809173583984376 0.21471323013305665 0.4745284014940262 0.21471323013305665 0.4745284014940262 0.22435824751853944 0.46809173583984376 0.22435824751853944
0 0.4824727249145508 0.3674277114868164 0.4901675313711167 0.3674277114868164 0.4901675313711167 0.376698334813118 0.4824727249145508 0.376698334813118
0 0.154596004486084 0.6591599273681641 0.16162613689899444 0.6591599273681641 0.16162613689899444 0.6682066893577576 0.154596004486084 0.6682066893577576
0 0.18488662719726562 0.3184272956848144 0.19277636766433714 0.3184272956848144 0.19277636766433714 0.32847718477249144 0.18488662719726562 0.32847718477249144
0 0.16584890365600585 0.023957457542419434 0.17251283943653106 0.023957457542419434 0.17251283943653106 0.03202032446861267 0.16584890365600585 0.03202032446861267
0 0.4797154235839844 0.8364061737060546 0.4867227858304978 0.8364061737060546 0.4867227858304978 0.8455140894651413 0.4797154235839844 0.8455140894651413
0 0.234705810546875 0.6712585449218749 0.24223566830158233 0.6712585449218749 0.24223566830158233 0.6798609441518783 0.234705810546875 0.6798609441518783
0 0.5416437530517578 0.011331015825271604 0.5496143412590027 0.011331015825271604 0.5496143412590027 0.019472075700759886 0.5416437530517578 0.019472075700759886
0 0.4483781433105469 0.21578607559204105 0.45589262366294864 0.21578607559204105 0.45589262366294864 0.22569695532321934 0.4483781433105469 0.22569695532321934
0 0.1576777172088623 0.8282060241699218 0.1641217464208603 0.8282060241699218 0.1641217464208603 0.8372909331321716 0.1576777172088623 0.8372909331321716
0 0.15149788856506347 0.7797443389892578 0.1584202480316162 0.7797443389892578 0.1584202480316162 0.7895547127723693 0.15149788856506347 0.7895547127723693
0 0.14003586769104004 0.36874504089355475 0.14679944396018982 0.36874504089355475 0.14679944396018982 0.3781922471523285 0.14003586769104004 0.3781922471523285
0 0.14600929260253906 0.0758374261856079 0.15329598546028136 0.0758374261856079 0.15329598546028136 0.08526755571365355 0.14600929260253906 0.08526755571365355
0 0.22953895568847657 0.5274493408203125 0.23852148830890657 0.5274493408203125 0.23852148830890657 0.5383519434928894 0.22953895568847657 0.5383519434928894
0 0.22275917053222657 0.7796660614013672 0.2301468050479889 0.7796660614013672 0.2301468050479889 0.788866399526596 0.22275917053222657 0.788866399526596
0 0.527716293334961 0.3091063690185547 0.535711898803711 0.3091063690185547 0.535711898803711 0.31945105671882634 0.527716293334961 0.31945105671882634
0 0.5111109924316406 0.1557416820526123 0.5185236883163451 0.1557416820526123 0.5185236883163451 0.16598888754844665 0.5111109924316406 0.16598888754844665
0 0.4554930877685547 0.7861947631835937 0.46294067800045013 0.7861947631835937 0.46294067800045013 0.7966002297401428 0.4554930877685547 0.7966002297401428
0 0.1451677894592285 0.023038074970245362 0.15089713931083681 0.023038074970245362 0.15089713931083681 0.031076650023460387 0.1451677894592285 0.031076650023460387
0 0.4986423110961914 0.055288896560668946 0.5059787130355834 0.055288896560668946 0.5059787130355834 0.06390489935874939 0.4986423110961914 0.06390489935874939
0 0.20962972640991212 0.8386603546142578 0.21664703965187074 0.8386603546142578 0.21664703965187074 0.8468673694133758 0.20962972640991212 0.8468673694133758
0 0.4484395980834961 0.3198909568786621 0.4567099797725677 0.3198909568786621 0.4567099797725677 0.3299835586547851 0.4484395980834961 0.3299835586547851
0 0.22388538360595703 0.4745191955566406 0.23283794581890105 0.4745191955566406 0.23283794581890105 0.4849657344818115 0.22388538360595703 0.4849657344818115
0 0.19487720489501953 0.1599575996398926 0.2026315826177597 0.1599575996398926 0.2026315826177597 0.17020386695861817 0.19487720489501953 0.17020386695861817
0 0.1943344306945801 0.02630774736404419 0.2009486132860184 0.02630774736404419 0.2009486132860184 0.035772646069526674 0.1943344306945801 0.035772646069526674
0 0.518808479309082 0.007222507596015931 0.5260756254196167 0.007222507596015931 0.5260756254196167 0.017507211565971376 0.518808479309082 0.017507211565971376
0 0.5267544174194336 0.2046029472351074 0.534470455646515 0.2046029472351074 0.534470455646515 0.2142020893096924 0.5267544174194336 0.2142020893096924
0 0.5033720779418945 0.3114804840087891 0.511414406299591 0.3114804840087891 0.511414406299591 0.32199224829673767 0.5033720779418945 0.32199224829673767
0 0.19738489151000976 0.47317115783691405 0.2052099299430847 0.47317115783691405 0.2052099299430847 0.4832807779312134 0.19738489151000976 0.4832807779312134
0 0.5423045349121094 0.6807264709472656 0.5496912080049514 0.6807264709472656 0.5496912080049514 0.6903134179115294 0.5423045349121094 0.6903134179115294
0 0.13797988891601562 0.6751119995117187 0.14501961708068847 0.6751119995117187 0.14501961708068847 0.6849354183673858 0.13797988891601562 0.6849354183673858
0 0.4525387573242188 0.004896310269832611 0.4597184318304062 0.004896310269832611 0.4597184318304062 0.015111579596996307 0.4525387573242188 0.015111579596996307
0 0.14005715370178223 0.16111698150634765 0.14805970847606661 0.16111698150634765 0.14805970847606661 0.1714759397506714 0.14005715370178223 0.1714759397506714
0 0.4732462692260742 0.5223686599731445 0.4806436175107956 0.5223686599731445 0.4806436175107956 0.5324156630039214 0.4732462692260742 0.5324156630039214
0 0.1938723373413086 0.0781856918334961 0.20082826018333433 0.0781856918334961 0.20082826018333433 0.08792179226875305 0.1938723373413086 0.08792179226875305
0 0.20092664718627928 0.7758744049072265 0.20839237928390503 0.7758744049072265 0.20839237928390503 0.7855696654319763 0.20092664718627928 0.7855696654319763
0 0.5445517730712891 0.05501819133758545 0.5515064096450806 0.05501819133758545 0.5515064096450806 0.06389075756072998 0.5445517730712891 0.06389075756072998
0 0.4754410171508789 0.6822135925292969 0.4837787628173828 0.6822135925292969 0.4837787628173828 0.6927461886405945 0.4754410171508789 0.6927461886405945
0 0.5015691375732422 0.8283390045166017 0.5090829086303711 0.8283390045166017 0.5090829086303711 0.839132581949234 0.5015691375732422 0.839132581949234
0 0.17522926330566407 0.4721445846557617 0.1829388552904129 0.4721445846557617 0.1829388552904129 0.48092056274414063 0.17522926330566407 0.48092056274414063
0 0.2627583885192871 0.22419803619384768 0.270461208820343 0.22419803619384768 0.270461208820343 0.23471325874328614 0.2627583885192871 0.23471325874328614
0 0.1815706443786621 0.5255768203735351 0.18847515761852265 0.5255768203735351 0.18847515761852265 0.536349366903305 0.1815706443786621 0.536349366903305
0 0.4494357681274414 0.15706335067749022 0.45746493697166446 0.15706335067749022 0.45746493697166446 0.1677102208137512 0.4494357681274414 0.1677102208137512
0 0.25332937240600584 0.3238669967651367 0.2615346682071686 0.3238669967651367 0.2615346682071686 0.33454516410827634 0.25332937240600584 0.33454516410827634
0 0.528259162902832 0.35550716400146487 0.535604614019394 0.35550716400146487 0.535604614019394 0.36550511002540587 0.528259162902832 0.36550511002540587
0 0.20254194259643554 0.5256876373291015 0.21037966668605804 0.5256876373291015 0.21037966668605804 0.5363960659503937 0.20254194259643554 0.5363960659503937
0 0.24997819900512697 0.02163619041442871 0.2564902418851852 0.02163619041442871 0.2564902418851852 0.029177513122558594 0.24997819900512697 0.029177513122558594
0 0.4562237548828125 0.3704249954223633 0.46424106597900394 0.3704249954223633 0.46424106597900394 0.38070356845855713 0.4562237548828125 0.38070356845855713
0 0.13629462242126464 0.8245424652099609 0.14343236446380614 0.8245424652099609 0.14343236446380614 0.8332274830341339 0.13629462242126464 0.8332274830341339
0 0.13500690460205078 0.5255651473999023 0.14262269616127016 0.5255651473999023 0.14262269616127016 0.5350528329610824 0.13500690460205078 0.5350528329610824
0 0.132715425491333 0.6197768020629882 0.14006933391094206 0.6197768020629882 0.14006933391094206 0.6293696391582488 0.132715425491333 0.6293696391582488
0 0.4498432159423828 0.5236475372314453 0.45735805153846737 0.5236475372314453 0.45735805153846737 0.5332850831747055 0.4498432159423828 0.5332850831747055
0 0.24659555435180663 0.07256781101226807 0.25420725047588344 0.07256781101226807 0.25420725047588344 0.08230408012866974 0.24659555435180663 0.08230408012866974
0 0.4950702672246498 0.0134687170139293 0.5028558310940475 0.0134687170139293 0.5028558310940475 0.022651933159790184 0.4950702672246498 0.022651933159790184
0 0.5184269588328433 0.057548154514061554 0.5262125227022411 0.057548154514061554 0.5262125227022411 0.06611915625019837 0.5184269588328433 0.06611915625019837
0 0.17448822554356297 0.6189487682310237 0.18410568679399555 0.6189487682310237 0.18410568679399555 0.6299686276060569 0.17448822554356297 0.6299686276060569
