0 0.48637550354003906 0.33198768615722657 0.4927328884601593 0.33198768615722657 0.4927328884601593 0.34173757791519166 0.48637550354003906 0.34173757791519166
0 0.15866753578186035 0.3232768630981445 0.1650664985179901 0.3232768630981445 0.1650664985179901 0.33201372563838955 0.15866753578186035 0.33201372563838955
0 0.8365724945068359 0.6977169036865234 0.8444157487154007 0.6977169036865234 0.8444157487154007 0.7070049208402635 0.8365724945068359 0.7070049208402635
0 0.516367301940918 0.48128921508789063 0.5241898560523987 0.48128921508789063 0.5241898560523987 0.4906179088354111 0.516367301940918 0.4906179088354111
0 0.49066402435302736 0.6996524047851563 0.49826506018638617 0.6996524047851563 0.49826506018638617 0.7081748735904694 0.49066402435302736 0.7081748735904694
0 0.49222148895263673 0.48074821472167967 0.5000256794691086 0.48074821472167967 0.5000256794691086 0.48937302768230434 0.49222148895263673 0.48937302768230434
0 0.2116069030761719 0.6971111297607422 0.21780816674232484 0.6971111297607422 0.21780816674232484 0.7054232168197632 0.2116069030761719 0.7054232168197632
0 0.5076782989501953 0.644805908203125 0.514857913851738 0.644805908203125 0.514857913851738 0.6535278874635696 0.5076782989501953 0.6535278874635696
0 0.8753579711914062 0.5427032470703125 0.8815753364562988 0.5427032470703125 0.8815753364562988 0.5502628701925277 0.8753579711914062 0.5502628701925277
0 0.4914373016357422 0.37475818634033203 0.49752233505249027 0.37475818634033203 0.49752233505249027 0.3833247709274292 0.4914373016357422 0.3833247709274292
0 0.875973129272461 0.4893642044067383 0.8823109680414201 0.4893642044067383 0.8823109680414201 0.4973652255535126 0.875973129272461 0.4973652255535126
0 0.46809547424316406 0.5332361221313476 0.4741904139518738 0.5332361221313476 0.4741904139518738 0.5423335230350494 0.46809547424316406 0.5423335230350494
0 0.8386350250244141 0.5407592010498047 0.8448775255680084 0.5407592010498047 0.8448775255680084 0.5490532618761063 0.8386350250244141 0.5490532618761063
0 0.5327060317993164 0.6897027587890625 0.5403111189603806 0.6897027587890625 0.5403111189603806 0.6998780786991119 0.5327060317993164 0.6998780786991119
0 0.44724651336669924 0.33138290405273435 0.454503989815712 0.33138290405273435 0.454503989815712 0.3404125100374222 0.44724651336669924 0.3404125100374222
0 0.20408044815063475 0.6454275512695312 0.21006093263626097 0.6454275512695312 0.21006093263626097 0.6541911166906357 0.20408044815063475 0.6541911166906357
0 0.1953248405456543 0.3244141387939453 0.20120963215827944 0.3244141387939453 0.20120963215827944 0.33235924422740937 0.1953248405456543 0.33235924422740937
0 0.13933736801147462 0.3248671340942383 0.1467362689971924 0.3248671340942383 0.1467362689971924 0.33348813235759733 0.13933736801147462 0.33348813235759733
0 0.8610400390625 0.6895610809326171 0.8677632510662079 0.6895610809326171 0.8677632510662079 0.6985772860050202 0.8610400390625 0.6985772860050202
0 0.8196245574951172 0.6331490707397461 0.8260346680879593 0.6331490707397461 0.8260346680879593 0.642415543794632 0.8196245574951172 0.642415543794632
0 0.7951338195800781 0.6896737670898437 0.8017940443754196 0.6896737670898437 0.8017940443754196 0.6977738910913467 0.7951338195800781 0.6977738910913467
0 0.2194737434387207 0.539073486328125 0.2270760655403137 0.539073486328125 0.2270760655403137 0.5481591862440109 0.2194737434387207 0.5481591862440109
0 0.14125973701477051 0.37736396789550775 0.1478023570775986 0.37736396789550775 0.1478023570775986 0.38499577403068536 0.14125973701477051 0.38499577403068536
0 0.7987970733642578 0.633227882385254 0.8063161081075668 0.633227882385254 0.8063161081075668 0.6421247446537018 0.7987970733642578 0.6421247446537018
0 0.4529291534423828 0.481955337524414 0.4599868166446686 0.481955337524414 0.4599868166446686 0.49148061692714684 0.4529291534423828 0.49148061692714684
0 0.7991615295410156 0.49270317077636716 0.8054896098375319 0.49270317077636716 0.8054896098375319 0.5011657112836838 0.7991615295410156 0.5011657112836838
0 0.8620101928710937 0.4879964828491211 0.8683782535791397 0.4879964828491211 0.8683782535791397 0.4965001350641251 0.8620101928710937 0.4965001350641251
0 0.2091544723510742 0.48061073303222657 0.21616455495357512 0.48061073303222657 0.21616455495357512 0.48930796623229983 0.2091544723510742 0.48930796623229983
0 0.7958348846435547 0.3830116653442383 0.8022707223892211 0.3830116653442383 0.8022707223892211 0.3914502501487732 0.7958348846435547 0.3914502501487732
0 0.5533807754516602 0.699063491821289 0.5597787028551102 0.699063491821289 0.5597787028551102 0.7077035242319107 0.5533807754516602 0.7077035242319107
0 0.13989704132080077 0.4720954132080078 0.14689421653747559 0.4720954132080078 0.14689421653747559 0.48106149375438695 0.13989704132080077 0.48106149375438695
0 0.8619314575195313 0.38543460845947264 0.8675531387329102 0.38543460845947264 0.8675531387329102 0.3923370760679245 0.8619314575195313 0.3923370760679245
0 0.4764440155029297 0.4877566909790039 0.48376019060611725 0.4877566909790039 0.48376019060611725 0.49646772027015684 0.4764440155029297 0.49646772027015684
0 0.194169979095459 0.6970952606201172 0.19997996985912325 0.6970952606201172 0.19997996985912325 0.7054041850566863 0.194169979095459 0.7054041850566863
0 0.5227892303466797 0.3262815093994141 0.5301971358060836 0.3262815093994141 0.5301971358060836 0.3341854041814804 0.5227892303466797 0.3341854041814804
0 0.8548714447021485 0.5432725143432617 0.861759605407715 0.5432725143432617 0.861759605407715 0.5518506419658661 0.8548714447021485 0.5518506419658661
0 0.22841716766357423 0.6493151092529297 0.23516579568386078 0.6493151092529297 0.23516579568386078 0.6577881252765655 0.22841716766357423 0.6577881252765655
0 0.17480344772338868 0.482212028503418 0.18134420454502106 0.482212028503418 0.18134420454502106 0.4900085979700089 0.17480344772338868 0.4900085979700089
0 0.5454464340209961 0.4726751327514648 0.5530693817138672 0.4726751327514648 0.5530693817138672 0.48200853109359737 0.5454464340209961 0.48200853109359737
0 0.15948384284973144 0.635637435913086 0.1665861439704895 0.635637435913086 0.1665861439704895 0.6446585029363633 0.15948384284973144 0.6446585029363633
0 0.5349637985229492 0.5266651535034179 0.5420172625780105 0.5266651535034179 0.5420172625780105 0.5354952484369278 0.5349637985229492 0.5354952484369278
0 0.7974385833740234 0.3288159561157227 0.8051359325647353 0.3288159561157227 0.8051359325647353 0.33905507802963264 0.7974385833740234 0.33905507802963264
0 0.5111141967773437 0.698299560546875 0.5185157740116119 0.698299560546875 0.5185157740116119 0.7076608669757843 0.5111141967773437 0.7076608669757843
0 0.4664183807373047 0.37381229400634763 0.4733291041851043 0.37381229400634763 0.4733291041851043 0.3831381809711456 0.4664183807373047 0.3831381809711456
0 0.19202249526977538 0.48336402893066405 0.198556272983551 0.48336402893066405 0.198556272983551 0.49249981403350834 0.19202249526977538 0.49249981403350834
0 0.14661115646362305 0.5438013076782227 0.15338709354400637 0.5438013076782227 0.15338709354400637 0.5520557987689971 0.14661115646362305 0.5520557987689971
0 0.7804855346679688 0.6336153030395508 0.7867055022716523 0.6336153030395508 0.7867055022716523 0.6416323339939117 0.7804855346679688 0.6416323339939117
0 0.7742686462402344 0.6851074981689452 0.7813191533088684 0.6851074981689452 0.7813191533088684 0.6940605336427688 0.7742686462402344 0.6940605336427688
0 0.881894760131836 0.3369259262084961 0.8886176759004594 0.3369259262084961 0.8886176759004594 0.3449475032091141 0.881894760131836 0.3449475032091141
0 0.22978036880493163 0.6969999694824218 0.23726359248161313 0.6969999694824218 0.23726359248161313 0.7061444908380508 0.22978036880493163 0.7061444908380508
0 0.8816519165039063 0.38581733703613275 0.8874743270874024 0.38581733703613275 0.8874743270874024 0.3931603723764419 0.8816519165039063 0.3931603723764419
0 0.1782316207885742 0.3808996963500977 0.1847664928436279 0.3808996963500977 0.1847664928436279 0.3898865300416947 0.1782316207885742 0.3898865300416947
0 0.8186336517333984 0.38183357238769533 0.824431281685829 0.38183357238769533 0.824431281685829 0.38942964255809787 0.8186336517333984 0.38942964255809787
0 0.5482690811157227 0.6400392150878906 0.5562968599796295 0.6400392150878906 0.5562968599796295 0.6488910520076752 0.5482690811157227 0.6488910520076752
0 0.16058691024780272 0.4833846664428711 0.16671414196491238 0.4833846664428711 0.16671414196491238 0.4919364273548126 0.16058691024780272 0.4919364273548126
0 0.44720375061035156 0.38942264556884765 0.4534906083345413 0.38942264556884765 0.4534906083345413 0.39829914987087245 0.44720375061035156 0.39829914987087245
0 0.1659616470336914 0.5355542755126953 0.1727072739601135 0.5355542755126953 0.1727072739601135 0.5433828645944595 0.1659616470336914 0.5433828645944595
0 0.8617616271972657 0.6296789932250977 0.868339821100235 0.6296789932250977 0.868339821100235 0.6387397491931915 0.8617616271972657 0.6387397491931915
0 0.8643038177490234 0.3340074920654297 0.8715489035844802 0.3340074920654297 0.8715489035844802 0.3439684373140335 0.8643038177490234 0.3439684373140335
0 0.1719247055053711 0.6961080169677735 0.17771291732788086 0.6961080169677735 0.17771291732788086 0.7043238866329192 0.1719247055053711 0.7043238866329192
0 0.810970687866211 0.6923074340820312 0.8175777435302735 0.6923074340820312 0.8175777435302735 0.7009726077318192 0.810970687866211 0.7009726077318192
0 0.19371294021606444 0.3765141677856445 0.19982662856578826 0.3765141677856445 0.19982662856578826 0.3845438879728317 0.19371294021606444 0.3845438879728317
0 0.21415433883666993 0.31864639282226564 0.22191915512084961 0.31864639282226564 0.22191915512084961 0.3290266191959381 0.21415433883666993 0.3290266191959381
0 0.4485413360595703 0.5305023956298828 0.45571323335170744 0.5305023956298828 0.45571323335170744 0.5390216225385666 0.4485413360595703 0.5390216225385666
0 0.8019945526123047 0.5493695831298828 0.8086815100908279 0.5493695831298828 0.8086815100908279 0.557990996837616 0.8019945526123047 0.557990996837616
0 0.5032954025268555 0.5404425048828125 0.5108741116523743 0.5404425048828125 0.5108741116523743 0.5502779012918473 0.5032954025268555 0.5502779012918473
0 0.46584491729736327 0.6893867492675783 0.47305111706256864 0.6893867492675783 0.47305111706256864 0.6991225683689118 0.46584491729736327 0.6991225683689118
0 0.4696297836303711 0.6421672821044921 0.47825516879558566 0.6421672821044921 0.47825516879558566 0.6520196372270584 0.4696297836303711 0.6520196372270584
0 0.5280813217163086 0.6445302581787109 0.5355101639032365 0.6445302581787109 0.5355101639032365 0.655705384016037 0.5280813217163086 0.655705384016037
0 0.1550397205352783 0.6926029205322266 0.16260723710060118 0.6926029205322266 0.16260723710060118 0.7022672683000566 0.1550397205352783 0.7022672683000566
0 0.4918269729614258 0.6418453979492188 0.4986415600776673 0.6418453979492188 0.4986415600776673 0.6518750476837158 0.4918269729614258 0.6518750476837158
0 0.8393017578125 0.3367825698852539 0.8471107095479967 0.3367825698852539 0.8471107095479967 0.3463458383083343 0.8393017578125 0.3463458383083343
0 0.8208706665039063 0.49562931060791016 0.8279941552877427 0.49562931060791016 0.8279941552877427 0.5056574976444245 0.8208706665039063 0.5056574976444245
0 0.8394183349609375 0.4926216506958008 0.8471412336826325 0.4926216506958008 0.8471412336826325 0.5015238493680954 0.8394183349609375 0.5015238493680954
0 0.8394033813476562 0.634212646484375 0.8470442497730255 0.634212646484375 0.8470442497730255 0.643840863108635 0.8394033813476562 0.643840863108635
0 0.8173273468017578 0.3345281982421875 0.8235760575532913 0.3345281982421875 0.8235760575532913 0.344157680273056 0.8173273468017578 0.344157680273056
0 0.5085226440429688 0.36889453887939455 0.5151239627599716 0.36889453887939455 0.5151239627599716 0.3791185998916626 0.5085226440429688 0.3791185998916626
0 0.1827816390991211 0.6398192977905274 0.19088226675987247 0.6398192977905274 0.19088226675987247 0.6501951956748963 0.1827816390991211 0.6501951956748963
0 0.46783039093017575 0.32940673828125 0.4746464270353317 0.32940673828125 0.4746464270353317 0.338419840335846 0.46783039093017575 0.338419840335846
0 0.8179571533203125 0.5423994445800782 0.8246515035629272 0.5423994445800782 0.8246515035629272 0.5503649276494981 0.8179571533203125 0.5503649276494981
0 0.5023626327514649 0.3301375961303711 0.5093803745508195 0.3301375961303711 0.5093803745508195 0.33858242690563195 0.5023626327514649 0.33858242690563195
0 0.17522953033447267 0.328701286315918 0.18276880621910097 0.328701286315918 0.18276880621910097 0.3394296979904175 0.17522953033447267 0.3394296979904175
0 0.21570245742797853 0.3707706832885742 0.2233253610134125 0.3707706832885742 0.2233253610134125 0.38074064195156093 0.21570245742797853 0.38074064195156093
0 0.15442440732689894 0.37806308037727415 0.1608587576321864 0.37806308037727415 0.1608587576321864 0.38919425146316616 0.15442440732689894 0.38919425146316616
0 0.18508219407562154 0.536429287190192 0.19265201796419498 0.536429287190192 0.19265201796419498 0.5460425713098259 0.18508219407562154 0.5460425713098259
0 0.19870787707505377 0.5359233248681059 0.2058992097691986 0.5359233248681059 0.2058992097691986 0.5460425713098259 0.19870787707505377 0.5460425713098259
0 0.21573998082434412 0.6462231110828537 0.22255282232406026 0.6462231110828537 0.22255282232406026 0.6568483198466597 0.21573998082434412 0.6568483198466597
0 0.48749665842413203 0.5328875509355899 0.4946879911182768 0.5328875509355899 0.4946879911182768 0.5455366089877399 0.48749665842413203 0.5455366089877399
0 0.527995216228 0.3654140223251242 0.5332940929500016 0.3654140223251242 0.5332940929500016 0.379580967343532 0.527995216228 0.379580967343532
0 0.8391412423678137 0.38919425146316616 0.8474680486452447 0.38919425146316616 0.8474680486452447 0.39577176165028416 0.8391412423678137 0.39577176165028416
