0 0.5008148193359375 0.5303016662597656 0.5084100884199144 0.5303016662597656 0.5084100884199144 0.5401383274793625 0.5008148193359375 0.5401383274793625
0 0.547952995300293 0.8433595275878907 0.5564707708358765 0.8433595275878907 0.5564707708358765 0.8543755030632019 0.547952995300293 0.8543755030632019
0 0.5167209243774414 0.6866742706298828 0.5247799307107925 0.6866742706298828 0.5247799307107925 0.6965602266788483 0.5167209243774414 0.6965602266788483
0 0.5399484634399414 0.22607093811035156 0.5478150790929794 0.22607093811035156 0.5478150790929794 0.23692481875419616 0.5399484634399414 0.23692481875419616
0 0.5216260147094727 0.3732829284667969 0.5301244503259658 0.3732829284667969 0.5301244503259658 0.38361534237861633 0.5216260147094727 0.38361534237861633
0 0.5782186889648437 0.8439258575439454 0.5867160600423813 0.8439258575439454 0.5867160600423813 0.8539242380857469 0.5782186889648437 0.8539242380857469
0 0.46945613861083985 0.37335685729980467 0.47697818934917446 0.37335685729980467 0.47697818934917446 0.38390985131263733 0.46945613861083985 0.38390985131263733
0 0.5069922637939454 0.8439646148681641 0.5150566518306733 0.8439646148681641 0.5150566518306733 0.8543497622013092 0.5069922637939454 0.8543497622013092
0 0.4692322540283203 0.8426854705810547 0.4769880360364914 0.8426854705810547 0.4769880360364914 0.852932814359665 0.4692322540283203 0.852932814359665
0 0.44607521057128907 0.3728886032104492 0.45411688804626466 0.3728886032104492 0.45411688804626466 0.382297899723053 0.44607521057128907 0.382297899723053
0 0.45331668853759766 0.1441912841796875 0.4616223788261414 0.1441912841796875 0.4616223788261414 0.15502129912376403 0.45331668853759766 0.15502129912376403
0 0.5073493576049805 0.22711679458618164 0.5152212369441986 0.22711679458618164 0.5152212369441986 0.23748253226280214 0.5073493576049805 0.23748253226280214
0 0.5790297698974609 0.770167236328125 0.5871019059419632 0.770167236328125 0.5871019059419632 0.7801376295089723 0.5790297698974609 0.7801376295089723
0 0.7737821197509765 0.7631674194335938 0.782139441370964 0.7631674194335938 0.782139441370964 0.7726070755720138 0.7737821197509765 0.7726070755720138
0 0.5621417617797851 0.5327925109863281 0.5708741062879562 0.5327925109863281 0.5708741062879562 0.5433012306690215 0.5621417617797851 0.5433012306690215
0 0.485198974609375 0.7733766937255859 0.4930090790987015 0.7733766937255859 0.4930090790987015 0.7843289470672608 0.485198974609375 0.7843289470672608
0 0.4375615692138672 0.22661605834960938 0.446010354757309 0.22661605834960938 0.446010354757309 0.23744742631912233 0.4375615692138672 0.23744742631912233
0 0.46198192596435544 0.4708691024780273 0.46939136922359465 0.4708691024780273 0.46939136922359465 0.4807885015010834 0.46198192596435544 0.4807885015010834
0 0.5697816467285156 0.469923095703125 0.5782650601863861 0.469923095703125 0.5782650601863861 0.4786082321405411 0.5697816467285156 0.4786082321405411
0 0.49827201843261726 0.3739730834960938 0.5055304706096649 0.3739730834960938 0.5055304706096649 0.3842569935321808 0.49827201843261726 0.3842569935321808
0 0.5798142242431641 0.6853076171875 0.5872662502527237 0.6853076171875 0.5872662502527237 0.6966798424720764 0.5798142242431641 0.6966798424720764
0 0.529044418334961 0.46790130615234377 0.5368292397260667 0.46790130615234377 0.5368292397260667 0.47775820732116697 0.529044418334961 0.47775820732116697
0 0.4665481948852539 0.30343151092529297 0.47427570700645444 0.30343151092529297 0.47427570700645444 0.31406208395957946 0.4665481948852539 0.31406208395957946
0 0.584466552734375 0.6247730255126953 0.5923033601045607 0.6247730255126953 0.5923033601045607 0.6342185324430466 0.584466552734375 0.6342185324430466
0 0.21795995712280272 0.7732405853271485 0.22496257305145262 0.7732405853271485 0.22496257305145262 0.7826698052883149 0.21795995712280272 0.7826698052883149
0 0.5283540344238281 0.5333692932128906 0.5370258170366287 0.5333692932128906 0.5370258170366287 0.5437090992927551 0.5283540344238281 0.5437090992927551
0 0.5445498657226563 0.6853723907470703 0.5517937690019608 0.6853723907470703 0.5517937690019608 0.695216206908226 0.5445498657226563 0.695216206908226
0 0.8196504974365234 0.8377214050292969 0.8279456007480621 0.8377214050292969 0.8279456007480621 0.8475412660837174 0.8196504974365234 0.8475412660837174
0 0.4359061813354492 0.47078044891357423 0.4434865760803222 0.47078044891357423 0.4434865760803222 0.47956310749053954 0.4359061813354492 0.47956310749053954
0 0.5244984817504883 0.14654192924499512 0.5323960876464843 0.14654192924499512 0.5323960876464843 0.1579572629928589 0.5244984817504883 0.1579572629928589
0 0.18897790908813478 0.7711526489257813 0.19619444370269776 0.7711526489257813 0.19619444370269776 0.7804619336128235 0.18897790908813478 0.7804619336128235
0 0.5480331420898438 0.6217040634155273 0.5561503446102143 0.6217040634155273 0.5561503446102143 0.63167738199234 0.5480331420898438 0.63167738199234
0 0.5100524520874024 0.7695410919189453 0.5183430606126785 0.7695410919189453 0.5183430606126785 0.7793010246753692 0.5100524520874024 0.7793010246753692
0 0.5374671936035156 0.3081131172180176 0.5450713342428207 0.3081131172180176 0.5450713342428207 0.3182728815078736 0.5374671936035156 0.3182728815078736
0 0.4855892944335938 0.30528945922851564 0.4928469479084015 0.30528945922851564 0.4928469479084015 0.31451187551021575 0.4855892944335938 0.31451187551021575
0 0.4792844009399414 0.5342057418823242 0.48665395259857175 0.5342057418823242 0.48665395259857175 0.5439154708385467 0.4792844009399414 0.5439154708385467
0 0.2590977668762207 0.7733104705810547 0.26753318607807164 0.7733104705810547 0.26753318607807164 0.783599717617035 0.2590977668762207 0.783599717617035
0 0.6017086410522461 0.7686495971679688 0.6097875785827636 0.7686495971679688 0.6097875785827636 0.7777495276927948 0.6017086410522461 0.7777495276927948
0 0.7692790222167969 0.8364109039306642 0.7782670402526856 0.8364109039306642 0.7782670402526856 0.8472584009170533 0.7692790222167969 0.8472584009170533
0 0.512443618774414 0.3086780738830566 0.5202530431747435 0.3086780738830566 0.5202530431747435 0.3195660102367401 0.512443618774414 0.3195660102367401
0 0.4562054443359375 0.7707065582275392 0.463994819521904 0.7707065582275392 0.463994819521904 0.781054072380066 0.4562054443359375 0.781054072380066
0 0.8360462188720703 0.7735454559326171 0.8444542849063873 0.7735454559326171 0.8444542849063873 0.7826285463571548 0.8360462188720703 0.7826285463571548
0 0.22496688842773438 0.8422051239013671 0.232620250582695 0.8422051239013671 0.232620250582695 0.8522488069534301 0.22496688842773438 0.8522488069534301
0 0.1274491310119629 0.8329264068603516 0.13553682148456575 0.8329264068603516 0.13553682148456575 0.8424101001024247 0.1274491310119629 0.8424101001024247
0 0.5528561401367188 0.3683279418945313 0.5613019979000093 0.3683279418945313 0.5613019979000093 0.3780634844303132 0.5528561401367188 0.3780634844303132
0 0.5673873519897461 0.22489593505859376 0.5754016464948655 0.22489593505859376 0.5754016464948655 0.23514620423316956 0.5673873519897461 0.23514620423316956
0 0.48750732421875 0.6853980255126954 0.4953525596857071 0.6853980255126954 0.4953525596857071 0.69560852766037 0.48750732421875 0.69560852766037
0 0.450511474609375 0.6172040557861328 0.458160474896431 0.6172040557861328 0.458160474896431 0.6273110663890838 0.450511474609375 0.6273110663890838
0 0.485904655456543 0.14858532905578614 0.494270168542862 0.14858532905578614 0.494270168542862 0.15814307212829593 0.485904655456543 0.15814307212829593
0 0.16300886154174804 0.8379680633544921 0.1701832276582718 0.8379680633544921 0.1701832276582718 0.8474712055921555 0.16300886154174804 0.8474712055921555
0 0.4870885467529297 0.6186149597167969 0.4957482641935348 0.6186149597167969 0.4957482641935348 0.6288156187534333 0.4870885467529297 0.6288156187534333
0 0.8029183197021484 0.7668899536132814 0.8114560854434967 0.7668899536132814 0.8114560854434967 0.7774428689479828 0.8029183197021484 0.7774428689479828
0 0.5639277267456054 0.306085205078125 0.5729013139009476 0.306085205078125 0.5729013139009476 0.31720085740089415 0.5639277267456054 0.31720085740089415
0 0.8474866485595703 0.8394202423095704 0.8535416078567505 0.8394202423095704 0.8535416078567505 0.8472408854961395 0.8474866485595703 0.8472408854961395
0 0.47303184509277346 0.22232757568359374 0.481846279501915 0.22232757568359374 0.481846279501915 0.23422767162322997 0.47303184509277346 0.23422767162322997
0 0.2843196487426758 0.8518578338623047 0.29282104194164277 0.8518578338623047 0.29282104194164277 0.8622979295253754 0.2843196487426758 0.8622979295253754
0 0.49793079376220706 0.46400604248046873 0.5055650377273561 0.46400604248046873 0.5055650377273561 0.47440411686897277 0.49793079376220706 0.47440411686897277
0 0.4501544189453125 0.5352878189086914 0.45845653116703033 0.5352878189086914 0.45845653116703033 0.5443718189001083 0.4501544189453125 0.5443718189001083
0 0.4361965560913086 0.8407571411132813 0.4434447175264359 0.8407571411132813 0.4434447175264359 0.850513831973076 0.4361965560913086 0.850513831973076
0 0.5187220764160156 0.6206478118896485 0.5275848305225371 0.6206478118896485 0.5275848305225371 0.6314433264732361 0.5187220764160156 0.6314433264732361
0 0.45577693939208985 0.6836591339111329 0.4637624317407608 0.6836591339111329 0.4637624317407608 0.6940850770473481 0.45577693939208985 0.6940850770473481
0 0.5808910751342773 0.3687233734130859 0.5901017653942108 0.3687233734130859 0.5901017653942108 0.3802087354660034 0.5808910751342773 0.3802087354660034
0 0.6058472442626953 0.15561139106750488 0.6143375182151795 0.15561139106750488 0.6143375182151795 0.16654510378837586 0.6058472442626953 0.16654510378837586
0 0.1225223345614041 0.7645062173699532 0.1304466646574153 0.7645062173699532 0.1304466646574153 0.7767290780600942 0.1225223345614041 0.7767290780600942
0 0.18408828376887582 0.8386582388901409 0.19018392230426906 0.8386582388901409 0.19018392230426906 0.8484365274422537 0.18408828376887582 0.8484365274422537
0 0.8783815129501655 0.7653210747492958 0.8887440984603341 0.7653210747492958 0.8887440984603341 0.7791736501981221 0.8783815129501655 0.7791736501981221
0 0.8978875562634241 0.8248056634413146 0.9039831947988174 0.8248056634413146 0.9039831947988174 0.8402879536488264 0.8978875562634241 0.8402879536488264
