0 0.829736099243164 0.6155602264404297 0.8371388000249862 0.6155602264404297 0.8371388000249862 0.6249349337816239 0.829736099243164 0.6249349337816239
0 0.7810531616210937 0.6787187957763672 0.787867157459259 0.6787187957763672 0.787867157459259 0.686634154319763 0.7810531616210937 0.686634154319763
0 0.5169868850708008 0.4571491622924804 0.5254881596565248 0.4571491622924804 0.5254881596565248 0.4675784659385681 0.5169868850708008 0.4675784659385681
0 0.8353182983398437 0.6781453704833984 0.8430935978889464 0.6781453704833984 0.8430935978889464 0.6869148260354996 0.8353182983398437 0.6869148260354996
0 0.7907900238037109 0.6165567398071289 0.7980931878089904 0.6165567398071289 0.7980931878089904 0.6271433353424072 0.7907900238037109 0.6271433353424072
0 0.8145238494873047 0.5194615173339844 0.8226243740320206 0.5194615173339844 0.8226243740320206 0.5305881786346436 0.8145238494873047 0.5305881786346436
0 0.7658663177490235 0.7835308837890625 0.7741227418184281 0.7835308837890625 0.7741227418184281 0.7929910165071488 0.7658663177490235 0.7929910165071488
0 0.554519157409668 0.7287909698486329 0.5624856644868851 0.7287909698486329 0.5624856644868851 0.7383984726667404 0.554519157409668 0.7383984726667404
0 0.5474678421020508 0.46040283203125004 0.5554573559761048 0.46040283203125004 0.5554573559761048 0.46943235874176026 0.5474678421020508 0.46943235874176026
0 0.460169677734375 0.8259329223632812 0.46777449846267705 0.8259329223632812 0.46777449846267705 0.8345187979936599 0.460169677734375 0.8345187979936599
0 0.5793894577026367 0.46737319946289063 0.5873745357990264 0.46737319946289063 0.5873745357990264 0.4775450801849365 0.5793894577026367 0.4775450801849365
0 0.5377631378173828 0.8245840454101563 0.544475349187851 0.8245840454101563 0.544475349187851 0.833893883228302 0.5377631378173828 0.833893883228302
0 0.5805554580688477 0.5208475494384766 0.588293319940567 0.5208475494384766 0.588293319940567 0.5305607175827026 0.5805554580688477 0.5305607175827026
0 0.5071062469482421 0.8342230224609375 0.5141051816940306 0.8342230224609375 0.5141051816940306 0.8435431385040283 0.5071062469482421 0.8435431385040283
0 0.47560752868652345 0.5193881988525391 0.48262246131896974 0.5193881988525391 0.48262246131896974 0.5296478760242462 0.47560752868652345 0.5296478760242462
0 0.7945067596435547 0.45483570098876946 0.8035146498680115 0.45483570098876946 0.8035146498680115 0.4660524129867553 0.7945067596435547 0.4660524129867553
0 0.5233700180053711 0.5237744522094726 0.5316671323776245 0.5237744522094726 0.5316671323776245 0.5339787471294403 0.5233700180053711 0.5339787471294403
0 0.45369945526123046 0.7823357391357422 0.4610252118110657 0.7823357391357422 0.4610252118110657 0.7913966137170791 0.45369945526123046 0.7913966137170791
0 0.5177288055419922 0.6789994812011719 0.5257811290025711 0.6789994812011719 0.5257811290025711 0.689990395307541 0.5177288055419922 0.689990395307541
0 0.5784128952026367 0.8241516876220704 0.5866419959068297 0.8241516876220704 0.5866419959068297 0.8340251517295838 0.5784128952026367 0.8340251517295838
0 0.5871301651000976 0.6885374450683593 0.5952888858318328 0.6885374450683593 0.5952888858318328 0.6992619228363037 0.5871301651000976 0.6992619228363037
0 0.7997987365722656 0.7818670654296875 0.8078031539916992 0.7818670654296875 0.8078031539916992 0.7918334263563156 0.7997987365722656 0.7918334263563156
0 0.9008212280273438 0.4686942291259766 0.908392367362976 0.4686942291259766 0.908392367362976 0.4780904412269592 0.9008212280273438 0.4780904412269592
0 0.7716954040527344 0.8482616424560547 0.7792399287223817 0.8482616424560547 0.7792399287223817 0.8575953567028046 0.7716954040527344 0.8575953567028046
0 0.846231689453125 0.5208196640014648 0.854414244890213 0.5208196640014648 0.854414244890213 0.531213903427124 0.846231689453125 0.531213903427124
0 0.5136853408813477 0.6320205307006836 0.5212138974666596 0.6320205307006836 0.5212138974666596 0.6425116991996765 0.5136853408813477 0.6425116991996765
0 0.541634292602539 0.6285853958129883 0.5492405623197555 0.6285853958129883 0.5492405623197555 0.6386665141582489 0.541634292602539 0.6386665141582489
0 0.8985873413085937 0.6167770004272461 0.9053352743387222 0.6167770004272461 0.9053352743387222 0.6248331665992738 0.8985873413085937 0.6248331665992738
0 0.8080243682861328 0.6149422836303711 0.8155026537179946 0.6149422836303711 0.8155026537179946 0.6247456604242325 0.8080243682861328 0.6247456604242325
0 0.9130704498291016 0.7719241333007812 0.9196316111087799 0.7719241333007812 0.9196316111087799 0.7800152444839478 0.9130704498291016 0.7800152444839478
0 0.45099491119384766 0.4599062728881836 0.45858876109123226 0.4599062728881836 0.45858876109123226 0.46944700837135317 0.45099491119384766 0.46944700837135317
0 0.5456069946289063 0.7712448883056641 0.5527693402767183 0.7712448883056641 0.5527693402767183 0.779787359237671 0.5456069946289063 0.779787359237671
0 0.7687505340576172 0.6788331604003907 0.7750302356481552 0.6788331604003907 0.7750302356481552 0.6877046835422517 0.7687505340576172 0.6877046835422517
0 0.9155559539794922 0.678719482421875 0.9221101951599121 0.678719482421875 0.9221101951599121 0.6869967037439346 0.9155559539794922 0.6869967037439346
0 0.597845573425293 0.6288542175292968 0.6045763552188873 0.6288542175292968 0.6045763552188873 0.63743772149086 0.597845573425293 0.63743772149086
0 0.49979496002197266 0.5169939041137696 0.5071096569299698 0.5169939041137696 0.5071096569299698 0.5272869455814362 0.49979496002197266 0.5272869455814362
0 0.81799072265625 0.8388611602783204 0.825418500304222 0.8388611602783204 0.825418500304222 0.8483735525608064 0.81799072265625 0.8483735525608064
0 0.8095262145996094 0.6812993621826172 0.817377571463585 0.6812993621826172 0.817377571463585 0.6910743951797484 0.8095262145996094 0.6910743951797484
0 0.9089921569824219 0.5237480926513672 0.9163512104749679 0.5237480926513672 0.9163512104749679 0.533264279961586 0.9089921569824219 0.533264279961586
0 0.4886800384521484 0.4606385040283203 0.4958864748477935 0.4606385040283203 0.4958864748477935 0.47006752669811247 0.4886800384521484 0.47006752669811247
0 0.5481674194335937 0.5148244857788086 0.5562891763448715 0.5148244857788086 0.5562891763448715 0.5251809740066529 0.5481674194335937 0.5251809740066529
0 0.8489579010009766 0.6098765563964844 0.8551427966356276 0.6098765563964844 0.8551427966356276 0.618524416089058 0.8489579010009766 0.618524416089058
0 0.7760667419433593 0.5146080780029297 0.7846010184288024 0.5146080780029297 0.7846010184288024 0.5249280393123628 0.7760667419433593 0.5249280393123628
0 0.4892033386230469 0.7793797302246094 0.4968234479427338 0.7793797302246094 0.4968234479427338 0.7881237280368806 0.4892033386230469 0.7881237280368806
0 0.9171163940429687 0.8223388671875 0.9243922340869902 0.8223388671875 0.9243922340869902 0.8312377452850341 0.9171163940429687 0.8312377452850341
0 0.8507437133789062 0.7774897766113281 0.8574199068546294 0.7774897766113281 0.8574199068546294 0.7858904910087586 0.8507437133789062 0.7858904910087586
0 0.8909085083007813 0.657249755859375 0.8978633224964142 0.657249755859375 0.8978633224964142 0.6656501144170761 0.8909085083007813 0.6656501144170761
0 0.4368395614624023 0.8283267211914063 0.44551572084426877 0.8283267211914063 0.44551572084426877 0.8377402871847153 0.4368395614624023 0.8377402871847153
0 0.4441324615478516 0.6186067581176757 0.4519029998779297 0.6186067581176757 0.4519029998779297 0.6277670121192932 0.4441324615478516 0.6277670121192932
0 0.4811989212036133 0.6296287155151368 0.4893715697526932 0.6296287155151368 0.4893715697526932 0.638705244064331 0.4811989212036133 0.638705244064331
0 0.8835649108886718 0.5146913528442383 0.8908098196983336 0.5146913528442383 0.8908098196983336 0.5237502509355545 0.8835649108886718 0.5237502509355545
0 0.8343091583251954 0.4717906188964844 0.8421679079532624 0.4717906188964844 0.8421679079532624 0.4812151741981507 0.8343091583251954 0.4812151741981507
0 0.6030644226074219 0.5150466918945312 0.6112850654125214 0.5150466918945312 0.6112850654125214 0.5262420976161957 0.6030644226074219 0.5262420976161957
0 0.8787992858886718 0.776522445678711 0.8844350427389145 0.776522445678711 0.8844350427389145 0.7840087395906449 0.8787992858886718 0.7840087395906449
0 0.44806705474853514 0.518816032409668 0.45546316146850585 0.518816032409668 0.45546316146850585 0.5274142414331437 0.44806705474853514 0.5274142414331437
0 0.48299560546875 0.8300474548339843 0.4904275524616241 0.8300474548339843 0.4904275524616241 0.8397831153869629 0.48299560546875 0.8397831153869629
0 0.5528563690185547 0.8282452392578125 0.5603596121072769 0.8282452392578125 0.5603596121072769 0.8392589223384858 0.5528563690185547 0.8392589223384858
0 0.6161259038041614 0.4602672848089084 0.625697567620068 0.4602672848089084 0.625697567620068 0.4723891301214447 0.6161259038041614 0.4723891301214447
0 0.8740570550538587 0.4575735414061225 0.8841324906495499 0.4575735414061225 0.8841324906495499 0.4696953867186589 0.8740570550538587 0.4696953867186589
0 0.8745608268336431 0.6171778380211848 0.8836287188697654 0.6171778380211848 0.8836287188697654 0.630646555035114 0.8745608268336431 0.630646555035114
0 0.8614627605592444 0.6643183475699374 0.869019337256013 0.6643183475699374 0.869019337256013 0.6798073721359559 0.8614627605592444 0.6798073721359559
0 0.8745608268336431 0.6885620381950102 0.8846362624293344 0.6885620381950102 0.8846362624293344 0.7027041910596359 0.8745608268336431 0.7027041910596359
0 0.919900287014254 0.6070763002607378 0.9304794943897299 0.6070763002607378 0.9304794943897299 0.6232387606774529 0.919900287014254 0.6232387606774529
0 0.7622197199416852 0.6252590682295424 0.7712876119778073 0.6252590682295424 0.7712876119778073 0.6387277852434716 0.7622197199416852 0.6387277852434716
0 0.4740622619049141 0.6622980400178479 0.489175415298451 0.6622980400178479 0.489175415298451 0.6730730136289913 0.4740622619049141 0.6730730136289913
0 0.4750698054644832 0.6811542438373489 0.48464146928039004 0.6811542438373489 0.48464146928039004 0.6946229608512783 0.4750698054644832 0.6946229608512783
0 0.852898640302907 0.8228863712668297 0.8659967065773057 0.8228863712668297 0.8659967065773057 0.8383753958328484 0.852898640302907 0.8383753958328484
