0 0.2804957580566406 0.9816728210449219 0.2870001715421676 0.9816728210449219 0.2870001715421676 0.9909511137008667 0.2804957580566406 0.9909511137008667
0 0.4763140869140625 0.3648029327392578 0.4838793414831162 0.3648029327392578 0.4838793414831162 0.37367785573005674 0.4763140869140625 0.37367785573005674
0 0.5393861389160156 0.5314566040039063 0.548345946073532 0.5314566040039063 0.548345946073532 0.541047859787941 0.5393861389160156 0.541047859787941
0 0.17195573806762696 0.47157524108886717 0.1789128589630127 0.47157524108886717 0.1789128589630127 0.4798153036832809 0.17195573806762696 0.4798153036832809
0 0.2042243194580078 0.8242387390136718 0.2117717570066452 0.8242387390136718 0.2117717570066452 0.8337663900852204 0.2042243194580078 0.8337663900852204
0 0.5071367645263671 0.364293441772461 0.514532782435417 0.364293441772461 0.514532782435417 0.37376325964927676 0.5071367645263671 0.37376325964927676
0 0.49869812011718745 0.9796731567382813 0.5055483698844909 0.9796731567382813 0.5055483698844909 0.9895134943723679 0.49869812011718745 0.9895134943723679
0 0.21305889129638672 0.9687983703613282 0.22012746632099153 0.9687983703613282 0.22012746632099153 0.9770061755180359 0.21305889129638672 0.9770061755180359
0 0.23505992889404298 0.20913013458251953 0.24110307455062865 0.20913013458251953 0.24110307455062865 0.2164608561992645 0.23505992889404298 0.2164608561992645
0 0.5414545822143555 0.7736877441406251 0.5481748366355896 0.7736877441406251 0.5481748366355896 0.7826771473884584 0.5414545822143555 0.7826771473884584
0 0.44591236114501953 0.3630271530151367 0.4539048618078232 0.3630271530151367 0.4539048618078232 0.37190049469470976 0.44591236114501953 0.37190049469470976
0 0.49105690002441404 0.9263111877441407 0.4989655953645706 0.9263111877441407 0.4989655953645706 0.9350552642345429 0.49105690002441404 0.9350552642345429
0 0.22743932723999025 0.5227365112304687 0.23417822659015658 0.5227365112304687 0.23417822659015658 0.5321548604965209 0.22743932723999025 0.5321548604965209
0 0.5529849624633789 0.466595344543457 0.5606279599666596 0.466595344543457 0.5606279599666596 0.47744450211524964 0.5529849624633789 0.47744450211524964
0 0.24142318725585937 0.1573401927947998 0.24814342677593232 0.1573401927947998 0.24814342677593232 0.16593069314956663 0.24142318725585937 0.16593069314956663
0 0.15047401428222656 0.46778903961181645 0.15817189574241639 0.46778903961181645 0.15817189574241639 0.4769479101896286 0.15047401428222656 0.4769479101896286
0 0.48301849365234373 0.2094932746887207 0.490242229104042 0.2094932746887207 0.490242229104042 0.21922170162200924 0.48301849365234373 0.21922170162200924
0 0.5100037765502929 0.5206344223022461 0.5176351225376129 0.5206344223022461 0.5176351225376129 0.5306561267375947 0.5100037765502929 0.5306561267375947
0 0.20315708160400392 0.5205862808227539 0.2093066990375519 0.5205862808227539 0.2093066990375519 0.5277373558282852 0.20315708160400392 0.5277373558282852
0 0.5382302856445312 0.35575874328613283 0.5454058200120926 0.35575874328613283 0.5454058200120926 0.3652481681108474 0.5382302856445312 0.3652481681108474
0 0.5775376510620117 0.530926513671875 0.5855232614278794 0.530926513671875 0.5855232614278794 0.5412684941291809 0.5775376510620117 0.5412684941291809
0 0.5524795150756836 0.19884035110473633 0.5601529705524445 0.19884035110473633 0.5601529705524445 0.20775409281253815 0.5524795150756836 0.20775409281253815
0 0.47612152099609373 0.14855891227722168 0.4832856404781341 0.14855891227722168 0.4832856404781341 0.15639499247074126 0.47612152099609373 0.15639499247074126
0 0.14226069450378417 0.6239216232299805 0.1496375352144241 0.6239216232299805 0.1496375352144241 0.6324387943744659 0.14226069450378417 0.6324387943744659
0 0.26482912063598635 0.2081032752990723 0.2720553106069565 0.2081032752990723 0.2720553106069565 0.21705208063125614 0.26482912063598635 0.21705208063125614
0 0.17894559860229492 0.5240505599975586 0.1864339083433151 0.5240505599975586 0.1864339083433151 0.5323124825954436 0.17894559860229492 0.5323124825954436
0 0.16625091552734375 0.6289788055419921 0.17221359789371488 0.6289788055419921 0.17221359789371488 0.6375605303049087 0.16625091552734375 0.6375605303049087
0 0.44672019958496095 0.6183119201660157 0.45385572373867034 0.6183119201660157 0.45385572373867034 0.6277118480205537 0.44672019958496095 0.6277118480205537
0 0.2714938735961914 0.7717918395996095 0.27934629499912267 0.7717918395996095 0.27934629499912267 0.781046097278595 0.2714938735961914 0.781046097278595
0 0.2434989356994629 0.45032012939453125 0.2503891956806183 0.45032012939453125 0.2503891956806183 0.4599092900753021 0.2434989356994629 0.4599092900753021
0 0.4747676086425781 0.3008716011047363 0.4814707416296005 0.3008716011047363 0.4814707416296005 0.3104756844043732 0.4747676086425781 0.3104756844043732
0 0.5879064178466797 0.9308116149902345 0.5952345991134644 0.9308116149902345 0.5952345991134644 0.9406344014406204 0.5879064178466797 0.9406344014406204
0 0.17613218307495118 0.21315885543823243 0.18378178954124452 0.21315885543823243 0.18378178954124452 0.222770015001297 0.17613218307495118 0.222770015001297
0 0.5154896926879883 0.20654121398925782 0.5221625739336014 0.20654121398925782 0.5221625739336014 0.21460008800029756 0.5154896926879883 0.21460008800029756
0 0.4457931900024414 0.3048322868347168 0.45254931449890134 0.3048322868347168 0.45254931449890134 0.31398487210273746 0.4457931900024414 0.31398487210273746
0 0.5008023834228515 0.816963119506836 0.5077990114688873 0.816963119506836 0.5077990114688873 0.8254782354831696 0.5008023834228515 0.8254782354831696
0 0.5252959823608399 0.6787158203125 0.5332671028375626 0.6787158203125 0.5332671028375626 0.6875397485494613 0.5252959823608399 0.6875397485494613
0 0.1466682720184326 0.668179931640625 0.15397366881370542 0.668179931640625 0.15397366881370542 0.6764056837558746 0.1466682720184326 0.6764056837558746
0 0.4477547836303711 0.5128480529785157 0.45574796438217163 0.5128480529785157 0.45574796438217163 0.5222021651268006 0.4477547836303711 0.5222021651268006
0 0.15386558532714845 0.1564197826385498 0.16146950423717502 0.1564197826385498 0.16146950423717502 0.1655883777141571 0.15386558532714845 0.1655883777141571
0 0.45147106170654294 0.14811944961547852 0.4582133764028549 0.14811944961547852 0.4582133764028549 0.15681048572063447 0.45147106170654294 0.15681048572063447
0 0.2714390754699707 0.15469143867492677 0.27870314598083495 0.15469143867492677 0.27870314598083495 0.16407142341136932 0.2714390754699707 0.16407142341136932
0 0.4522762680053711 0.2047472381591797 0.4600950664281845 0.2047472381591797 0.4600950664281845 0.21393427431583403 0.4522762680053711 0.21393427431583403
0 0.5618218231201172 0.6709486389160156 0.5692528533935547 0.6709486389160156 0.5692528533935547 0.6790988087654115 0.5618218231201172 0.6790988087654115
0 0.593489990234375 0.6150094985961914 0.6017702490091323 0.6150094985961914 0.6017702490091323 0.6251297521591186 0.593489990234375 0.6251297521591186
0 0.18754741668701172 0.15919548988342286 0.1942459660768509 0.15919548988342286 0.1942459660768509 0.16863657891750336 0.18754741668701172 0.16863657891750336
0 0.127119140625 0.9172659301757813 0.133302321434021 0.9172659301757813 0.133302321434021 0.9247382301092147 0.127119140625 0.9247382301092147
0 0.578470458984375 0.15280863761901856 0.5863115841150284 0.15280863761901856 0.5863115841150284 0.16209918439388277 0.578470458984375 0.16209918439388277
0 0.17146137237548828 0.36813533782958985 0.1784946095943451 0.36813533782958985 0.1784946095943451 0.37637619078159334 0.17146137237548828 0.37637619078159334
0 0.5137158203125 0.46498058319091795 0.5211849975585937 0.46498058319091795 0.5211849975585937 0.4751031291484833 0.5137158203125 0.4751031291484833
0 0.5764188385009765 0.19865942001342773 0.5831832724809646 0.19865942001342773 0.5831832724809646 0.2073958873748779 0.5764188385009765 0.2073958873748779
0 0.4432938003540039 0.8213993835449219 0.44987498104572293 0.8213993835449219 0.44987498104572293 0.8292703884840013 0.4432938003540039 0.8292703884840013
0 0.5411283111572266 0.15219563484191895 0.5491186529397964 0.15219563484191895 0.5491186529397964 0.16186154425144195 0.5411283111572266 0.16186154425144195
0 0.19626394271850586 0.36837589263916015 0.20355505645275118 0.36837589263916015 0.20355505645275118 0.37645514488220216 0.19626394271850586 0.37645514488220216
0 0.22403085708618165 0.626607666015625 0.231604790687561 0.626607666015625 0.231604790687561 0.6356403553485871 0.22403085708618165 0.6356403553485871
0 0.5730056762695312 0.3148373794555664 0.5810561066865921 0.3148373794555664 0.5810561066865921 0.324309549331665 0.5730056762695312 0.324309549331665
0 0.19557188034057618 0.9688851165771485 0.20074639916419984 0.9688851165771485 0.20074639916419984 0.9759781605005264 0.19557188034057618 0.9759781605005264
0 0.4425391387939453 0.7746190643310547 0.44924901366233827 0.7746190643310547 0.44924901366233827 0.7833534955978394 0.4425391387939453 0.7833534955978394
0 0.26674110412597657 0.8254590606689454 0.27482474327087403 0.8254590606689454 0.27482474327087403 0.8341447114944458 0.26674110412597657 0.8341447114944458
0 0.46802440643310544 0.8173746490478515 0.47549393832683556 0.8173746490478515 0.47549393832683556 0.825871580839157 0.46802440643310544 0.825871580839157
0 0.20900753021240234 0.7728871154785156 0.21553564548492432 0.7728871154785156 0.21553564548492432 0.7813868933916092 0.20900753021240234 0.7813868933916092
0 0.14320127487182618 0.3154401588439941 0.15000270247459413 0.3154401588439941 0.15000270247459413 0.32451380193233487 0.14320127487182618 0.32451380193233487
0 0.25229337692260745 0.6290685653686523 0.25913058578968057 0.6290685653686523 0.25913058578968057 0.6377655220031738 0.25229337692260745 0.6377655220031738
0 0.14421043395996094 0.9670734405517578 0.1506050491333008 0.9670734405517578 0.1506050491333008 0.9748456192016602 0.14421043395996094 0.9748456192016602
0 0.22946910858154296 0.6748566436767578 0.23734103202819823 0.6748566436767578 0.23734103202819823 0.6844749778509139 0.22946910858154296 0.6844749778509139
0 0.23704626083374022 0.9731554412841796 0.24309898793697354 0.9731554412841796 0.24309898793697354 0.981952251791954 0.23704626083374022 0.981952251791954
0 0.5860955429077148 0.46445938110351564 0.5942593497037887 0.46445938110351564 0.5942593497037887 0.47488852620124816 0.5860955429077148 0.47488852620124816
0 0.5188697052001953 0.7771573638916016 0.5253342270851135 0.7771573638916016 0.5253342270851135 0.786157124042511 0.5188697052001953 0.786157124042511
0 0.23481916427612304 0.7759386444091797 0.24167203128337858 0.7759386444091797 0.24167203128337858 0.7855235356092453 0.23481916427612304 0.7855235356092453
0 0.4797476577758789 0.5306280517578125 0.48790466308593755 0.5306280517578125 0.48790466308593755 0.5419543027877807 0.4797476577758789 0.5419543027877807
0 0.5174861145019531 0.6231352615356446 0.5247401309013366 0.6231352615356446 0.5247401309013366 0.631503758430481 0.5174861145019531 0.631503758430481
0 0.20115251541137696 0.3058901596069336 0.20858461022377014 0.3058901596069336 0.20858461022377014 0.3150187104940415 0.20115251541137696 0.3150187104940415
0 0.48621883392333987 0.4634246826171875 0.49386611938476566 0.4634246826171875 0.49386611938476566 0.4736931753158569 0.48621883392333987 0.4736931753158569
0 0.2069601058959961 0.6702265930175781 0.2138043826818466 0.6702265930175781 0.2138043826818466 0.6791914081573487 0.2069601058959961 0.6791914081573487
0 0.21652793884277344 0.16292991638183593 0.22341299414634705 0.16292991638183593 0.22341299414634705 0.17241311550140379 0.21652793884277344 0.17241311550140379
0 0.5034855651855469 0.1525653076171875 0.5107499313354491 0.1525653076171875 0.5107499313354491 0.16172354578971862 0.5034855651855469 0.16172354578971862
0 0.5563673782348633 0.9326333618164062 0.5646636646986007 0.9326333618164062 0.5646636646986007 0.941960197687149 0.5563673782348633 0.941960197687149
0 0.175697021484375 0.7748103332519531 0.18257245123386381 0.7748103332519531 0.18257245123386381 0.7841853171586991 0.175697021484375 0.7841853171586991
0 0.23200006484985353 0.8200439453125001 0.23967805981636048 0.8200439453125001 0.23967805981636048 0.8296723204851152 0.23200006484985353 0.8296723204851152
0 0.22357208251953126 0.36272865295410156 0.2310599786043167 0.36272865295410156 0.2310599786043167 0.37172932267189024 0.22357208251953126 0.37172932267189024
0 0.17676671981811523 0.6707268524169921 0.18307617008686067 0.6707268524169921 0.18307617008686067 0.6791845697164535 0.17676671981811523 0.6791845697164535
0 0.20706951141357421 0.2105145263671875 0.21393602550029753 0.2105145263671875 0.21393602550029753 0.21966410756111146 0.20706951141357421 0.21966410756111146
0 0.20016370773315428 0.9191753387451171 0.20758759677410124 0.9191753387451171 0.20758759677410124 0.929130710363388 0.20016370773315428 0.929130710363388
0 0.16075893402099609 0.52516845703125 0.16701242029666902 0.52516845703125 0.16701242029666902 0.5332223701477051 0.16075893402099609 0.5332223701477051
0 0.5343416976928711 0.9840672302246093 0.5418933790922165 0.9840672302246093 0.5418933790922165 0.9929736983776093 0.5343416976928711 0.9929736983776093
0 0.5580817413330078 0.7709034729003906 0.5654360044002533 0.7709034729003906 0.5654360044002533 0.779186544418335 0.5580817413330078 0.779186544418335
0 0.15914162635803222 0.9112335968017579 0.16562974631786348 0.9112335968017579 0.16562974631786348 0.9194966661930085 0.15914162635803222 0.9194966661930085
0 0.24924333572387697 0.35831508636474607 0.25645947158336635 0.35831508636474607 0.25645947158336635 0.3683890104293823 0.24924333572387697 0.3683890104293823
0 0.4568659973144531 0.46069015502929683 0.46438177883625026 0.46069015502929683 0.46438177883625026 0.47027615308761594 0.4568659973144531 0.47027615308761594
0 0.13842499732971192 0.3728034591674805 0.14500731647014617 0.3728034591674805 0.14500731647014617 0.3816650205850602 0.13842499732971192 0.3816650205850602
0 0.25678220748901365 0.6740003967285156 0.2641265642642975 0.6740003967285156 0.2641265642642975 0.6827387809753418 0.25678220748901365 0.6827387809753418
0 0.17671852111816405 0.3100666618347168 0.18409341037273405 0.3100666618347168 0.18409341037273405 0.31942502319812777 0.17671852111816405 0.31942502319812777
0 0.17801769256591796 0.9138861083984375 0.18455383598804473 0.9138861083984375 0.18455383598804473 0.9237187772989273 0.17801769256591796 0.9237187772989273
0 0.4660706329345703 0.9273323822021484 0.4732361131906509 0.9273323822021484 0.4732361131906509 0.935333759188652 0.4660706329345703 0.935333759188652
0 0.17504812240600587 0.8318270111083984 0.18268981873989107 0.8318270111083984 0.18268981873989107 0.8410339903831482 0.17504812240600587 0.8410339903831482
0 0.21689544677734374 0.46215499877929683 0.22332401037216185 0.46215499877929683 0.22332401037216185 0.47100363373756404 0.21689544677734374 0.47100363373756404
0 0.2349231719970703 0.9223164367675781 0.24188985884189604 0.9223164367675781 0.24188985884189604 0.9318504917621612 0.2349231719970703 0.9318504917621612
0 0.1665011978149414 0.9666473388671875 0.17327293574810027 0.9666473388671875 0.17327293574810027 0.975804983973503 0.1665011978149414 0.975804983973503
0 0.47816570281982423 0.7656999206542969 0.48563153862953184 0.7656999206542969 0.48563153862953184 0.7745006048679351 0.47816570281982423 0.7745006048679351
0 0.5190206909179688 0.9279833221435547 0.5270065379142761 0.9279833221435547 0.5270065379142761 0.9391024732589721 0.5190206909179688 0.9391024732589721
0 0.5731590270996094 0.3580118942260742 0.5814410012960435 0.3580118942260742 0.5814410012960435 0.36719582736492157 0.5731590270996094 0.36719582736492157
0 0.551545524597168 0.6193704986572266 0.559808750152588 0.6193704986572266 0.559808750152588 0.6296829891204835 0.551545524597168 0.6296829891204835
0 0.5801618194580078 0.9847340393066406 0.5874166637659073 0.9847340393066406 0.5874166637659073 0.993556386232376 0.5801618194580078 0.993556386232376
0 0.15484161376953126 0.21155477523803712 0.1607923638820648 0.21155477523803712 0.1607923638820648 0.2193653577566147 0.15484161376953126 0.2193653577566147
0 0.4455539703369141 0.6718003845214844 0.45324451804161076 0.6718003845214844 0.45324451804161076 0.6825554585456848 0.4455539703369141 0.6825554585456848
0 0.5978750228881836 0.6669776153564454 0.6062768787145615 0.6669776153564454 0.6062768787145615 0.6784521460533142 0.5978750228881836 0.6784521460533142
0 0.1548963737487793 0.7773384094238283 0.1617820203304291 0.7773384094238283 0.1617820203304291 0.7875285136699678 0.1548963737487793 0.7875285136699678
0 0.19697122573852538 0.46408058166503907 0.2039272081851959 0.46408058166503907 0.2039272081851959 0.47437164664268494 0.19697122573852538 0.47437164664268494
0 0.2554161071777344 0.30627418518066407 0.263500988483429 0.30627418518066407 0.263500988483429 0.31733678698539736 0.2554161071777344 0.31733678698539736
0 0.5398080444335938 0.30633928298950197 0.5487172847986221 0.30633928298950197 0.5487172847986221 0.3165317189693451 0.5398080444335938 0.3165317189693451
0 0.5648139572143555 0.9917286682128906 0.5712836837768555 0.9917286682128906 0.5712836837768555 0.9999999594688416 0.5648139572143555 0.9999999594688416
0 0.5263114166259766 0.819263687133789 0.5335477495193481 0.819263687133789 0.5335477495193481 0.8298276710510254 0.5263114166259766 0.8298276710510254
0 0.5512391662597657 0.8246697998046875 0.5590328592061997 0.8246697998046875 0.5590328592061997 0.8345512491464615 0.5512391662597657 0.8345512491464615
0 0.1841375732421875 0.6237255096435547 0.19176863849163053 0.6237255096435547 0.19176863849163053 0.6328074538707733 0.1841375732421875 0.6328074538707733
0 0.24619226455688475 0.5193977737426758 0.25427954077720644 0.5193977737426758 0.25427954077720644 0.529690262079239 0.24619226455688475 0.529690262079239
0 0.4797651672363281 0.6187725830078125 0.4880208820104599 0.6187725830078125 0.4880208820104599 0.6297881639003754 0.4797651672363281 0.6297881639003754
0 0.15169257164001465 0.827781753540039 0.1597434312105179 0.827781753540039 0.1597434312105179 0.8377518302202225 0.15169257164001465 0.8377518302202225
0 0.5042626953125 0.30747140884399415 0.5124349594116211 0.30747140884399415 0.5124349594116211 0.31801244497299197 0.5042626953125 0.31801244497299197
0 0.22999881744384765 0.3078455352783203 0.23809163868427274 0.3078455352783203 0.23809163868427274 0.3190342998504639 0.22999881744384765 0.3190342998504639
0 0.25944246658905096 0.9750828735242308 0.2659914997262503 0.9750828735242308 0.2659914997262503 0.9831641037325884 0.25944246658905096 0.9831641037325884
0 0.46548512452093793 0.9750828735242308 0.4740492447772756 0.9750828735242308 0.4740492447772756 0.9851844112846778 0.46548512452093793 0.9851844112846778
0 0.4790869625751213 0.6720367407108213 0.48714731105167447 0.6720367407108213 0.48714731105167447 0.6814648426205718 0.4790869625751213 0.6814648426205718
