0 0.16606563568115235 0.2172804069519043 0.1735976666212082 0.2172804069519043 0.1735976666212082 0.2271883022785187 0.16606563568115235 0.2271883022785187
0 0.5323057174682617 0.15546953201293945 0.5398265260457993 0.15546953201293945 0.5398265260457993 0.16532945692539217 0.5323057174682617 0.16532945692539217
0 0.4761228179931641 0.3202619934082031 0.4838657069206238 0.3202619934082031 0.4838657069206238 0.330427885055542 0.4761228179931641 0.330427885055542
0 0.5230758285522461 0.522365951538086 0.5300095880031587 0.522365951538086 0.5300095880031587 0.5317580920457841 0.5230758285522461 0.5317580920457841
0 0.16223796844482422 0.32167514801025393 0.16935468554496766 0.32167514801025393 0.16935468554496766 0.3314335584640503 0.16223796844482422 0.3314335584640503
0 0.5246805953979492 0.6786663818359374 0.5317327582836152 0.6786663818359374 0.5317327582836152 0.6875378257036209 0.5246805953979492 0.6875378257036209
0 0.508880500793457 0.20587547302246093 0.516080046892166 0.20587547302246093 0.516080046892166 0.21409584939479825 0.508880500793457 0.21409584939479825
0 0.49790916442871086 0.626268310546875 0.5064682805538177 0.626268310546875 0.5064682805538177 0.6359833759069443 0.49790916442871086 0.6359833759069443
0 0.197181339263916 0.834521255493164 0.20410369873046877 0.834521255493164 0.20410369873046877 0.8431752818822861 0.197181339263916 0.8431752818822861
0 0.5394393157958984 0.6264900588989257 0.5481490087509155 0.6264900588989257 0.5481490087509155 0.6360779547691344 0.5394393157958984 0.6360779547691344
0 0.1417037296295166 0.21853025436401366 0.14949273526668547 0.21853025436401366 0.14949273526668547 0.22712215840816496 0.1417037296295166 0.22712215840816496
0 0.47769134521484374 0.4713881301879883 0.4857746887207031 0.4713881301879883 0.4857746887207031 0.48064602494239805 0.47769134521484374 0.48064602494239805
0 0.5476451873779297 0.7830815887451172 0.5553534781932831 0.7830815887451172 0.5553534781932831 0.7918574482202531 0.5476451873779297 0.7918574482202531
0 0.4858308029174805 0.20735876083374025 0.493191009759903 0.20735876083374025 0.493191009759903 0.2160066992044449 0.4858308029174805 0.2160066992044449
0 0.5553049087524414 0.31259429931640625 0.5636255025863648 0.31259429931640625 0.5636255025863648 0.32307149410247804 0.5553049087524414 0.32307149410247804
0 0.5027132034301758 0.7808892059326172 0.5108475571870804 0.7808892059326172 0.5108475571870804 0.7911616909503937 0.5027132034301758 0.7911616909503937
0 0.13953924179077148 0.3209701156616211 0.14617270469665528 0.3209701156616211 0.14617270469665528 0.3304433137178421 0.13953924179077148 0.3304433137178421
0 0.49198959350585936 0.15777769088745117 0.49828907787799825 0.15777769088745117 0.49828907787799825 0.16761092245578768 0.49198959350585936 0.16761092245578768
0 0.23346179962158203 0.21880533218383788 0.24065804839134217 0.21880533218383788 0.24065804839134217 0.22821205914020537 0.23346179962158203 0.22821205914020537
0 0.5293595123291016 0.7823579406738281 0.535950244665146 0.7823579406738281 0.535950244665146 0.7924612355232239 0.5293595123291016 0.7924612355232239
0 0.45454719543457034 0.063102388381958 0.46198204040527346 0.063102388381958 0.46198204040527346 0.07131505608558654 0.45454719543457034 0.07131505608558654
0 0.16337938308715821 0.3728801345825195 0.1698739641904831 0.3728801345825195 0.1698739641904831 0.38206086575984954 0.16337938308715821 0.38206086575984954
0 0.4748865509033203 0.06289908885955811 0.48180629372596745 0.06289908885955811 0.48180629372596745 0.07115452408790589 0.4748865509033203 0.07115452408790589
0 0.21822525024414063 0.021230909824371338 0.2251149779558182 0.021230909824371338 0.2251149779558182 0.028740203380584715 0.21822525024414063 0.028740203380584715
0 0.4950442886352539 0.470159912109375 0.5022703009843826 0.470159912109375 0.5022703009843826 0.47900937736034394 0.4950442886352539 0.47900937736034394
0 0.20826778411865235 0.6245834350585937 0.21622781515121461 0.6245834350585937 0.21622781515121461 0.6345409017801285 0.20826778411865235 0.6345409017801285
0 0.24786977767944335 0.1643699264526367 0.25502271950244904 0.1643699264526367 0.25502271950244904 0.1750299894809723 0.24786977767944335 0.1750299894809723
0 0.24889696121215824 0.8364241790771484 0.2560875475406647 0.8364241790771484 0.2560875475406647 0.8457148844003677 0.24889696121215824 0.8457148844003677
0 0.2201937484741211 0.32489944458007813 0.22748988926410674 0.32489944458007813 0.22748988926410674 0.33468325376510616 0.2201937484741211 0.33468325376510616
0 0.15920207977294923 0.5312813186645508 0.1663753813505173 0.5312813186645508 0.1663753813505173 0.5417219674587249 0.15920207977294923 0.5417219674587249
0 0.4979693603515625 0.6861572265625 0.5058908599615096 0.6861572265625 0.5058908599615096 0.6947462648153304 0.4979693603515625 0.6947462648153304
0 0.47158660888671877 0.6276749801635743 0.47931766927242275 0.6276749801635743 0.47931766927242275 0.6372379320859909 0.47158660888671877 0.6372379320859909
0 0.17233015060424806 0.7784760284423827 0.1797962820529938 0.7784760284423827 0.1797962820529938 0.7882124006748199 0.17233015060424806 0.7882124006748199
0 0.20388750076293946 0.22544580459594726 0.2117831403017044 0.22544580459594726 0.2117831403017044 0.23492127537727356 0.20388750076293946 0.23492127537727356
0 0.5497151184082031 0.5220070648193359 0.5576362633705139 0.5220070648193359 0.5576362633705139 0.5315288257598877 0.5497151184082031 0.5315288257598877
0 0.450921630859375 0.47011863708496093 0.4582528877258301 0.47011863708496093 0.4582528877258301 0.4803140377998352 0.450921630859375 0.4803140377998352
0 0.18585210800170898 0.37273448944091797 0.1933579683303833 0.37273448944091797 0.1933579683303833 0.3811043703556061 0.18585210800170898 0.3811043703556061
0 0.4790020751953125 0.7791222381591797 0.486593559384346 0.7791222381591797 0.486593559384346 0.7886407971382141 0.4790020751953125 0.7886407971382141
0 0.1344083309173584 0.774239501953125 0.1407883530855179 0.774239501953125 0.1407883530855179 0.782692475914955 0.1344083309173584 0.782692475914955
0 0.17823513031005858 0.8319564819335936 0.1847281593084335 0.8319564819335936 0.1847281593084335 0.8405205363035202 0.17823513031005858 0.8405205363035202
0 0.23993101119995117 0.6244798278808594 0.24708488464355466 0.6244798278808594 0.24708488464355466 0.6343299293518067 0.23993101119995117 0.6343299293518067
0 0.5557445907592773 0.8322091674804688 0.5633082777261733 0.8322091674804688 0.5633082777261733 0.8406388974189758 0.5557445907592773 0.8406388974189758
0 0.5030142211914063 0.5204480361938476 0.510609313249588 0.5204480361938476 0.510609313249588 0.5310825824737548 0.5030142211914063 0.5310825824737548
0 0.45389129638671877 0.8380010986328125 0.46088603198528294 0.8380010986328125 0.46088603198528294 0.847060233950615 0.45389129638671877 0.847060233950615
0 0.5056670761108398 0.36187007904052737 0.5127113729715347 0.36187007904052737 0.5127113729715347 0.3712419795989991 0.5056670761108398 0.3712419795989991
0 0.17124582290649415 0.16198692321777344 0.17810810863971713 0.16198692321777344 0.17810810863971713 0.17211529970169068 0.17124582290649415 0.17211529970169068
0 0.47108692169189453 0.010016201734542847 0.4783076703548431 0.010016201734542847 0.4783076703548431 0.018561633825302123 0.47108692169189453 0.018561633825302123
0 0.45123390197753904 0.680566177368164 0.4582444876432419 0.680566177368164 0.4582444876432419 0.690452845096588 0.45123390197753904 0.690452845096588
0 0.18472457885742188 0.6695643615722656 0.19224549114704134 0.6695643615722656 0.19224549114704134 0.6789879685640335 0.18472457885742188 0.6789879685640335
0 0.15492042541503906 0.47203220367431636 0.16166739761829374 0.47203220367431636 0.16166739761829374 0.4805198854207992 0.15492042541503906 0.4805198854207992
0 0.21040861129760743 0.36812255859375 0.21722988128662113 0.36812255859375 0.21722988128662113 0.3776982790231705 0.21040861129760743 0.3776982790231705
0 0.5318490982055664 0.8278703308105468 0.5387434095144272 0.8278703308105468 0.5387434095144272 0.8374553805589676 0.5318490982055664 0.8374553805589676
0 0.5187287139892578 0.4670518112182617 0.5273625862598419 0.4670518112182617 0.5273625862598419 0.4770382535457611 0.5187287139892578 0.4770382535457611
0 0.5497628784179688 0.3566193771362305 0.5574873739480972 0.3566193771362305 0.5574873739480972 0.365994558930397 0.5497628784179688 0.365994558930397
0 0.21799396514892577 0.07603449821472168 0.22554104804992675 0.07603449821472168 0.22554104804992675 0.08486417353153229 0.21799396514892577 0.08486417353153229
0 0.23218154907226562 0.37163284301757815 0.2394241064786911 0.37163284301757815 0.2394241064786911 0.3814855933189393 0.23218154907226562 0.3814855933189393
0 0.47169898986816405 0.1529694366455078 0.4787554699182511 0.1529694366455078 0.4787554699182511 0.162398824095726 0.47169898986816405 0.162398824095726
0 0.5429896545410157 0.46701244354248045 0.5516888201236725 0.46701244354248045 0.5516888201236725 0.4764975595474243 0.5429896545410157 0.4764975595474243
0 0.17090072631835937 0.07596906185150147 0.1779481428861618 0.07596906185150147 0.1779481428861618 0.08493218660354615 0.17090072631835937 0.08493218660354615
0 0.46815196990966795 0.21487266540527342 0.47455876886844633 0.21487266540527342 0.47455876886844633 0.2244238370656967 0.46815196990966795 0.2244238370656967
0 0.21299827575683594 0.673647689819336 0.2205787444114685 0.673647689819336 0.2205787444114685 0.6841522192955017 0.21299827575683594 0.6841522192955017
0 0.2219131851196289 0.16683353424072267 0.22936257898807527 0.16683353424072267 0.22936257898807527 0.17720460891723633 0.2219131851196289 0.17720460891723633
0 0.48250389099121094 0.36755455017089844 0.4902038425207138 0.36755455017089844 0.4902038425207138 0.3766841685771942 0.48250389099121094 0.3766841685771942
0 0.13131103515625 0.4730110168457031 0.13937107622623446 0.4730110168457031 0.13937107622623446 0.48228555381298066 0.13131103515625 0.48228555381298066
0 0.455895881652832 0.6287509536743164 0.46227346420288085 0.6287509536743164 0.46227346420288085 0.6374301213026047 0.455895881652832 0.6374301213026047
0 0.520138053894043 0.6287138748168946 0.5272929471731186 0.6287138748168946 0.5272929471731186 0.6381512778997421 0.520138053894043 0.6381512778997421
0 0.4796334838867187 0.8365055847167969 0.4866187268495559 0.8365055847167969 0.4866187268495559 0.845699914097786 0.4796334838867187 0.845699914097786
0 0.15732568740844727 0.6189979934692382 0.16360494554042818 0.6189979934692382 0.16360494554042818 0.628341194987297 0.15732568740844727 0.628341194987297
0 0.16586507797241212 0.023959672451019286 0.1724836665391922 0.023959672451019286 0.1724836665391922 0.03198577344417572 0.16586507797241212 0.03198577344417572
0 0.184859619140625 0.3184614562988281 0.19275562822818754 0.3184614562988281 0.19275562822818754 0.328475946187973 0.184859619140625 0.328475946187973
0 0.15460911750793457 0.6592149353027343 0.1615966820716858 0.6592149353027343 0.1615966820716858 0.6682162767648697 0.15460911750793457 0.6682162767648697
0 0.4483665084838867 0.21580827713012696 0.45587102353572845 0.21580827713012696 0.45587102353572845 0.22573904097080233 0.4483665084838867 0.22573904097080233
0 0.5416281127929687 0.0113735032081604 0.5496001201868056 0.0113735032081604 0.5496001201868056 0.019526909589767456 0.5416281127929687 0.019526909589767456
0 0.23469682693481445 0.6712690734863281 0.24223945915699005 0.6712690734863281 0.24223945915699005 0.6798807227611542 0.23469682693481445 0.6798807227611542
0 0.15149594306945802 0.7797569274902345 0.15842035770416263 0.7797569274902345 0.15842035770416263 0.7895616084337236 0.15149594306945802 0.7895616084337236
0 0.15765832901000976 0.828224563598633 0.16412036716938017 0.828224563598633 0.16412036716938017 0.8373532724380495 0.15765832901000976 0.8373532724380495
0 0.14002111434936523 0.36875625610351564 0.14678591787815096 0.36875625610351564 0.14678591787815096 0.3782288014888764 0.14002111434936523 0.3782288014888764
0 0.22954240798950196 0.5274576950073242 0.23850957870483397 0.5274576950073242 0.23850957870483397 0.5383512449264527 0.22954240798950196 0.5383512449264527
0 0.22274812698364257 0.779669418334961 0.23013147354125976 0.779669418334961 0.23013147354125976 0.7888622456789017 0.22274812698364257 0.7888622456789017
0 0.5277043533325195 0.3091237831115723 0.5357068783044815 0.3091237831115723 0.5357068783044815 0.31949501633644106 0.5277043533325195 0.31949501633644106
0 0.14600516319274903 0.07585274696350097 0.15327579855918885 0.07585274696350097 0.15327579855918885 0.08527404129505156 0.14600516319274903 0.08527404129505156
0 0.1451799488067627 0.023277673721313476 0.1508633452653885 0.023277673721313476 0.1508633452653885 0.03112693250179291 0.1451799488067627 0.03112693250179291
0 0.44843021392822263 0.31989351272583005 0.4566625672578811 0.31989351272583005 0.4566625672578811 0.3299870634078979 0.44843021392822263 0.3299870634078979
0 0.49866901397705077 0.055332245826721194 0.5059651398658752 0.055332245826721194 0.5059651398658752 0.06399293780326844 0.49866901397705077 0.06399293780326844
0 0.2096377944946289 0.8386685180664063 0.21665778398513794 0.8386685180664063 0.21665778398513794 0.8468748211860657 0.2096377944946289 0.8468748211860657
0 0.2238876724243164 0.474536247253418 0.23284141719341275 0.474536247253418 0.23284141719341275 0.48497389197349555 0.2238876724243164 0.48497389197349555
0 0.5188104248046875 0.007164499759674072 0.5261694192886353 0.007164499759674072 0.5261694192886353 0.01761889338493347 0.5188104248046875 0.01761889338493347
0 0.5111207962036133 0.1558214855194092 0.5184690856933594 0.1558214855194092 0.5184690856933594 0.16602943778038026 0.5111207962036133 0.16602943778038026
0 0.19431591033935547 0.026333398818969726 0.20093028485774994 0.026333398818969726 0.20093028485774994 0.035778536796569824 0.19431591033935547 0.035778536796569824
0 0.19488298416137695 0.1599634075164795 0.20263260066509245 0.1599634075164795 0.20263260066509245 0.1702151095867157 0.19488298416137695 0.1702151095867157
0 0.455555305480957 0.7862290191650391 0.46282839536666864 0.7862290191650391 0.46282839536666864 0.7967415344715119 0.455555305480957 0.7967415344715119
0 0.5267546463012696 0.20466880798339843 0.5344369733333588 0.20466880798339843 0.5344369733333588 0.21423903346061707 0.5267546463012696 0.21423903346061707
0 0.5033698272705078 0.3115035438537598 0.5113922244310379 0.3115035438537598 0.5113922244310379 0.3219722986221314 0.5033698272705078 0.3219722986221314
0 0.1974015426635742 0.47320095062255857 0.2051969355344772 0.47320095062255857 0.2051969355344772 0.4833096218109131 0.1974015426635742 0.4833096218109131
0 0.5423108673095703 0.6806280517578125 0.5498273587226868 0.6806280517578125 0.5498273587226868 0.6903993690013885 0.5423108673095703 0.6903993690013885
0 0.4526124572753906 0.004939278364181518 0.459771431684494 0.004939278364181518 0.459771431684494 0.015140165090560912 0.4526124572753906 0.015140165090560912
0 0.13798712730407714 0.6751447296142579 0.145016815662384 0.6751447296142579 0.145016815662384 0.6849516242742539 0.13798712730407714 0.6849516242742539
0 0.14004448890686036 0.1611188507080078 0.148058118224144 0.1611188507080078 0.148058118224144 0.17147860050201413 0.14004448890686036 0.17147860050201413
0 0.47321277618408203 0.5223861694335937 0.48058741390705106 0.5223861694335937 0.48058741390705106 0.5324161350727081 0.47321277618408203 0.5324161350727081
0 0.1938677215576172 0.07820941925048829 0.20079920411109925 0.07820941925048829 0.20079920411109925 0.08792428731918335 0.1938677215576172 0.08792428731918335
0 0.20088254928588867 0.7758848571777344 0.208385763168335 0.7758848571777344 0.208385763168335 0.7856228107213974 0.20088254928588867 0.7856228107213974
0 0.5015445709228515 0.8283468627929688 0.5089880210161208 0.8283468627929688 0.5089880210161208 0.839083436727524 0.5015445709228515 0.839083436727524
0 0.5445283126831054 0.05502538681030274 0.5514805245399473 0.05502538681030274 0.5514805245399473 0.06388388931751252 0.5445283126831054 0.06388388931751252
0 0.4754653549194336 0.6822354125976563 0.4838114392757416 0.6822354125976563 0.4838114392757416 0.6927268970012664 0.4754653549194336 0.6927268970012664
0 0.1752288818359375 0.47214996337890625 0.1829234367609024 0.47214996337890625 0.1829234367609024 0.48092171132564543 0.1752288818359375 0.48092171132564543
0 0.26275293350219725 0.22422006607055664 0.2704535061120987 0.22422006607055664 0.2704535061120987 0.2347160768508911 0.26275293350219725 0.2347160768508911
0 0.1815620994567871 0.5255786895751953 0.18847749531269076 0.5255786895751953 0.18847749531269076 0.5363839280605316 0.1815620994567871 0.5363839280605316
0 0.4494282150268555 0.15710290908813476 0.45745791614055636 0.15710290908813476 0.45745791614055636 0.16772272944450378 0.4494282150268555 0.16772272944450378
0 0.25332921981811524 0.3238991165161133 0.26152842342853544 0.3238991165161133 0.26152842342853544 0.3345563328266144 0.25332921981811524 0.3345563328266144
0 0.2025411033630371 0.5256900024414063 0.21037100613117216 0.5256900024414063 0.21037100613117216 0.5364023447036743 0.2025411033630371 0.5364023447036743
0 0.5281739807128907 0.3555254745483398 0.5355802303552628 0.3555254745483398 0.5355802303552628 0.36555334568023684 0.5281739807128907 0.36555334568023684
0 0.24997255325317386 0.021643421649932864 0.2564803087711335 0.021643421649932864 0.2564803087711335 0.02918254554271698 0.24997255325317386 0.02918254554271698
0 0.456239013671875 0.37049556732177735 0.4642470389604569 0.37049556732177735 0.4642470389604569 0.3807227504253388 0.456239013671875 0.3807227504253388
0 0.1362911033630371 0.8245682525634765 0.14342341899871824 0.8245682525634765 0.14342341899871824 0.833233505487442 0.1362911033630371 0.833233505487442
0 0.13500728607177734 0.5255732345581055 0.14262224972248075 0.5255732345581055 0.14262224972248075 0.5350727796554565 0.13500728607177734 0.5350727796554565
0 0.13270625114440918 0.6197761917114257 0.14010805010795593 0.6197761917114257 0.14010805010795593 0.6294259130954741 0.13270625114440918 0.6294259130954741
0 0.44985328674316405 0.5237227630615234 0.4573626512289047 0.5237227630615234 0.4573626512289047 0.5333294755220414 0.44985328674316405 0.5333294755220414
0 0.24660493850708007 0.07258853435516358 0.2542067873477936 0.07258853435516358 0.2542067873477936 0.08230330348014832 0.24660493850708007 0.08230330348014832
0 0.1731143025077869 0.6195609826407479 0.18273176375821948 0.6195609826407479 0.18273176375821948 0.6305808420157808 0.1731143025077869 0.6305808420157808
0 0.4955282415699085 0.01224428819448118 0.5028558310940475 0.01224428819448118 0.5028558310940475 0.02448857638896236 0.4955282415699085 0.02448857638896236
0 0.5179689844875844 0.0538748680557172 0.5252965740117236 0.0538748680557172 0.5252965740117236 0.06673137065992243 0.5179689844875844 0.06673137065992243
