0 0.45454667791494574 0.309109345326059 0.46159707551127255 0.309109345326059 0.46159707551127255 0.31759174077614744 0.45454667791494574 0.31759174077614744
0 0.473582751425028 0.3097376709149544 0.48086816227456564 0.3097376709149544 0.48086816227456564 0.3169634151872521 0.473582751425028 0.3169634151872521
0 0.4949689574672192 0.30879518253161126 0.5027243948231787 0.30879518253161126 0.5027243948231787 0.31790590357059517 0.4949689574672192 0.31790590357059517
0 0.5116548984451925 0.3097376709149544 0.5180002562818865 0.3097376709149544 0.5180002562818865 0.3201050431317293 0.5116548984451925 0.3201050431317293
0 0.5321010514745401 0.3097376709149544 0.5391514490708668 0.3097376709149544 0.5391514490708668 0.3191625547483861 0.5321010514745401 0.3191625547483861
0 0.4585419032195308 0.3719419042156032 0.4665323538287012 0.3719419042156032 0.4665323538287012 0.3804242996656917 0.4585419032195308 0.3804242996656917
0 0.48415834781951816 0.36628697391554416 0.4912087454158449 0.36628697391554416 0.4912087454158449 0.3753976949545281 0.48415834781951816 0.3753976949545281
0 0.508599726153451 0.3650303227377533 0.5142400442305123 0.3650303227377533 0.5142400442305123 0.37414104377673724 0.508599726153451 0.37414104377673724
0 0.5288108659295876 0.3615745319988284 0.5353912370194924 0.3615745319988284 0.5353912370194924 0.36974276465446915 0.5288108659295876 0.36974276465446915
0 0.5504320852249897 0.36314534597106696 0.5581875225809492 0.36314534597106696 0.5581875225809492 0.37005692744891683 0.5504320852249897 0.37005692744891683
0 0.4611270490048508 0.4709031844666353 0.46747240684154484 0.4709031844666353 0.46747240684154484 0.47938557991672376 0.4611270490048508 0.47938557991672376
0 0.4874485333644707 0.4727881612333217 0.4947339442140083 0.4727881612333217 0.4947339442140083 0.4818988822723056 0.4874485333644707 0.4818988822723056
0 0.5135350044708797 0.4759297891777989 0.519645349054363 0.4759297891777989 0.519645349054363 0.4875538125723645 0.5135350044708797 0.4875538125723645
0 0.5445567538947174 0.47184567284997847 0.5523121912506769 0.47184567284997847 0.5523121912506769 0.4822130450667532 0.5445567538947174 0.4822130450667532
0 0.567353039456174 0.47184567284997847 0.576283543078188 0.47184567284997847 0.576283543078188 0.48001390550561923 0.567353039456174 0.48001390550561923
0 0.48627346709841623 0.5299657898228068 0.495438983973641 0.5299657898228068 0.495438983973641 0.5375056968895521 0.48627346709841623 0.5375056968895521
0 0.508599726153451 0.5255675107005388 0.5154151104965669 0.5255675107005388 0.5154151104965669 0.5343640689450748 0.508599726153451 0.5343640689450748
0 0.5337461442470164 0.5199125804004797 0.5403265153369213 0.5199125804004797 0.5403265153369213 0.5299657898228067 0.5337461442470164 0.5299657898228067
0 0.5539572840231531 0.5186559292226889 0.5595976021002146 0.5186559292226889 0.5595976021002146 0.5299657898228068 0.5539572840231531 0.5299657898228068
0 0.46347718153695966 0.5252533479060909 0.46888248636081015 0.5252533479060909 0.46888248636081015 0.5346782317395227 0.46347718153695966 0.5346782317395227
0 0.45431166466173495 0.6191880234459595 0.46324216828374876 0.6191880234459595 0.46324216828374876 0.6257854421293616 0.45431166466173495 0.6257854421293616
0 0.48204322854062015 0.620758837418198 0.48791855987089244 0.620758837418198 0.48791855987089244 0.6304978840460774 0.48204322854062015 0.6304978840460774
0 0.5083647129002401 0.6201305118293026 0.513299991217669 0.6201305118293026 0.513299991217669 0.6304978840460774 0.5083647129002401 0.6304978840460774
0 0.5306909719552748 0.6138472559403482 0.5375063562983906 0.6138472559403482 0.5375063562983906 0.6235863025682276 0.5306909719552748 0.6235863025682276
0 0.5548973370359968 0.6132189303514527 0.5605376551130582 0.6132189303514527 0.5605376551130582 0.6226438141848843 0.5548973370359968 0.6226438141848843
0 0.45619177068742206 0.6744806752687582 0.46300715503053796 0.6744806752687582 0.46300715503053796 0.684848047485533 0.45619177068742206 0.684848047485533
0 0.48204322854062015 0.6751090008576539 0.4900336791497905 0.6751090008576539 0.4900336791497905 0.6832772335132947 0.48204322854062015 0.6832772335132947
0 0.5067196201277638 0.6813922567466081 0.5128299647112471 0.6813922567466081 0.5128299647112471 0.6914454661689352 0.5067196201277638 0.6914454661689352
0 0.5309259852084857 0.6757373264465493 0.5379763828048124 0.6757373264465493 0.5379763828048124 0.6835913963077423 0.5309259852084857 0.6835913963077423
0 0.554192297276364 0.6751090008576539 0.5626527743919562 0.6751090008576539 0.5626527743919562 0.6839055591021899 0.554192297276364 0.6839055591021899
0 0.46629734057549027 0.7812960253809834 0.47381776467823894 0.7812960253809834 0.47381776467823894 0.7922917231866539 0.46629734057549027 0.7922917231866539
0 0.49355887794795383 0.7844376533254607 0.5006092755442806 0.7844376533254607 0.5006092755442806 0.7935483743644447 0.49355887794795383 0.7935483743644447
0 0.5219954815864718 0.7825526765587744 0.5295159056892204 0.7825526765587744 0.5295159056892204 0.7929200487755492 0.5219954815864718 0.7929200487755492
0 0.5459668334139828 0.778468560230954 0.5523121912506769 0.778468560230954 0.5523121912506769 0.7891500952421767 0.5459668334139828 0.7891500952421767
0 0.5659429599369087 0.7834951649421177 0.5732283707864462 0.7834951649421177 0.5732283707864462 0.7935483743644445 0.5659429599369087 0.7935483743644445
0 0.46018699599200713 0.8356461888204393 0.4684124598543884 0.8356461888204393 0.4684124598543884 0.8447569098594232 0.46018699599200713 0.8447569098594232
0 0.517295216522254 0.8340753748482005 0.5241106008653699 0.8340753748482005 0.5241106008653699 0.8431860958871844 0.517295216522254 0.8431860958871844
0 0.5426766478690304 0.8334470492593052 0.5483169659460918 0.8334470492593052 0.5483169659460918 0.8441285842705276 0.5426766478690304 0.8441285842705276
0 0.562652774391956 0.8312479096981711 0.5692331454818611 0.8312479096981711 0.5692331454818611 0.8422436075038414 0.562652774391956 0.8422436075038414
0 0.5830989274213036 0.8328187236704097 0.5913243912836849 0.8328187236704097 0.5913243912836849 0.8403586307371552 0.5830989274213036 0.8403586307371552
