0 0.5542435836791992 0.6864984130859375 0.5629415667057037 0.6864984130859375 0.5629415667057037 0.6968810307979584 0.5542435836791992 0.6968810307979584
0 0.49246902465820314 0.6887753295898437 0.5006082874536515 0.6887753295898437 0.5006082874536515 0.6978938394784927 0.49246902465820314 0.6978938394784927
0 0.5848334884643555 0.4492169952392578 0.592925437092781 0.4492169952392578 0.592925437092781 0.45931882739067076 0.5848334884643555 0.45931882739067076
0 0.4671004867553711 0.6875906372070313 0.4743593823909759 0.6875906372070313 0.4743593823909759 0.697133309841156 0.4671004867553711 0.697133309841156
0 0.45472007751464844 0.7708315277099609 0.46207369029521944 0.7708315277099609 0.46207369029521944 0.7802798014879225 0.45472007751464844 0.7802798014879225
0 0.5458368682861328 0.37456661224365234 0.5540357470512389 0.37456661224365234 0.5540357470512389 0.3849803006649017 0.5458368682861328 0.3849803006649017
0 0.5292734146118164 0.2882907104492187 0.5376003962755204 0.2882907104492187 0.5376003962755204 0.2997409296035766 0.5292734146118164 0.2997409296035766
0 0.5628374862670898 0.6064845275878906 0.571386843919754 0.6064845275878906 0.571386843919754 0.6173459386825562 0.5628374862670898 0.6173459386825562
0 0.4448741912841797 0.8472660064697266 0.45155062139034274 0.8472660064697266 0.45155062139034274 0.8555215644836426 0.4448741912841797 0.8555215644836426
0 0.48322410583496095 0.7714687347412108 0.4902999550104142 0.7714687347412108 0.4902999550104142 0.7812465351819992 0.48322410583496095 0.7812465351819992
0 0.5396554946899415 0.7684446716308594 0.5473316121101379 0.7684446716308594 0.5473316121101379 0.778807681798935 0.5396554946899415 0.778807681798935
0 0.554986457824707 0.45020427703857424 0.5640749591588974 0.45020427703857424 0.5640749591588974 0.4604837989807129 0.554986457824707 0.4604837989807129
0 0.4457740783691406 0.6848447418212891 0.4535413932800293 0.6848447418212891 0.4535413932800293 0.6945498061180115 0.4457740783691406 0.6945498061180115
0 0.49241989135742187 0.35218402862548825 0.5005032938718796 0.35218402862548825 0.5005032938718796 0.36207409560680387 0.49241989135742187 0.36207409560680387
0 0.5936950302124023 0.6838044738769531 0.6017881619930268 0.6838044738769531 0.6017881619930268 0.6947201216220855 0.5936950302124023 0.6947201216220855
0 0.44573997497558593 0.37838600158691404 0.4527934682369232 0.37838600158691404 0.4527934682369232 0.3878840839862823 0.44573997497558593 0.3878840839862823
0 0.5059318923950196 0.2946102905273438 0.5148370516300201 0.2946102905273438 0.5148370516300201 0.3051743340492249 0.5059318923950196 0.3051743340492249
0 0.5065964126586914 0.8488571166992187 0.5151218765974045 0.8488571166992187 0.5151218765974045 0.8580066978931427 0.5065964126586914 0.8580066978931427
0 0.5375600051879883 0.6100382995605469 0.5444817584753037 0.6100382995605469 0.5444817584753037 0.6195037293434142 0.5375600051879883 0.6195037293434142
0 0.47576610565185545 0.29442420959472654 0.4851338195800781 0.29442420959472654 0.4851338195800781 0.3045307064056396 0.47576610565185545 0.3045307064056396
0 0.4462265396118164 0.45119461059570315 0.4535729074478149 0.45119461059570315 0.4535729074478149 0.4613871264457703 0.4462265396118164 0.4613871264457703
0 0.5534417343139648 0.5215454483032227 0.5607342529296875 0.5215454483032227 0.5607342529296875 0.5309829300642014 0.5534417343139648 0.5309829300642014
0 0.47372406005859374 0.6074789047241211 0.482297340631485 0.6074789047241211 0.482297340631485 0.6174378734827042 0.47372406005859374 0.6174378734827042
0 0.6037164688110351 0.2875191688537598 0.6109312736988066 0.2875191688537598 0.6109312736988066 0.29865587115287784 0.6037164688110351 0.29865587115287784
0 0.5293023681640625 0.5266629409790039 0.5373234641551973 0.5266629409790039 0.5373234641551973 0.5374262380599976 0.5293023681640625 0.5374262380599976
0 0.4633751678466797 0.3762881469726562 0.4707442164421082 0.3762881469726562 0.4707442164421082 0.38655715346336356 0.4633751678466797 0.38655715346336356
0 0.44334026336669924 0.5247552871704102 0.44960204482078553 0.5247552871704102 0.44960204482078553 0.5330236929655076 0.44334026336669924 0.5330236929655076
0 0.5382572174072265 0.8483220672607422 0.5464787477254867 0.8483220672607422 0.5464787477254867 0.8590627527236938 0.5382572174072265 0.8590627527236938
0 0.8252748107910156 0.00024444194510579107 0.8340522223711013 0.00024444194510579107 0.8340522223711013 0.011799946743994951 0.8252748107910156 0.011799946743994951
0 0.5132629776000976 0.6946074676513673 0.5204944610595703 0.6946074676513673 0.5204944610595703 0.7046031606197357 0.5132629776000976 0.7046031606197357
0 0.5641852569580078 0.7657080841064453 0.5720721584558487 0.7657080841064453 0.5720721584558487 0.7750998294353485 0.5641852569580078 0.7750998294353485
0 0.5144232177734375 0.6102444839477539 0.5226195532083511 0.6102444839477539 0.5226195532083511 0.6205740511417388 0.5144232177734375 0.6205740511417388
0 0.47993255615234376 0.8522359466552735 0.48731520771980286 0.8522359466552735 0.48731520771980286 0.8623684942722321 0.47993255615234376 0.8623684942722321
0 0.5627079772949218 0.28643293380737306 0.5706649625301361 0.28643293380737306 0.5706649625301361 0.29682245016098024 0.5627079772949218 0.29682245016098024
0 0.6126296615600586 0.3676092529296875 0.6207668542861939 0.3676092529296875 0.6207668542861939 0.37713231861591334 0.6126296615600586 0.37713231861591334
0 0.4620024108886719 0.8494125366210936 0.4691249239444733 0.8494125366210936 0.4691249239444733 0.8588367760181426 0.4620024108886719 0.8588367760181426
0 0.5095953815588747 0.7640137909070421 0.5199579670690433 0.7640137909070421 0.5199579670690433 0.7778663663558684 0.5095953815588747 0.7778663663558684
0 0.46875460337174 0.4551828441361501 0.4791171888819085 0.4551828441361501 0.4791171888819085 0.46659084744694823 0.46875460337174 0.46659084744694823
0 0.581523916276515 0.2840627944741783 0.5906673740796048 0.2840627944741783 0.5906673740796048 0.2971005125436619 0.581523916276515 0.2971005125436619
