0 0.48639095306396485 0.33195125579833984 0.49275082230567935 0.33195125579833984 0.49275082230567935 0.3417235219478607 0.48639095306396485 0.3417235219478607
0 0.15866924285888673 0.32327484130859374 0.1650624090433121 0.32327484130859374 0.1650624090433121 0.3319999039173126 0.15866924285888673 0.3319999039173126
0 0.8365738677978516 0.697699966430664 0.8444363433122635 0.697699966430664 0.8444363433122635 0.7069770729541779 0.8365738677978516 0.7069770729541779
0 0.5163652801513672 0.4812810134887695 0.5241839903593063 0.4812810134887695 0.5241839903593063 0.49061864137649536 0.5163652801513672 0.49061864137649536
0 0.4906595993041992 0.6996434783935547 0.4982634145021439 0.6996434783935547 0.4982634145021439 0.7081675279140472 0.4906595993041992 0.7081675279140472
0 0.21162086486816406 0.6970962524414064 0.21781257688999175 0.6970962524414064 0.21781257688999175 0.7054193288087846 0.21162086486816406 0.7054193288087846
0 0.4922828674316406 0.4807012176513672 0.4999944698810578 0.4807012176513672 0.4999944698810578 0.48916166305541997 0.4922828674316406 0.48916166305541997
0 0.8753623199462891 0.5427178192138672 0.8815654909610748 0.5427178192138672 0.8815654909610748 0.5502772444486618 0.8753623199462891 0.5502772444486618
0 0.5077420043945312 0.6447987365722656 0.5148689234256744 0.6447987365722656 0.5148689234256744 0.6534274631738662 0.5077420043945312 0.6534274631738662
0 0.4914475250244141 0.374776611328125 0.4975180393457413 0.374776611328125 0.4975180393457413 0.3833030331134797 0.4914475250244141 0.3833030331134797
0 0.8386155700683594 0.5407952499389649 0.8448526298999787 0.5407952499389649 0.8448526298999787 0.5490808910131454 0.8386155700683594 0.5490808910131454
0 0.46808910369873047 0.5332192230224609 0.47417289555072784 0.5332192230224609 0.47417289555072784 0.5423027092218399 0.46808910369873047 0.5423027092218399
0 0.87606201171875 0.48933753967285154 0.8823430734872818 0.48933753967285154 0.8823430734872818 0.4972662198543549 0.87606201171875 0.4972662198543549
0 0.5327145004272461 0.6897078704833984 0.5403212434053422 0.6897078704833984 0.5403212434053422 0.6998745727539063 0.5327145004272461 0.6998745727539063
0 0.19530078887939453 0.3243728256225586 0.20117548167705535 0.3243728256225586 0.20117548167705535 0.33227171957492824 0.19530078887939453 0.33227171957492824
0 0.20408327102661133 0.6454885864257812 0.21000408053398134 0.6454885864257812 0.21000408053398134 0.6541963744163513 0.20408327102661133 0.6541963744163513
0 0.4473078155517578 0.33140838623046875 0.45451570093631743 0.33140838623046875 0.45451570093631743 0.34041320621967314 0.4473078155517578 0.34041320621967314
0 0.1393262767791748 0.32487270355224607 0.14673209726810457 0.32487270355224607 0.14673209726810457 0.33347935259342193 0.1393262767791748 0.33347935259342193
0 0.8610189819335937 0.689542465209961 0.8677232682704925 0.689542465209961 0.8677232682704925 0.698567367196083 0.8610189819335937 0.698567367196083
0 0.819615478515625 0.6331429290771484 0.8260303801298142 0.6331429290771484 0.8260303801298142 0.6424087697267532 0.819615478515625 0.6424087697267532
0 0.7951358032226562 0.6896639251708985 0.8017963826656341 0.6896639251708985 0.8017963826656341 0.6977634167671204 0.7951358032226562 0.6977634167671204
0 0.141247501373291 0.37733711242675777 0.14780067801475524 0.37733711242675777 0.14780067801475524 0.384992161989212 0.141247501373291 0.384992161989212
0 0.21947116851806642 0.53905029296875 0.22707916796207428 0.53905029296875 0.22707916796207428 0.5481506979465485 0.21947116851806642 0.5481506979465485
0 0.7988242340087891 0.6332787322998047 0.8063411986827851 0.6332787322998047 0.8063411986827851 0.6421363013982773 0.7988242340087891 0.6421363013982773
0 0.4529422378540039 0.4819729995727539 0.4599744695425034 0.4819729995727539 0.4599744695425034 0.4914445567131043 0.4529422378540039 0.4914445567131043
0 0.7991628265380859 0.49270721435546877 0.8054887771606444 0.49270721435546877 0.8054887771606444 0.5011652088165283 0.7991628265380859 0.5011652088165283
0 0.8620125579833985 0.48801895141601564 0.8683654189109803 0.48801895141601564 0.8683654189109803 0.49650943994522095 0.8620125579833985 0.49650943994522095
0 0.20914424896240236 0.48060668945312496 0.2161591225862503 0.48060668945312496 0.2161591225862503 0.4893015503883361 0.20914424896240236 0.4893015503883361
0 0.7958513641357422 0.38299098968505857 0.802283890247345 0.38299098968505857 0.802283890247345 0.3914235264062881 0.7958513641357422 0.3914235264062881
0 0.5533667755126953 0.6990625762939453 0.5597554177045823 0.6990625762939453 0.5597554177045823 0.707716206908226 0.5533667755126953 0.707716206908226
0 0.8619207000732422 0.3854573822021485 0.8675507199764252 0.3854573822021485 0.8675507199764252 0.3923566871881485 0.8619207000732422 0.3923566871881485
0 0.13990553855895996 0.4721416473388672 0.1468602639436722 0.4721416473388672 0.1468602639436722 0.48105736553668976 0.13990553855895996 0.48105736553668976
0 0.1941407775878906 0.6970815277099609 0.1999774122238159 0.6970815277099609 0.1999774122238159 0.7053892666101456 0.1941407775878906 0.7053892666101456
0 0.5228018951416016 0.32628646850585935 0.530186675786972 0.32628646850585935 0.530186675786972 0.3341609126329422 0.5228018951416016 0.3341609126329422
0 0.4765488052368164 0.48771339416503906 0.4838822203874588 0.48771339416503906 0.4838822203874588 0.49638291656970973 0.4765488052368164 0.49638291656970973
0 0.8548706817626953 0.5432330322265625 0.8617056727409362 0.5432330322265625 0.8617056727409362 0.5517857414484024 0.8548706817626953 0.5517857414484024
0 0.22842231750488282 0.6493089294433594 0.235166317820549 0.6493089294433594 0.235166317820549 0.6577808386087418 0.22842231750488282 0.6577808386087418
0 0.1748069190979004 0.48219120025634765 0.1813329792022705 0.48219120025634765 0.1813329792022705 0.489984804391861 0.1748069190979004 0.489984804391861
0 0.5454471206665039 0.4726705551147461 0.5530697137117386 0.4726705551147461 0.5530697137117386 0.4819832390546799 0.5454471206665039 0.4819832390546799
0 0.1594778060913086 0.6356067657470703 0.16659520328044894 0.6356067657470703 0.16659520328044894 0.6446539628505706 0.1594778060913086 0.6446539628505706
0 0.5349946212768555 0.5267292404174805 0.5420660054683685 0.5267292404174805 0.5420660054683685 0.53556123316288 0.5349946212768555 0.53556123316288
0 0.7974351501464844 0.32876876831054686 0.8051401287317276 0.32876876831054686 0.8051401287317276 0.3390569674968719 0.7974351501464844 0.3390569674968719
0 0.511110496520996 0.6982850646972656 0.5185209453105926 0.6982850646972656 0.5185209453105926 0.7076613140106202 0.511110496520996 0.7076613140106202
0 0.46641761779785157 0.3738195419311524 0.4733155369758606 0.3738195419311524 0.4733155369758606 0.3831323838233948 0.46641761779785157 0.3831323838233948
0 0.19202482223510742 0.4833547210693359 0.19855273008346558 0.4833547210693359 0.19855273008346558 0.4924663132429123 0.19202482223510742 0.4924663132429123
0 0.1466175365447998 0.5438095092773437 0.15338951110839844 0.5438095092773437 0.15338951110839844 0.5520575565099716 0.1466175365447998 0.5520575565099716
0 0.7804742431640626 0.6336000823974609 0.7867040282487869 0.6336000823974609 0.7867040282487869 0.6416211849451064 0.7804742431640626 0.6416211849451064
0 0.22975948333740234 0.6970140075683594 0.23726422011852266 0.6970140075683594 0.23726422011852266 0.7062489748001097 0.22975948333740234 0.7062489748001097
0 0.8818817901611328 0.33690132141113277 0.8884820443391799 0.33690132141113277 0.8884820443391799 0.3448324131965637 0.8818817901611328 0.3448324131965637
0 0.1782401657104492 0.38089000701904296 0.18478642284870145 0.38089000701904296 0.18478642284870145 0.3898879486322403 0.1782401657104492 0.3898879486322403
0 0.8816378021240234 0.3857932662963867 0.8874709767103195 0.3857932662963867 0.8874709767103195 0.39312100350856777 0.8816378021240234 0.39312100350856777
0 0.7744365692138672 0.6851081848144531 0.7813257944583892 0.6851081848144531 0.7813257944583892 0.6939961528778076 0.7744365692138672 0.6939961528778076
0 0.8186341857910157 0.38183116912841797 0.8244420474767685 0.38183116912841797 0.8244420474767685 0.38943427562713623 0.8186341857910157 0.38943427562713623
0 0.4472076416015625 0.38940757751464844 0.45350499689579016 0.38940757751464844 0.45350499689579016 0.3982747918367386 0.4472076416015625 0.3982747918367386
0 0.16057743072509767 0.4833856201171875 0.16671402156353 0.4833856201171875 0.16671402156353 0.4919509398937225 0.16057743072509767 0.4919509398937225
0 0.5482705688476562 0.6400453186035157 0.5562697225809097 0.6400453186035157 0.5562697225809097 0.6488652938604355 0.5482705688476562 0.6488652938604355
0 0.8617838287353515 0.6296404266357422 0.8684473657608033 0.6296404266357422 0.8684473657608033 0.6387561297416687 0.8617838287353515 0.6387561297416687
0 0.8643083953857422 0.3339906311035156 0.871551766395569 0.3339906311035156 0.871551766395569 0.3439594429731369 0.8643083953857422 0.3439594429731369
0 0.16594636917114258 0.5355540084838867 0.17267309963703156 0.5355540084838867 0.17267309963703156 0.5433617252111435 0.16594636917114258 0.5433617252111435
0 0.810977783203125 0.6923123931884766 0.8175692844390869 0.6923123931884766 0.8175692844390869 0.7009715580940246 0.810977783203125 0.7009715580940246
0 0.17191587448120116 0.6961884307861328 0.17765637278556823 0.6961884307861328 0.17765637278556823 0.7043188351392745 0.17191587448120116 0.7043188351392745
0 0.19371646881103516 0.37652183532714845 0.1998222464323044 0.37652183532714845 0.1998222464323044 0.38453870832920073 0.19371646881103516 0.38453870832920073
0 0.44849910736083987 0.530509033203125 0.45567236483097073 0.530509033203125 0.45567236483097073 0.5390645492076874 0.44849910736083987 0.5390645492076874
0 0.21415245056152343 0.31864994049072265 0.221915300488472 0.31864994049072265 0.221915300488472 0.3290383696556092 0.21415245056152343 0.3290383696556092
0 0.8019973754882812 0.5493634796142578 0.8086876446008682 0.5493634796142578 0.8086876446008682 0.5579903090000152 0.8019973754882812 0.5579903090000152
0 0.5032947158813477 0.5403993225097656 0.510882592201233 0.5403993225097656 0.510882592201233 0.5502617973089219 0.5032947158813477 0.5502617973089219
0 0.46587993621826174 0.6893413543701172 0.4730483436584473 0.6893413543701172 0.4730483436584473 0.6990914833545685 0.46587993621826174 0.6990914833545685
0 0.4696284484863281 0.6421712493896484 0.4782403790950775 0.6421712493896484 0.4782403790950775 0.652021114230156 0.4696284484863281 0.652021114230156
0 0.5281076049804687 0.6445492553710938 0.5355088275671005 0.6445492553710938 0.5355088275671005 0.6556558358669281 0.5281076049804687 0.6556558358669281
0 0.15503483772277832 0.6926058959960938 0.16260766208171842 0.6926058959960938 0.16260766208171842 0.7022742760181427 0.15503483772277832 0.7022742760181427
0 0.4918201446533203 0.6418424224853516 0.4986511731147766 0.6418424224853516 0.4986511731147766 0.6518772506713868 0.4918201446533203 0.6518772506713868
0 0.8393006896972657 0.33676910400390625 0.8471108239889146 0.33676910400390625 0.8471108239889146 0.34631758749485014 0.8393006896972657 0.34631758749485014
0 0.83941650390625 0.4926023101806641 0.8471314775943756 0.4926023101806641 0.8471314775943756 0.5015081852674484 0.83941650390625 0.5015081852674484
0 0.8208731842041016 0.4956310272216796 0.8279946029186249 0.4956310272216796 0.8279946029186249 0.5056578302383422 0.8208731842041016 0.5056578302383422
0 0.8394044494628906 0.6342198181152344 0.8470414733886719 0.6342198181152344 0.8470414733886719 0.6438373619318009 0.8394044494628906 0.6438373619318009
0 0.5085133361816406 0.3688883972167969 0.5151321613788604 0.3688883972167969 0.5151321613788604 0.3791145133972168 0.5085133361816406 0.3791145133972168
0 0.8173723602294922 0.3345309066772461 0.823603860139847 0.3345309066772461 0.823603860139847 0.3441597557067871 0.8173723602294922 0.3441597557067871
0 0.18277929306030274 0.639833869934082 0.1908520942926407 0.639833869934082 0.1908520942926407 0.6501191234588622 0.18277929306030274 0.6501191234588622
0 0.4678563690185547 0.32939987182617186 0.47465773761272434 0.32939987182617186 0.47465773761272434 0.3384190219640732 0.4678563690185547 0.3384190219640732
0 0.8179634857177734 0.5424066925048828 0.8246465986967086 0.5424066925048828 0.8246465986967086 0.5503697246313095 0.8179634857177734 0.5503697246313095
0 0.1752280044555664 0.32870758056640625 0.18275636851787566 0.32870758056640625 0.18275636851787566 0.3394275712966919 0.1752280044555664 0.3394275712966919
0 0.2156827926635742 0.3707696533203125 0.2233273869752884 0.3707696533203125 0.2233273869752884 0.38073723971843715 0.2156827926635742 0.38073723971843715
0 0.5023891830444336 0.3301325607299805 0.5093662941455841 0.3301325607299805 0.5093662941455841 0.33857037484645847 0.5023891830444336 0.33857037484645847
0 0.15342140566166296 0.3781693324649121 0.16029102084054342 0.3781693324649121 0.16029102084054342 0.38796476302049704 0.15342140566166296 0.38796476302049704
0 0.18456366113925426 0.5367328645834434 0.19280719935391075 0.5367328645834434 0.19280719935391075 0.5453038663195802 0.18456366113925426 0.5453038663195802
0 0.19876086584227382 0.5355084357639952 0.20654642971167161 0.5355084357639952 0.20654642971167161 0.5459160807293043 0.19876086584227382 0.5459160807293043
0 0.4877426777005106 0.533059578125099 0.49415431853413233 0.533059578125099 0.49415431853413233 0.5440794375001321 0.4877426777005106 0.5440794375001321
0 0.5280444200832758 0.3653128298607068 0.5349140352621563 0.3653128298607068 0.5349140352621563 0.37694490364546396 0.5280444200832758 0.37694490364546396
0 0.8397089791594565 0.3891891918399451 0.8474945430288543 0.3891891918399451 0.8474945430288543 0.39776019357608183 0.8397089791594565 0.39776019357608183
