0 0.5543512344360352 0.6864533233642578 0.5630487442016602 0.6864533233642578 0.5630487442016602 0.6969591176509856 0.5543512344360352 0.6969591176509856
0 0.4923967742919922 0.6887783050537111 0.5006751698255538 0.6887783050537111 0.5006751698255538 0.6979403775930406 0.4923967742919922 0.6979403775930406
0 0.584942741394043 0.4493810653686524 0.5929457396268845 0.4493810653686524 0.5929457396268845 0.45939110755920415 0.584942741394043 0.45939110755920415
0 0.46713932037353517 0.6875630950927735 0.47433324813842775 0.6875630950927735 0.47433324813842775 0.6970851325988769 0.46713932037353517 0.6970851325988769
0 0.5458025741577148 0.3745554733276367 0.5540797573328018 0.3745554733276367 0.5540797573328018 0.3849778592586518 0.5458025741577148 0.3849778592586518
0 0.5292730331420898 0.2882993125915527 0.5375908476114273 0.2882993125915527 0.5375908476114273 0.2998791921138763 0.5292730331420898 0.2998791921138763
0 0.45475830078125 0.7708487701416016 0.4621507698297501 0.7708487701416016 0.4621507698297501 0.7802364832162858 0.45475830078125 0.7802364832162858
0 0.5628398895263672 0.606499366760254 0.5713769453763962 0.606499366760254 0.5713769453763962 0.6172789108753205 0.5628398895263672 0.6172789108753205
0 0.4449044799804687 0.8472802734375 0.4515952223539352 0.8472802734375 0.4515952223539352 0.8557003581523895 0.4449044799804687 0.8557003581523895
0 0.4832817840576172 0.7714288330078125 0.4903863173723221 0.7714288330078125 0.4903863173723221 0.7812425273656846 0.4832817840576172 0.7812425273656846
0 0.5549617004394531 0.4499918365478515 0.564043755531311 0.4499918365478515 0.564043755531311 0.4604675483703613 0.5549617004394531 0.4604675483703613
0 0.5397539138793945 0.7684085845947266 0.5473355805873871 0.7684085845947266 0.5473355805873871 0.7786438322067262 0.5397539138793945 0.7786438322067262
0 0.4457596969604492 0.6846864318847656 0.45352059483528134 0.6846864318847656 0.45352059483528134 0.6944728499650956 0.4457596969604492 0.6944728499650956
0 0.492414665222168 0.3521963882446289 0.5004957318305969 0.3521963882446289 0.5004957318305969 0.3620532894134521 0.492414665222168 0.3620532894134521
0 0.5936392974853516 0.6839138031005858 0.6017185306549073 0.6839138031005858 0.6017185306549073 0.6946404945850372 0.5936392974853516 0.6946404945850372
0 0.4457744598388672 0.3783186721801758 0.452789865732193 0.3783186721801758 0.452789865732193 0.38774374127388 0.4457744598388672 0.38774374127388
0 0.5065395736694336 0.8487986755371094 0.5150760382413864 0.8487986755371094 0.5150760382413864 0.8579750585556031 0.5065395736694336 0.8579750585556031
0 0.5059497451782227 0.29464887619018554 0.5148105478286744 0.29464887619018554 0.5148105478286744 0.3051248061656952 0.5059497451782227 0.3051248061656952
0 0.4758219909667969 0.29431734085083006 0.4850815623998643 0.29431734085083006 0.4850815623998643 0.30453272461891173 0.4758219909667969 0.30453272461891173
0 0.5375503540039063 0.6099605941772461 0.544499313235283 0.6099605941772461 0.544499313235283 0.6194958353042603 0.5375503540039063 0.6194958353042603
0 0.5534012603759766 0.5214337158203125 0.560789766907692 0.5214337158203125 0.560789766907692 0.5309265011548996 0.5534012603759766 0.5309265011548996
0 0.44618949890136717 0.45112319946289064 0.4535725349187851 0.45112319946289064 0.4535725349187851 0.4613245701789856 0.44618949890136717 0.4613245701789856
0 0.46334861755371093 0.3763233566284179 0.47075424611568456 0.3763233566284179 0.47075424611568456 0.3866701197624206 0.46334861755371093 0.3866701197624206
0 0.47370861053466795 0.6075255203247071 0.4822739660739898 0.6075255203247071 0.4822739660739898 0.6175088793039323 0.47370861053466795 0.6175088793039323
0 0.6038156127929688 0.28746883392333983 0.6109560161828995 0.28746883392333983 0.6109560161828995 0.29862706065177913 0.6038156127929688 0.29862706065177913
0 0.5292519760131836 0.526605110168457 0.5373739689588547 0.526605110168457 0.5373739689588547 0.5374571931362152 0.5292519760131836 0.5374571931362152
0 0.44340732574462893 0.5249234008789062 0.4495173174142838 0.5249234008789062 0.4495173174142838 0.5330030483007431 0.44340732574462893 0.5330030483007431
0 0.8281059265136719 0.0 0.8370513617992401 0.0 0.8370513617992401 0.01073859930038452 0.8281059265136719 0.01073859930038452
0 0.5132819366455078 0.6945991516113281 0.5205142480134964 0.6945991516113281 0.5205142480134964 0.7046387231349945 0.5132819366455078 0.7046387231349945
0 0.5382392501831055 0.8482888031005859 0.5464403760433197 0.8482888031005859 0.5464403760433197 0.8590921044349671 0.5382392501831055 0.8590921044349671
0 0.5641767120361328 0.7657146453857422 0.572060478925705 0.7657146453857422 0.572060478925705 0.7750742125511169 0.5641767120361328 0.7750742125511169
0 0.5627682113647461 0.28645107269287107 0.5707446545362472 0.28645107269287107 0.5707446545362472 0.2968452525138855 0.5627682113647461 0.2968452525138855
0 0.5143965148925781 0.6102680587768554 0.5225748711824417 0.6102680587768554 0.5225748711824417 0.6205842256546019 0.5143965148925781 0.6205842256546019
0 0.4799576950073242 0.8521671295166016 0.4873319780826568 0.8521671295166016 0.4873319780826568 0.8623981869220734 0.4799576950073242 0.8623981869220734
0 0.6126394271850586 0.367625732421875 0.6207569849491119 0.367625732421875 0.6207569849491119 0.37715619027614594 0.6126394271850586 0.37715619027614594
0 0.4620460891723633 0.8493976593017578 0.469202224612236 0.8493976593017578 0.469202224612236 0.8588469606637955 0.4620460891723633 0.8588469606637955
0 0.4681177549034562 0.45353292630194375 0.47819319049914744 0.45353292630194375 0.47819319049914744 0.46632820746517656 0.4681177549034562 0.46632820746517656
0 0.5814664053549832 0.28382709192643457 0.59103806917089 0.28382709192643457 0.59103806917089 0.2979692447910603 0.5814664053549832 0.2979692447910603
0 0.5094270408457904 0.7646602893237106 0.5195024764414817 0.7646602893237106 0.5195024764414817 0.7767821346362468 0.5094270408457904 0.7767821346362468
