0 0.16531545639038087 0.21718727111816405 0.1730299127101898 0.21718727111816405 0.1730299127101898 0.22718499958515165 0.16531545639038087 0.22718499958515165
0 0.19659719467163086 0.8350347137451172 0.20334542393684388 0.8350347137451172 0.20334542393684388 0.8433407920598983 0.19659719467163086 0.8433407920598983
0 0.14116950035095216 0.21814073562622072 0.14894587874412538 0.21814073562622072 0.14894587874412538 0.22686548173427584 0.14116950035095216 0.22686548173427584
0 0.1584727668762207 0.5317029571533203 0.1652868366241455 0.5317029571533203 0.1652868366241455 0.5415985983610152 0.1584727668762207 0.5415985983610152
0 0.2330903434753418 0.21873262405395508 0.24017488658428193 0.21873262405395508 0.24017488658428193 0.2281383430957794 0.2330903434753418 0.2281383430957794
0 0.16200950622558594 0.321533203125 0.16889348208904267 0.321533203125 0.16889348208904267 0.3312774819135666 0.16200950622558594 0.3312774819135666
0 0.219438533782959 0.3245476531982422 0.2271489977836609 0.3245476531982422 0.2271489977836609 0.334573587179184 0.219438533782959 0.334573587179184
0 0.17171743392944336 0.7787977600097656 0.1790085178613663 0.7787977600097656 0.1790085178613663 0.7888136923313142 0.17171743392944336 0.7888136923313142
0 0.22153797149658203 0.16688495635986328 0.22861667454242704 0.16688495635986328 0.22861667454242704 0.17691361784934997 0.22153797149658203 0.17691361784934997
0 0.16283571243286132 0.3726060485839844 0.16944795787334443 0.3726060485839844 0.16944795787334443 0.38189833462238315 0.16283571243286132 0.38189833462238315
0 0.1391267204284668 0.32084999084472654 0.14571236670017243 0.32084999084472654 0.14571236670017243 0.3302848047018051 0.1391267204284668 0.3302848047018051
0 0.15046125411987304 0.7803817749023436 0.15738827109336853 0.7803817749023436 0.15738827109336853 0.7903033876419066 0.15046125411987304 0.7903033876419066
0 0.2035495376586914 0.22506425857543946 0.2113887995481491 0.22506425857543946 0.2113887995481491 0.23498302459716797 0.2035495376586914 0.23498302459716797
0 0.21760009765625 0.020982697010040283 0.22470550358295438 0.020982697010040283 0.22470550358295438 0.028715824484825132 0.21760009765625 0.028715824484825132
0 0.24805484771728514 0.836737289428711 0.25544129908084867 0.836737289428711 0.25544129908084867 0.8463191765546799 0.24805484771728514 0.8463191765546799
0 0.18552923202514648 0.372471923828125 0.19303124845027925 0.372471923828125 0.19303124845027925 0.3811554795503616 0.18552923202514648 0.3811554795503616
0 0.1777655029296875 0.8324371337890624 0.18434964060783388 0.8324371337890624 0.18434964060783388 0.8408171343803406 0.1777655029296875 0.8408171343803406
0 0.24740283966064452 0.1641756820678711 0.2546908336877823 0.1641756820678711 0.2546908336877823 0.17509618282318115 0.24740283966064452 0.17509618282318115
0 0.1654261589050293 0.02356044292449951 0.1720713025331497 0.02356044292449951 0.1720713025331497 0.03143202602863312 0.1654261589050293 0.03143202602863312
0 0.13346871376037597 0.7745215606689454 0.14004817962646485 0.7745215606689454 0.14004817962646485 0.7833295190334321 0.13346871376037597 0.7833295190334321
0 0.22885576248168946 0.5278428268432617 0.2376165843009949 0.5278428268432617 0.2376165843009949 0.5382561206817627 0.22885576248168946 0.5382561206817627
0 0.2179134750366211 0.07597633361816407 0.22532507717609404 0.07597633361816407 0.22532507717609404 0.08473544120788576 0.2179134750366211 0.08473544120788576
0 0.20749883651733397 0.6242023468017578 0.2155956792831421 0.6242023468017578 0.2155956792831421 0.6346222412586212 0.20749883651733397 0.6346222412586212
0 0.22177549362182616 0.7795598602294922 0.22900107741355893 0.7795598602294922 0.22900107741355893 0.789906268119812 0.22177549362182616 0.789906268119812
0 0.1563645839691162 0.6189760208129883 0.16256191432476041 0.6189760208129883 0.16256191432476041 0.6279562926292419 0.1563645839691162 0.6279562926292419
0 0.17492132186889647 0.4722992706298828 0.18244122862815856 0.4722992706298828 0.18244122862815856 0.4810607409477234 0.17492132186889647 0.4810607409477234
0 0.20985193252563478 0.36817710876464843 0.21667243361473082 0.36817710876464843 0.21667243361473082 0.3778724092245102 0.20985193252563478 0.3778724092245102
0 0.2338816452026367 0.6712068176269531 0.24127226650714872 0.6712068176269531 0.24127226650714872 0.6800084507465362 0.2338816452026367 0.6800084507465362
0 0.1706544876098633 0.16170663833618165 0.17748590052127838 0.16170663833618165 0.17748590052127838 0.1718902099132538 0.1706544876098633 0.1718902099132538
0 0.17057411193847657 0.07600229740142822 0.17761082351207735 0.07600229740142822 0.17761082351207735 0.08467814445495606 0.17057411193847657 0.08467814445495606
0 0.1842613410949707 0.3182847595214844 0.19278454303741452 0.3182847595214844 0.19278454303741452 0.3284502553939819 0.1842613410949707 0.3284502553939819
0 0.13083316802978515 0.4729769515991211 0.1386093693971634 0.4729769515991211 0.1386093693971634 0.4824732154607773 0.13083316802978515 0.4824732154607773
0 0.21180356979370119 0.6731467437744141 0.21935009062290192 0.6731467437744141 0.21935009062290192 0.6836493766307832 0.21180356979370119 0.6836493766307832
0 0.19442411422729491 0.15990415573120118 0.202106796503067 0.15990415573120118 0.202106796503067 0.17002685070037843 0.19442411422729491 0.17002685070037843
0 0.25314643859863284 0.3247079086303711 0.2607317125797272 0.3247079086303711 0.2607317125797272 0.33448258638381956 0.25314643859863284 0.33448258638381956
0 0.19691957473754884 0.47317199707031243 0.2045446664094925 0.47317199707031243 0.2045446664094925 0.48337854623794557 0.19691957473754884 0.48337854623794557
0 0.2389212989807129 0.6240871047973633 0.2465934240818024 0.6240871047973633 0.2465934240818024 0.634650890827179 0.2389212989807129 0.634650890827179
0 0.14455190658569336 0.022747921943664547 0.15055230736732483 0.022747921943664547 0.15055230736732483 0.0311194235086441 0.14455190658569336 0.0311194235086441
0 0.18399127960205078 0.669715805053711 0.1919080924987793 0.669715805053711 0.1919080924987793 0.6793087607622147 0.18399127960205078 0.6793087607622147
0 0.15406376838684083 0.6586515045166016 0.16098362922668458 0.6586515045166016 0.16098362922668458 0.6681609714031219 0.15406376838684083 0.6681609714031219
0 0.13615711212158202 0.8249652099609376 0.14302344918251034 0.8249652099609376 0.14302344918251034 0.8334124124050141 0.13615711212158202 0.8334124124050141
0 0.13949209213256836 0.36881404876708984 0.1461600351333618 0.36881404876708984 0.1461600351333618 0.3782440596818924 0.13949209213256836 0.3782440596818924
0 0.223094482421875 0.4745399856567383 0.23204846382141112 0.4745399856567383 0.23204846382141112 0.48503759741783137 0.223094482421875 0.48503759741783137
0 0.23120229721069335 0.37152931213378904 0.23896644830703734 0.37152931213378904 0.23896644830703734 0.3811040836572647 0.23120229721069335 0.3811040836572647
0 0.19456806182861328 0.026805410385131834 0.20042189240455627 0.026805410385131834 0.20042189240455627 0.034410805106163025 0.19456806182861328 0.034410805106163025
0 0.14560901641845703 0.07576828479766845 0.15306472420692444 0.07576828479766845 0.15306472420692444 0.08525487899780272 0.14560901641845703 0.08525487899780272
0 0.15393555641174317 0.4723361968994141 0.16092598915100098 0.4723361968994141 0.16092598915100098 0.4810568714141846 0.15393555641174317 0.4810568714141846
0 0.2099056625366211 0.8382145690917969 0.21649913012981414 0.8382145690917969 0.21649913012981414 0.8469032239913941 0.2099056625366211 0.8469032239913941
0 0.13929014205932616 0.16008071899414061 0.14778100788593293 0.16008071899414061 0.14778100788593293 0.1710600996017456 0.13929014205932616 0.1710600996017456
0 0.15677421569824218 0.8284551239013672 0.16345264196395876 0.8284551239013672 0.16345264196395876 0.838385037779808 0.15677421569824218 0.838385037779808
0 0.1938370132446289 0.07775584697723388 0.20073148727416992 0.07775584697723388 0.20073148727416992 0.08791128754615783 0.1938370132446289 0.08791128754615783
0 0.20206724166870116 0.5267683792114258 0.20922322928905485 0.5267683792114258 0.20922322928905485 0.5369251990318299 0.20206724166870116 0.5369251990318299
0 0.18131155014038086 0.5255665969848633 0.18825274646282197 0.5255665969848633 0.18825274646282197 0.5363942885398865 0.18131155014038086 0.5363942885398865
0 0.24954948425292967 0.02145885705947876 0.2558794862031937 0.02145885705947876 0.2558794862031937 0.028909872174263 0.24954948425292967 0.028909872174263
0 0.13429564476013184 0.5256502532958984 0.1414958268404007 0.5256502532958984 0.1414958268404007 0.5348987394571304 0.13429564476013184 0.5348987394571304
0 0.2619914436340332 0.22427898406982422 0.27022592604160306 0.22427898406982422 0.27022592604160306 0.23478707194328308 0.2619914436340332 0.23478707194328308
0 0.13171333312988281 0.6197312545776367 0.1394748669862747 0.6197312545776367 0.1394748669862747 0.6294251316785812 0.13171333312988281 0.6294251316785812
0 0.2456559944152832 0.07249627590179443 0.25328306734561923 0.07249627590179443 0.25328306734561923 0.08197240948677063 0.2456559944152832 0.08197240948677063
0 0.13614286422729494 0.6740251922607422 0.1440166360139847 0.6740251922607422 0.1440166360139847 0.6848524498939516 0.13614286422729494 0.6848524498939516
0 0.1753125793650286 0.6191981455732741 0.18337292784158166 0.6191981455732741 0.18337292784158166 0.6299731191844176 0.1753125793650286 0.6299731191844176
0 0.19898985301490316 0.7761086987855506 0.20705020149145623 0.7761086987855506 0.20705020149145623 0.7862102365459974 0.19898985301490316 0.7862102365459974
