0 0.16605979919433594 0.21727878570556639 0.17359734535217286 0.21727878570556639 0.17359734535217286 0.2271871554851532 0.16605979919433594 0.2271871554851532
0 0.5324740219116211 0.15542611122131347 0.5401018786430358 0.15542611122131347 0.5401018786430358 0.16530986309051515 0.5324740219116211 0.16530986309051515
0 0.4761122894287109 0.3201877975463867 0.48388782501220706 0.3201877975463867 0.48388782501220706 0.33051005244255066 0.4761122894287109 0.33051005244255066
0 0.1622307777404785 0.32167179107666016 0.16935507953166962 0.32167179107666016 0.16935507953166962 0.3314447885751724 0.1622307777404785 0.3314447885751724
0 0.5230384063720703 0.522379264831543 0.5300126194953918 0.522379264831543 0.5300126194953918 0.5317898660898209 0.5230384063720703 0.5317898660898209
0 0.5247521209716797 0.6786353302001954 0.5317349684238434 0.6786353302001954 0.5317349684238434 0.6874904876947403 0.5247521209716797 0.6874904876947403
0 0.5088043212890625 0.205775203704834 0.5160003781318665 0.205775203704834 0.5160003781318665 0.21409577012062073 0.5088043212890625 0.21409577012062073
0 0.4979182434082032 0.626268424987793 0.5064602082967758 0.626268424987793 0.5064602082967758 0.6359599304199219 0.4979182434082032 0.6359599304199219
0 0.197178955078125 0.8345272827148437 0.2041056025028229 0.8345272827148437 0.2041056025028229 0.8431896895170212 0.197178955078125 0.8431896895170212
0 0.5395177841186524 0.6264813995361328 0.5481575709581376 0.6264813995361328 0.5481575709581376 0.6360653024911881 0.5395177841186524 0.6360653024911881
0 0.1417083740234375 0.2185336685180664 0.14949698030948638 0.2185336685180664 0.14949698030948638 0.22713061273097995 0.1417083740234375 0.22713061273097995
0 0.4777629852294922 0.4714652633666992 0.4858062595129013 0.4714652633666992 0.4858062595129013 0.48066785514354704 0.4777629852294922 0.48066785514354704
0 0.5476979064941406 0.783093490600586 0.5553640288114547 0.783093490600586 0.5553640288114547 0.7918428641557694 0.5476979064941406 0.7918428641557694
0 0.5553695297241211 0.31264432907104495 0.5636033618450165 0.31264432907104495 0.5636033618450165 0.3230997025966645 0.5553695297241211 0.3230997025966645
0 0.4858829879760742 0.20738122940063478 0.49332667469978336 0.20738122940063478 0.49332667469978336 0.2161345362663269 0.4858829879760742 0.2161345362663269
0 0.4545235824584961 0.06312817096710205 0.46189641654491426 0.06312817096710205 0.46189641654491426 0.0712733507156372 0.4545235824584961 0.0712733507156372
0 0.13954187393188477 0.3209842681884766 0.14616682052612306 0.3209842681884766 0.14616682052612306 0.33044157445430755 0.13954187393188477 0.33044157445430755
0 0.2334684181213379 0.21881792068481445 0.2406211531162262 0.21881792068481445 0.2406211531162262 0.22819296419620516 0.2334684181213379 0.22819296419620516
0 0.4920211410522461 0.15781750679016113 0.4983089447021485 0.15781750679016113 0.4983089447021485 0.16761841297149657 0.4920211410522461 0.16761841297149657
0 0.1633855628967285 0.37289447784423835 0.1698679906129837 0.37289447784423835 0.1698679906129837 0.38207872688770295 0.1633855628967285 0.38207872688770295
0 0.5027519989013672 0.7809048461914062 0.5108370870351792 0.7809048461914062 0.5108370870351792 0.7911435723304749 0.5027519989013672 0.7911435723304749
0 0.5293692398071289 0.7823990631103516 0.5359112977981567 0.7823990631103516 0.5359112977981567 0.7924819600582124 0.5293692398071289 0.7924819600582124
0 0.4748906326293945 0.0628759241104126 0.4817874872684479 0.0628759241104126 0.4817874872684479 0.07112419903278351 0.4748906326293945 0.07112419903278351
0 0.21823055267333985 0.021247568130493163 0.2250863915681839 0.021247568130493163 0.2250863915681839 0.028731001019477845 0.21823055267333985 0.028731001019477845
0 0.49510749816894534 0.47017410278320315 0.5024097752571107 0.47017410278320315 0.5024097752571107 0.4790727043151856 0.49510749816894534 0.4790727043151856
0 0.24786924362182616 0.16437965393066406 0.2550197899341583 0.16437965393066406 0.2550197899341583 0.17503787875175475 0.24786924362182616 0.17503787875175475
0 0.20827472686767579 0.6245952606201172 0.21620500922203065 0.6245952606201172 0.21620500922203065 0.6345456117391587 0.20827472686767579 0.6345456117391587
0 0.24889915466308593 0.836433334350586 0.25607879936695094 0.836433334350586 0.25607879936695094 0.8457207190990449 0.24889915466308593 0.8457207190990449
0 0.22020273208618163 0.3249259185791016 0.22749881386756896 0.3249259185791016 0.22749881386756896 0.3346926110982895 0.22020273208618163 0.3346926110982895
0 0.1592024517059326 0.5312883377075195 0.1663702380657196 0.5312883377075195 0.1663702380657196 0.5417071259021758 0.1592024517059326 0.5417071259021758
0 0.49797042846679684 0.6859918212890626 0.5059561568498612 0.6859918212890626 0.5059561568498612 0.6947012692689896 0.49797042846679684 0.6947012692689896
0 0.4716154098510742 0.6275676345825195 0.4793829613924026 0.6275676345825195 0.4793829613924026 0.6371824902296067 0.4716154098510742 0.6371824902296067
0 0.1723378562927246 0.7784854888916015 0.1797926914691925 0.7784854888916015 0.1797926914691925 0.7882240748405457 0.1723378562927246 0.7882240748405457
0 0.5496716690063477 0.5220663833618164 0.5576186001300811 0.5220663833618164 0.5576186001300811 0.5315583777427674 0.5496716690063477 0.5315583777427674
0 0.2038850975036621 0.225440616607666 0.21179009675979613 0.225440616607666 0.21179009675979613 0.23492565393447876 0.2038850975036621 0.23492565393447876
0 0.4508077621459961 0.470058250427246 0.45822876751422886 0.470058250427246 0.45822876751422886 0.48028519630432126 0.4508077621459961 0.48028519630432126
0 0.1858535575866699 0.37273826599121096 0.19335384368896483 0.37273826599121096 0.19335384368896483 0.3811042332649231 0.1858535575866699 0.3811042332649231
0 0.4790029525756836 0.7791928100585938 0.48656998097896575 0.7791928100585938 0.48656998097896575 0.7886417162418365 0.4790029525756836 0.7886417162418365
0 0.13441781044006348 0.7742668914794922 0.14078548669815064 0.7742668914794922 0.14078548669815064 0.7826933801174165 0.13441781044006348 0.7826933801174165
0 0.17822053909301758 0.8319621276855469 0.1847237551212311 0.8319621276855469 0.1847237551212311 0.84053029358387 0.17822053909301758 0.84053029358387
0 0.555758399963379 0.8322293853759766 0.5633363401889802 0.8322293853759766 0.5633363401889802 0.8406680488586425 0.555758399963379 0.8406680488586425
0 0.2399657440185547 0.6244785690307617 0.24707806944847108 0.6244785690307617 0.24707806944847108 0.6343063360452652 0.2399657440185547 0.6343063360452652
0 0.45394432067871093 0.8379517364501953 0.4609027427434921 0.8379517364501953 0.4609027427434921 0.8470322972536087 0.45394432067871093 0.8470322972536087
0 0.5030567169189453 0.5204704284667969 0.5106757020950318 0.5204704284667969 0.5106757020950318 0.5310774219036103 0.5030567169189453 0.5310774219036103
0 0.47104080200195314 0.0100011944770813 0.4782746505737305 0.0100011944770813 0.4782746505737305 0.018571906089782715 0.47104080200195314 0.018571906089782715
0 0.1712385368347168 0.1620127487182617 0.1780886095762253 0.1620127487182617 0.1780886095762253 0.172099312543869 0.1712385368347168 0.172099312543869
0 0.5056831741333008 0.36186431884765624 0.5126912754774093 0.36186431884765624 0.5126912754774093 0.37121443808078763 0.5056831741333008 0.37121443808078763
0 0.4511185455322266 0.680522689819336 0.45823564708232883 0.680522689819336 0.45823564708232883 0.6904933995008469 0.4511185455322266 0.6904933995008469
0 0.18471818923950195 0.6695677947998048 0.19224058032035826 0.6695677947998048 0.19224058032035826 0.6789845234155656 0.18471818923950195 0.6789845234155656
0 0.5318452072143555 0.8278430938720704 0.538745255470276 0.8278430938720704 0.538745255470276 0.8374252969026567 0.5318452072143555 0.8374252969026567
0 0.543158187866211 0.4669569778442383 0.5516585159301758 0.4669569778442383 0.5516585159301758 0.47634650945663454 0.543158187866211 0.47634650945663454
0 0.21038787841796874 0.36811214447021484 0.21721988320350646 0.36811214447021484 0.21721988320350646 0.3777051395177841 0.21038787841796874 0.3777051395177841
0 0.1549292278289795 0.47206127166748046 0.16166484475135806 0.47206127166748046 0.16166484475135806 0.48054326117038726 0.1549292278289795 0.48054326117038726
0 0.5187354278564453 0.467098045349121 0.5273270726203918 0.467098045349121 0.5273270726203918 0.4770348769426346 0.5187354278564453 0.4770348769426346
0 0.5497792053222657 0.35667533874511725 0.5574963080883026 0.35667533874511725 0.5574963080883026 0.3660288184881211 0.5497792053222657 0.3660288184881211
0 0.23218847274780274 0.371641845703125 0.2394227504730225 0.371641845703125 0.2394227504730225 0.3814913940429687 0.23218847274780274 0.3814913940429687
0 0.21799375534057616 0.07603763103485107 0.22555033028125762 0.07603763103485107 0.22555033028125762 0.08487346768379211 0.21799375534057616 0.08487346768379211
0 0.17089208602905273 0.0759674596786499 0.1779393547773361 0.0759674596786499 0.1779393547773361 0.08493281900882721 0.17089208602905273 0.08493281900882721
0 0.46816993713378907 0.21482614517211915 0.47459246814250944 0.21482614517211915 0.47459246814250944 0.22449873507022858 0.46816993713378907 0.22449873507022858
0 0.47172218322753906 0.15298649787902832 0.47875042259693146 0.15298649787902832 0.47875042259693146 0.16236739158630373 0.47172218322753906 0.16236739158630373
0 0.21298267364501952 0.6736528778076172 0.22056849479675292 0.6736528778076172 0.22056849479675292 0.6841484737396241 0.21298267364501952 0.6841484737396241
0 0.2219170379638672 0.16683204650878905 0.22936094641685487 0.16683204650878905 0.22936094641685487 0.1772004723548889 0.2219170379638672 0.1772004723548889
0 0.4796084976196289 0.836595916748047 0.48648959040641787 0.836595916748047 0.48648959040641787 0.8457379871606828 0.4796084976196289 0.8457379871606828
0 0.4558883285522461 0.6287523651123047 0.46229406297206876 0.6287523651123047 0.46229406297206876 0.6374366319179535 0.4558883285522461 0.6374366319179535
0 0.13133470535278322 0.4730170822143555 0.13937787652015687 0.4730170822143555 0.13937787652015687 0.4822786927223206 0.13133470535278322 0.4822786927223206
0 0.4824660110473633 0.36744773864746094 0.490169245004654 0.36744773864746094 0.490169245004654 0.37657506406307223 0.4824660110473633 0.37657506406307223
0 0.5201391220092774 0.6286647415161133 0.5272881013154985 0.6286647415161133 0.5272881013154985 0.6380817466974259 0.5201391220092774 0.6380817466974259
0 0.16586194992065428 0.02394103765487671 0.17247267246246337 0.02394103765487671 0.17247267246246337 0.03197521567344666 0.16586194992065428 0.03197521567344666
0 0.15731222152709962 0.6190174102783204 0.16361319959163667 0.6190174102783204 0.16361319959163667 0.6282477128505707 0.15731222152709962 0.6282477128505707
0 0.18484012603759767 0.31846527099609373 0.19273546993732454 0.31846527099609373 0.19273546993732454 0.32848057031631467 0.18484012603759767 0.32848057031631467
0 0.15461311340332032 0.6592636108398438 0.16159882962703706 0.6592636108398438 0.16159882962703706 0.6682121396064757 0.15461311340332032 0.6682121396064757
0 0.5415842819213867 0.01142032265663147 0.549566639661789 0.01142032265663147 0.549566639661789 0.019582694768905638 0.5415842819213867 0.019582694768905638
0 0.2346947479248047 0.6712712860107422 0.24223986446857454 0.6712712860107422 0.24223986446857454 0.6798925018310547 0.2346947479248047 0.6798925018310547
0 0.44837715148925783 0.2159172058105469 0.4557874524593354 0.2159172058105469 0.4557874524593354 0.22572821199893953 0.44837715148925783 0.22572821199893953
0 0.1514982032775879 0.7797542572021483 0.15842736423015594 0.7797542572021483 0.15842736423015594 0.7895786243677139 0.1514982032775879 0.7895786243677139
0 0.15766569137573241 0.8282221221923828 0.16413018405437468 0.8282221221923828 0.16413018405437468 0.8373466408252717 0.15766569137573241 0.8373466408252717
0 0.14002050399780275 0.36875679016113283 0.14680268108844757 0.36875679016113283 0.14680268108844757 0.378250207901001 0.14002050399780275 0.378250207901001
0 0.22275249481201173 0.779682388305664 0.23013362348079686 0.779682388305664 0.23013362348079686 0.7888681000471115 0.22275249481201173 0.7888681000471115
0 0.44840412139892577 0.31993146896362307 0.45665285706520076 0.31993146896362307 0.45665285706520076 0.33002043366432193 0.44840412139892577 0.33002043366432193
0 0.22956806182861328 0.5274394989013672 0.23850932776927947 0.5274394989013672 0.23850932776927947 0.5383346700668336 0.22956806182861328 0.5383346700668336
0 0.1459706211090088 0.07583221435546875 0.15325454890727996 0.07583221435546875 0.15325454890727996 0.08521612286567687 0.1459706211090088 0.08521612286567687
0 0.5277270126342773 0.3092605400085449 0.5356994932889938 0.3092605400085449 0.5356994932889938 0.3196225225925446 0.5277270126342773 0.3196225225925446
0 0.14519868850708006 0.023093411922454832 0.15089993119239806 0.023093411922454832 0.15089993119239806 0.03108418524265289 0.14519868850708006 0.03108418524265289
0 0.4986782836914063 0.05532524585723876 0.5059660112857819 0.05532524585723876 0.5059660112857819 0.06398553311824798 0.4986782836914063 0.06398553311824798
0 0.5188079833984375 0.007137890458106994 0.5261669188737869 0.007137890458106994 0.5261669188737869 0.017614120841026305 0.5188079833984375 0.017614120841026305
0 0.22386491775512696 0.4745326614379883 0.23283630192279814 0.4745326614379883 0.23283630192279814 0.484975049495697 0.22386491775512696 0.484975049495697
0 0.20961801528930665 0.8386730194091798 0.2166473197937012 0.8386730194091798 0.2166473197937012 0.8468828010559083 0.20961801528930665 0.8468828010559083
0 0.5111132049560547 0.1556583023071289 0.5185363692045212 0.1556583023071289 0.5185363692045212 0.1660604476928711 0.5111132049560547 0.1660604476928711
0 0.526733512878418 0.20458347320556639 0.5343784028291703 0.20458347320556639 0.5343784028291703 0.21419941604137419 0.526733512878418 0.21419941604137419
0 0.19430669784545898 0.02631556510925293 0.20092490196228027 0.02631556510925293 0.20092490196228027 0.03577914416790009 0.19430669784545898 0.03577914416790009
0 0.1948763084411621 0.15996838569641114 0.2026323127746582 0.15996838569641114 0.2026323127746582 0.17022688746452333 0.1948763084411621 0.17022688746452333
0 0.45561809539794923 0.7862060546875 0.4628326934576035 0.7862060546875 0.4628326934576035 0.7967418134212494 0.45561809539794923 0.7967418134212494
0 0.5033649063110351 0.31146669387817383 0.5114060515165328 0.31146669387817383 0.5114060515165328 0.32198086977005 0.5033649063110351 0.32198086977005
0 0.4526088714599609 0.004962739646434784 0.45975598752498625 0.004962739646434784 0.45975598752498625 0.015165279805660247 0.4526088714599609 0.015165279805660247
0 0.19739599227905275 0.473211669921875 0.20518173038959506 0.473211669921875 0.20518173038959506 0.48333836674690245 0.19739599227905275 0.48333836674690245
0 0.14004525184631347 0.16111808776855469 0.14806268095970154 0.16111808776855469 0.14806268095970154 0.17148062348365783 0.14004525184631347 0.17148062348365783
0 0.5423204803466797 0.6805731201171875 0.5498529404401779 0.6805731201171875 0.5498529404401779 0.6902968424558641 0.5423204803466797 0.6902968424558641
0 0.1379724407196045 0.6751234436035156 0.14501289308071136 0.6751234436035156 0.14501289308071136 0.6849570614099502 0.1379724407196045 0.6849570614099502
0 0.47327289581298826 0.5223837661743164 0.4806620234251022 0.5223837661743164 0.4806620234251022 0.5324221122264862 0.47327289581298826 0.5324221122264862
0 0.1938661003112793 0.07821269512176514 0.20079949021339416 0.07821269512176514 0.20079949021339416 0.08792398989200592 0.1938661003112793 0.08792398989200592
0 0.5445541763305664 0.05501226902008057 0.5514871668815612 0.05501226902008057 0.5514871668815612 0.06390132904052735 0.5445541763305664 0.06390132904052735
0 0.4755268096923828 0.6822314453125 0.4838383549451828 0.6822314453125 0.4838383549451828 0.692693282365799 0.4755268096923828 0.692693282365799
0 0.20087072372436524 0.7758924102783203 0.20836797893047335 0.7758924102783203 0.20836797893047335 0.7856329727172852 0.20087072372436524 0.7856329727172852
0 0.5015302276611329 0.8283549499511719 0.5090473103523255 0.8283549499511719 0.5090473103523255 0.8391520845890045 0.5015302276611329 0.8391520845890045
0 0.26274646759033204 0.22420888900756836 0.2704571831226349 0.22420888900756836 0.2704571831226349 0.23471373558044434 0.26274646759033204 0.23471373558044434
0 0.1752324104309082 0.47215869903564456 0.18291867077350615 0.47215869903564456 0.18291867077350615 0.48090775668621066 0.1752324104309082 0.48090775668621066
0 0.44944637298583984 0.15708740234375 0.4574690359830856 0.15708740234375 0.4574690359830856 0.16772838234901427 0.44944637298583984 0.16772838234901427
0 0.18156051635742188 0.5255768203735351 0.18846327006816863 0.5255768203735351 0.18846327006816863 0.5363648235797882 0.18156051635742188 0.5363648235797882
0 0.25333070755004883 0.32390388488769534 0.2615398180484772 0.32390388488769534 0.2615398180484772 0.33456323623657225 0.25333070755004883 0.33456323623657225
0 0.5281898498535156 0.3555550003051758 0.5355952715873719 0.3555550003051758 0.5355952715873719 0.36553523659706116 0.5281898498535156 0.36553523659706116
0 0.20255874633789062 0.5256966400146484 0.2103943121433258 0.5256966400146484 0.2103943121433258 0.536405543088913 0.20255874633789062 0.536405543088913
0 0.24998596191406247 0.021648621559143065 0.2565017014741897 0.021648621559143065 0.2565017014741897 0.029198670983314513 0.24998596191406247 0.029198670983314513
0 0.4562208938598633 0.37050178527832034 0.46426070868968966 0.37050178527832034 0.46426070868968966 0.3807277834415436 0.4562208938598633 0.3807277834415436
0 0.13628873825073243 0.8245745086669922 0.14341512501239778 0.8245745086669922 0.14341512501239778 0.8332323294878007 0.13628873825073243 0.8332323294878007
0 0.13500618934631348 0.5255803680419922 0.1426018726825714 0.5255803680419922 0.1426018726825714 0.5350806242227554 0.13500618934631348 0.5350806242227554
0 0.13269183158874512 0.6197773742675782 0.14010557770729062 0.6197773742675782 0.14010557770729062 0.6294157898426056 0.13269183158874512 0.6294157898426056
0 0.4498531723022461 0.5236753845214843 0.4573637199401856 0.5236753845214843 0.4573637199401856 0.5333537262678145 0.4498531723022461 0.5333537262678145
0 0.24659524917602538 0.07258165836334228 0.25420653104782104 0.07258165836334228 0.25420653104782104 0.08230095386505128 0.24659524917602538 0.08230095386505128
0 0.49583302332463675 0.012419075178474523 0.5030587643091842 0.012419075178474523 0.5030587643091842 0.02391821886224723 0.49583302332463675 0.02391821886224723
0 0.5199188266064614 0.055195889682109006 0.5257682359749045 0.055195889682109006 0.5257682359749045 0.06715499911323262 0.5199188266064614 0.06715499911323262
0 0.17618000548442034 0.6209537589237263 0.18443799518104598 0.6209537589237263 0.18443799518104598 0.6310730053654462 0.17618000548442034 0.6310730053654462
