0 0.8296479797363281 0.6155381774902344 0.8370191574096678 0.6155381774902344 0.8370191574096678 0.6248784536123276 0.8296479797363281 0.6248784536123276
0 0.7811157989501953 0.67868408203125 0.7879636830091477 0.67868408203125 0.7879636830091477 0.6865882140398026 0.7811157989501953 0.6865882140398026
0 0.5169726181030273 0.4572043991088867 0.5253654253482818 0.4572043991088867 0.5253654253482818 0.46749427795410153 0.5169726181030273 0.46749427795410153
0 0.8353455352783203 0.6780974578857423 0.843121367096901 0.6780974578857423 0.843121367096901 0.6868624860048295 0.8353455352783203 0.6868624860048295
0 0.8144873046875 0.5193840026855469 0.8225644087791443 0.5193840026855469 0.8225644087791443 0.5305302715301513 0.8144873046875 0.5305302715301513
0 0.7907750701904297 0.6166244888305664 0.7981487321853638 0.6166244888305664 0.7981487321853638 0.6272984862327575 0.7907750701904297 0.6272984862327575
0 0.5474581146240234 0.46033935546874993 0.555420954823494 0.46033935546874993 0.555420954823494 0.4692467725276947 0.5474581146240234 0.4692467725276947
0 0.7659445953369141 0.7836007690429687 0.7741023105382919 0.7836007690429687 0.7741023105382919 0.7930077731609344 0.7659445953369141 0.7930077731609344
0 0.5793157577514648 0.4673040390014648 0.5872645223140716 0.4673040390014648 0.5872645223140716 0.47744461059570303 0.5793157577514648 0.47744461059570303
0 0.46013168334960936 0.8261263275146484 0.4676719498634338 0.8261263275146484 0.4676719498634338 0.8345875239372254 0.46013168334960936 0.8345875239372254
0 0.5071233749389649 0.8341883087158203 0.5141709840297699 0.8341883087158203 0.5141709840297699 0.8435383093357086 0.5071233749389649 0.8435383093357086
0 0.7945478820800781 0.4548411178588867 0.8034808385372162 0.4548411178588867 0.8034808385372162 0.46584653973579404 0.7945478820800781 0.46584653973579404
0 0.5377081680297852 0.8245628356933594 0.5444587033987045 0.8245628356933594 0.5444587033987045 0.833992846608162 0.5377081680297852 0.833992846608162
0 0.5804872131347656 0.520937156677246 0.5882243657112121 0.520937156677246 0.5882243657112121 0.5305580997467041 0.5804872131347656 0.5305580997467041
0 0.4756004333496094 0.5194371032714844 0.48267131507396704 0.5194371032714844 0.48267131507396704 0.5297819292545318 0.4756004333496094 0.5297819292545318
0 0.5535655212402344 0.7290805816650392 0.5616668736934661 0.7290805816650392 0.5616668736934661 0.7384610211849214 0.5535655212402344 0.7384610211849214
0 0.5233713531494141 0.5237146377563476 0.5316657471656799 0.5237146377563476 0.5316657471656799 0.5339856612682342 0.5233713531494141 0.5339856612682342
0 0.5177095794677734 0.6789005279541016 0.5256921142339706 0.6789005279541016 0.5256921142339706 0.689936032295227 0.5177095794677734 0.689936032295227
0 0.5783884811401367 0.8240484619140624 0.5866845899820329 0.8240484619140624 0.5866845899820329 0.8340688216686248 0.5783884811401367 0.8340688216686248
0 0.7997631072998047 0.7817160797119141 0.8078123551607134 0.7817160797119141 0.8078123551607134 0.7917425274848939 0.7997631072998047 0.7917425274848939
0 0.4537572479248047 0.782447509765625 0.46092923343181613 0.782447509765625 0.46092923343181613 0.7915088587999345 0.4537572479248047 0.7915088587999345
0 0.5871844100952148 0.6885971069335939 0.5953209525346755 0.6885971069335939 0.5953209525346755 0.6993153393268586 0.5871844100952148 0.6993153393268586
0 0.8461988830566406 0.5207440567016601 0.8544686734676361 0.5207440567016601 0.8544686734676361 0.5312031662464142 0.8461988830566406 0.5312031662464142
0 0.5136257934570313 0.6319757461547851 0.521202136874199 0.6319757461547851 0.521202136874199 0.6425816321372986 0.5136257934570313 0.6425816321372986
0 0.7716628265380859 0.8483667755126953 0.7792686229944229 0.8483667755126953 0.7792686229944229 0.8578711825609208 0.7716628265380859 0.8578711825609208
0 0.5416583633422851 0.6286539459228515 0.5492083883285521 0.6286539459228515 0.5492083883285521 0.6386945843696593 0.5416583633422851 0.6386945843696593
0 0.9009032440185547 0.4688652038574218 0.9083621895313262 0.4688652038574218 0.9083621895313262 0.4779295569658279 0.9009032440185547 0.4779295569658279
0 0.898677978515625 0.6167662811279296 0.905370968580246 0.6167662811279296 0.905370968580246 0.6248209846019744 0.898677978515625 0.6248209846019744
0 0.5455980682373047 0.7712406158447267 0.5528116309642792 0.7712406158447267 0.5528116309642792 0.7798505258560182 0.5455980682373047 0.7798505258560182
0 0.80803466796875 0.6149398803710937 0.8155336529016495 0.6149398803710937 0.8155336529016495 0.6248199462890625 0.80803466796875 0.6248199462890625
0 0.9131195068359375 0.7720481872558593 0.9196462470293044 0.7720481872558593 0.9196462470293044 0.7800800025463104 0.9131195068359375 0.7800800025463104
0 0.45101348876953123 0.4598690032958984 0.4585718232393265 0.4598690032958984 0.4585718232393265 0.46930075347423555 0.45101348876953123 0.46930075347423555
0 0.5979415130615234 0.629279556274414 0.6046499389410018 0.629279556274414 0.6046499389410018 0.6376985734701156 0.5979415130615234 0.6376985734701156
0 0.9155721282958984 0.6786887359619141 0.9221147775650024 0.6786887359619141 0.9221147775650024 0.687006910443306 0.9155721282958984 0.687006910443306
0 0.7687616729736328 0.6787682342529296 0.7749959528446199 0.6787682342529296 0.7749959528446199 0.6875555574893952 0.7687616729736328 0.6875555574893952
0 0.4997537231445313 0.5169427490234375 0.5070846247673035 0.5169427490234375 0.5070846247673035 0.527268443107605 0.4997537231445313 0.527268443107605
0 0.8180121612548829 0.8388465118408203 0.8254883176088333 0.8388465118408203 0.8254883176088333 0.8483951932191848 0.8180121612548829 0.8483951932191848
0 0.8096124267578125 0.6812661743164062 0.817384118437767 0.6812661743164062 0.817384118437767 0.6910329061746597 0.8096124267578125 0.6910329061746597
0 0.9089904022216797 0.5236714172363282 0.9162508654594421 0.5236714172363282 0.9162508654594421 0.5333099913597108 0.9089904022216797 0.5333099913597108
0 0.48868579864501954 0.4606084060668945 0.49587532043457033 0.4606084060668945 0.49587532043457033 0.4700503551959992 0.48868579864501954 0.4700503551959992
0 0.8490455627441407 0.6099114608764649 0.8551829671859742 0.6099114608764649 0.8551829671859742 0.6185145324468613 0.8490455627441407 0.6185145324468613
0 0.4892653656005859 0.779398651123047 0.49673655390739435 0.779398651123047 0.49673655390739435 0.7879481583833694 0.4892653656005859 0.7879481583833694
0 0.917137222290039 0.82233154296875 0.9244452357292174 0.82233154296875 0.9244452357292174 0.8312852108478546 0.917137222290039 0.8312852108478546
0 0.5481757354736329 0.5148477935791016 0.5562201929092409 0.5148477935791016 0.5562201929092409 0.5253386068344117 0.5481757354736329 0.5253386068344117
0 0.8507593536376953 0.7777240753173829 0.857313003540039 0.7777240753173829 0.857313003540039 0.7859500646591187 0.8507593536376953 0.7859500646591187
0 0.7761415100097656 0.5145687103271485 0.7846480482816696 0.5145687103271485 0.7846480482816696 0.5247330009937287 0.7761415100097656 0.5247330009937287
0 0.8908406066894531 0.6572004699707031 0.8979394328594208 0.6572004699707031 0.8979394328594208 0.6656813126802444 0.8908406066894531 0.6656813126802444
0 0.8343071746826172 0.4718379211425781 0.842224593758583 0.4718379211425781 0.842224593758583 0.4812926381826401 0.8343071746826172 0.4812926381826401
0 0.43686134338378907 0.8283101654052735 0.44563310682773594 0.8283101654052735 0.44563310682773594 0.8376800894737244 0.43686134338378907 0.8376800894737244
0 0.4811032104492188 0.6296140289306641 0.48935797870159153 0.6296140289306641 0.48935797870159153 0.6387112712860108 0.4811032104492188 0.6387112712860108
0 0.44406124114990236 0.6185864639282227 0.4517575258016586 0.6185864639282227 0.4517575258016586 0.6278247910737992 0.44406124114990236 0.6278247910737992
0 0.6037150573730469 0.5165969085693359 0.6111408239603043 0.5165969085693359 0.6111408239603043 0.5267588663101196 0.6037150573730469 0.5267588663101196
0 0.8835655975341797 0.5146660614013672 0.8907560354471207 0.5146660614013672 0.8907560354471207 0.5236776411533356 0.8835655975341797 0.5236776411533356
0 0.8787941741943359 0.7764910888671875 0.8843767619132995 0.7764910888671875 0.8843767619132995 0.7838606095314026 0.8787941741943359 0.7838606095314026
0 0.4829457855224609 0.8300183868408203 0.49045515000820156 0.8300183868408203 0.49045515000820156 0.8398248076438903 0.4829457855224609 0.8398248076438903
0 0.44801490783691406 0.5186836242675781 0.4555507385730743 0.5186836242675781 0.4555507385730743 0.5273890006542206 0.44801490783691406 0.5273890006542206
0 0.5528961944580079 0.8282074737548828 0.5604375255107881 0.8282074737548828 0.5604375255107881 0.8391798865795134 0.5528961944580079 0.8391798865795134
0 0.6162932726103375 0.4610409011993779 0.6250364192016399 0.4610409011993779 0.6250364192016399 0.4738417479481537 0.6162932726103375 0.4738417479481537
0 0.47432122558014195 0.6614019807454337 0.4859787543685451 0.6614019807454337 0.4859787543685451 0.673646268939915 0.47432122558014195 0.673646268939915
0 0.47640292714949967 0.6808815301457446 0.4851460737408021 0.6808815301457446 0.4851460737408021 0.6936823768945205 0.47640292714949967 0.6936823768945205
0 0.8542808901449603 0.8246840553972011 0.8646893979917488 0.8246840553972011 0.8646893979917488 0.8352586679287987 0.8542808901449603 0.8352586679287987
0 0.8609423351669051 0.6677345430861242 0.8688528011304646 0.6677345430861242 0.8688528011304646 0.6799788312806054 0.8609423351669051 0.6799788312806054
0 0.8742652252107945 0.6883272095950246 0.8838410524298398 0.6883272095950246 0.8838410524298398 0.7000149392352112 0.8742652252107945 0.7000149392352112
0 0.7618533404654784 0.626549210068324 0.769347466115166 0.626549210068324 0.769347466115166 0.6382369397085105 0.7618533404654784 0.6382369397085105
0 0.8742652252107945 0.615418038982432 0.8838410524298398 0.615418038982432 0.8838410524298398 0.6276623271769132 0.8742652252107945 0.6276623271769132
0 0.920062659736664 0.6081827777766021 0.9308875078973241 0.6081827777766021 0.9308875078973241 0.6220967416339671 0.920062659736664 0.6220967416339671
0 0.8738488848969229 0.455685733899882 0.8859227539991977 0.455685733899882 0.8859227539991977 0.47071281486583616 0.8738488848969229 0.47071281486583616
