0 0.14399262024231355 0.02038916535965709 0.14942142639148515 0.02038916535965709 0.14942142639148515 0.027991904985291936 0.14399262024231355 0.027991904985291936
0 0.165190815681936 0.01935242813797961 0.1711366509881716 0.01935242813797961 0.1711366509881716 0.028337484059184428 0.165190815681936 0.028337484059184428
0 0.19440296305604987 0.023844956098582018 0.1995732546266895 0.023844956098582018 0.1995732546266895 0.03110211665032437 0.19440296305604987 0.03110211665032437
0 0.21689373138833226 0.019006849064087117 0.22490768332282368 0.019006849064087117 0.22490768332282368 0.025227272394151987 0.21689373138833226 0.025227272394151987
0 0.24869102454776593 0.019006849064087117 0.2556709181681294 0.019006849064087117 0.2556709181681294 0.028683063133076923 0.24869102454776593 0.028683063133076923
0 0.14554370771350544 0.07222602644353104 0.15174805759827295 0.07222602644353104 0.15174805759827295 0.08190224051252085 0.14554370771350544 0.08190224051252085
0 0.17036110725257564 0.07326276366520852 0.1765654571373432 0.07326276366520852 0.1765654571373432 0.08121108236473586 0.17036110725257564 0.08121108236473586
0 0.19311039016339 0.07568181718245597 0.2008658275193494 0.07568181718245597 0.2008658275193494 0.08432129402976828 0.19311039016339 0.08432129402976828
0 0.2166352168098003 0.07464507996077849 0.22568322705841962 0.07464507996077849 0.22568322705841962 0.08121108236473584 0.2166352168098003 0.08121108236473584
0 0.2463643933409781 0.06980697292628359 0.2517931994901497 0.06980697292628359 0.2517931994901497 0.07948318699527339 0.2463643933409781 0.07948318699527339
0 0.13933935782873788 0.16173100658168674 0.14554370771350547 0.16173100658168674 0.14554370771350547 0.17037048342899902 0.13933935782873788 0.17037048342899902
0 0.1406319307213978 0.21944271192173306 0.14787033892029325 0.21944271192173306 0.14787033892029325 0.22600871432569042 0.1406319307213978 0.22600871432569042
0 0.165190815681936 0.21598692118280818 0.17217070930229952 0.21598692118280818 0.17217070930229952 0.2270454515473679 0.165190815681936 0.2270454515473679
0 0.1708781364096396 0.16138542750779422 0.17578991340174724 0.16138542750779422 0.17578991340174724 0.17140722065067654 0.1708781364096396 0.17140722065067654
0 0.19311039016339 0.15896637399054678 0.20215840041200933 0.15896637399054678 0.20215840041200933 0.17037048342899908 0.19311039016339 0.17037048342899908
0 0.20319245872613723 0.22497197710401295 0.21068938150356467 0.22497197710401295 0.21068938150356467 0.23499377024689524 0.20319245872613723 0.23499377024689524
0 0.23188757694318712 0.21806039562616308 0.23886747056355065 0.21806039562616308 0.23886747056355065 0.2280821887690454 0.23188757694318712 0.2280821887690454
0 0.26213378263142895 0.2239352398823355 0.2680796179376646 0.2239352398823355 0.2680796179376646 0.23430261209911024 0.26213378263142895 0.23430261209911024
0 0.22102996464484395 0.1679514299117516 0.22749282910814347 0.1679514299117516 0.22749282910814347 0.17693648583295643 0.22102996464484395 0.17693648583295643
0 0.248432509969234 0.1638044810250417 0.2536028015398736 0.1638044810250417 0.2536028015398736 0.17589974861127897 0.248432509969234 0.17589974861127897
0 0.13830529951460996 0.31862390612887853 0.14450964939937752 0.31862390612887853 0.14450964939937752 0.3307191737151158 0.13830529951460996 0.3307191737151158
0 0.1613130970039563 0.32138853872001844 0.1675174468887238 0.32138853872001844 0.1675174468887238 0.3307191737151157 0.1613130970039563 0.3307191737151157
0 0.18406237991477062 0.318969485202771 0.19130078811366608 0.318969485202771 0.19130078811366608 0.32830012019786825 0.18406237991477062 0.32830012019786825
0 0.21844481885952416 0.3262266457545134 0.22671728537254754 0.3262266457545134 0.22671728537254754 0.3348661226018257 0.21844481885952416 0.3348661226018257
0 0.2530857723828096 0.323807592237266 0.2592901222675772 0.323807592237266 0.2592901222675772 0.3355572807496108 0.2530857723828096 0.3355572807496108
0 0.13882232867167393 0.3673505555477201 0.14476816397790948 0.3673505555477201 0.14476816397790948 0.3777179277644949 0.13882232867167393 0.3777179277644949
0 0.16157161158248826 0.37322539980389247 0.16803447604578783 0.37322539980389247 0.16803447604578783 0.3829016138728822 0.16157161158248826 0.3829016138728822
0 0.1845794090718346 0.37253424165610743 0.19259336100632599 0.37253424165610743 0.19259336100632599 0.3818648766512047 0.1845794090718346 0.3818648766512047
0 0.20887977945384084 0.36769613462161255 0.2145671001815444 0.36769613462161255 0.2145671001815444 0.3784090859122799 0.20887977945384084 0.3784090859122799
0 0.23085351862905923 0.3718430835083224 0.2370578685138268 0.3718430835083224 0.2370578685138268 0.38221045572509726 0.23085351862905923 0.38221045572509726
0 0.12977431842305456 0.4729919123139481 0.13675421204341806 0.4729919123139481 0.13675421204341806 0.4812858100873679 0.12977431842305456 0.4812858100873679
0 0.15226508675533693 0.47195517509227064 0.1595034949542324 0.47195517509227064 0.1595034949542324 0.4792123356440129 0.15226508675533693 0.4792123356440129
0 0.17320476761642742 0.4723007541661631 0.18096020497238688 0.4723007541661631 0.18096020497238688 0.4805946519395829 0.17320476761642742 0.4805946519395829
0 0.19543702137017782 0.4729919123139481 0.20267542956907328 0.4729919123139481 0.20267542956907328 0.48335928453072285 0.19543702137017782 0.48335928453072285
0 0.22206402295897187 0.47575654490508795 0.23085351862905923 0.47575654490508795 0.23085351862905923 0.4837048636046153 0.22206402295897187 0.4837048636046153
0 0.1336520371010343 0.524828773397822 0.13985638698580186 0.524828773397822 0.13985638698580186 0.5341594083929193 0.1336520371010343 0.5341594083929193
0 0.15743537832597657 0.5289757222845319 0.1623471553180842 0.5289757222845319 0.1623471553180842 0.5407254107968766 0.15743537832597657 0.5407254107968766
0 0.17992614665825893 0.5258655106194995 0.18561346738596254 0.5258655106194995 0.18561346738596254 0.5362328828362743 0.17992614665825893 0.5362328828362743
0 0.20086582751934942 0.5265566687672845 0.20758720656118096 0.5265566687672845 0.20758720656118096 0.5365784619101668 0.20086582751934942 0.5365784619101668
0 0.22800985826520745 0.5272478269150694 0.23524826646410293 0.5272478269150694 0.23524826646410293 0.5383063572796292 0.22800985826520745 0.5383063572796292
0 0.13106689131571447 0.6198630187182577 0.137788270357546 0.6198630187182577 0.137788270357546 0.6291936537133549 0.13106689131571447 0.6291936537133549
0 0.15536726169772072 0.6181351233487952 0.16027903868982835 0.6181351233487952 0.16027903868982835 0.6281569164916774 0.15536726169772072 0.6281569164916774
0 0.17320476761642742 0.6198630187182577 0.18070169039385492 0.6198630187182577 0.18070169039385492 0.6298848118611399 0.17320476761642742 0.6298848118611399
0 0.2050020607758611 0.6240099676049675 0.2137915564459485 0.6240099676049675 0.2137915564459485 0.6340317607478496 0.2050020607758611 0.6340317607478496
0 0.2383504414064867 0.6240099676049675 0.2440377621341903 0.6240099676049675 0.2440377621341903 0.6350684979695272 0.2383504414064867 0.6350684979695272
0 0.13520312457222616 0.674118933319379 0.14218301819258966 0.674118933319379 0.14218301819258966 0.6851774636839388 0.13520312457222616 0.6851774636839388
0 0.151489543019741 0.6582222959203243 0.15924498037570048 0.6582222959203243 0.15924498037570048 0.6692808262848842 0.151489543019741 0.6692808262848842
0 0.18251129244357872 0.6710087216543466 0.19000821522100617 0.6710087216543466 0.19000821522100617 0.6782658822060891 0.18251129244357872 0.6782658822060891
0 0.21043086692503268 0.6730821960977015 0.21715224596686422 0.6730821960977015 0.21715224596686422 0.6841407264622613 0.21043086692503268 0.6841407264622613
0 0.23240460610025113 0.6710087216543466 0.23990152887767857 0.6710087216543466 0.23990152887767857 0.680339356649444 0.23240460610025113 0.680339356649444
0 0.13184243505131044 0.7729545484526322 0.138046784936078 0.7729545484526322 0.138046784936078 0.7833219206694069 0.13184243505131044 0.7833219206694069
0 0.1486458826558892 0.7798661299304819 0.15407468880506078 0.7798661299304819 0.15407468880506078 0.7898879230733643 0.1486458826558892 0.7898879230733643
0 0.17061962183110763 0.7777926554871268 0.17553139882321525 0.7777926554871268 0.17553139882321525 0.7885056067777941 0.17061962183110763 0.7885056067777941
0 0.1982806817340296 0.7764103391915569 0.20474354619732912 0.7764103391915569 0.20474354619732912 0.7860865532605467 0.1982806817340296 0.7860865532605467
0 0.220254420909248 0.7788293927088045 0.2259417416369516 0.7788293927088045 0.2259417416369516 0.7902335021472567 0.220254420909248 0.7902335021472567
0 0.13391055167956628 0.8244458304626135 0.14011490156433384 0.8244458304626135 0.14011490156433384 0.8334308863838183 0.13391055167956628 0.8334308863838183
0 0.15459171796212479 0.828247200275431 0.16105458242542428 0.828247200275431 0.16105458242542428 0.8382689934183133 0.15459171796212479 0.8382689934183133
0 0.17449734050908736 0.8323941491621408 0.18147723412945085 0.8323941491621408 0.18147723412945085 0.8399968887877756 0.17449734050908736 0.8399968887877756
0 0.19207633184926207 0.8348132026793884 0.20189988583347734 0.8348132026793884 0.20189988583347734 0.8431071004528081 0.19207633184926207 0.8431071004528081
0 0.20577760451145705 0.8389601515660982 0.21379155644594852 0.8389601515660982 0.21379155644594852 0.8479452074873031 0.20577760451145705 0.8479452074873031
0 0.24584736418391417 0.8379234143444205 0.2533442869613416 0.8379234143444205 0.2533442869613416 0.8469084702656255 0.24584736418391417 0.8469084702656255
