0 0.5169282150268555 0.4571401214599609 0.5253055268526078 0.4571401214599609 0.5253055268526078 0.46741312146186825 0.5169282150268555 0.46741312146186825
0 0.8297222900390625 0.6154798889160156 0.8371178346872329 0.6154798889160156 0.8371178346872329 0.6248882764577866 0.8297222900390625 0.6248882764577866
0 0.7810968780517578 0.6787623596191407 0.7879768174886703 0.6787623596191407 0.7879768174886703 0.6866234028339386 0.7810968780517578 0.6866234028339386
0 0.8353012084960938 0.6781040191650389 0.8431320428848267 0.6781040191650389 0.8431320428848267 0.686903755068779 0.8353012084960938 0.686903755068779
0 0.790758056640625 0.6165979766845703 0.7981287616491318 0.6165979766845703 0.7981287616491318 0.6271640956401824 0.790758056640625 0.6271640956401824
0 0.8144676208496093 0.5194142532348632 0.8225888448953628 0.5194142532348632 0.8225888448953628 0.5305662536621093 0.8144676208496093 0.5305662536621093
0 0.7659382629394531 0.7835272216796875 0.774191375374794 0.7835272216796875 0.774191375374794 0.793025541305542 0.7659382629394531 0.793025541305542
0 0.5545298004150391 0.7287507629394532 0.5625815916061401 0.7287507629394532 0.5625815916061401 0.738490692973137 0.5545298004150391 0.738490692973137
0 0.5474545288085938 0.460376091003418 0.5554734957218171 0.460376091003418 0.5554734957218171 0.4693329209089279 0.5474545288085938 0.4693329209089279
0 0.5793598937988281 0.4673380661010742 0.5873553812503814 0.4673380661010742 0.5873553812503814 0.4774038863182068 0.5793598937988281 0.4774038863182068
0 0.46013702392578126 0.8259218597412109 0.4676840031147004 0.8259218597412109 0.4676840031147004 0.8344723159074784 0.46013702392578126 0.8344723159074784
0 0.47560897827148435 0.5194743728637695 0.4826556706428527 0.5194743728637695 0.4826556706428527 0.5298088026046753 0.47560897827148435 0.5298088026046753
0 0.5805490493774415 0.5208505630493164 0.5882679265737534 0.5208505630493164 0.5882679265737534 0.530515108704567 0.5805490493774415 0.530515108704567
0 0.7944644927978516 0.4548403930664062 0.803500652909279 0.4548403930664062 0.803500652909279 0.4659967029094696 0.7944644927978516 0.4659967029094696
0 0.5376690292358398 0.8245478820800781 0.5444165486097335 0.8245478820800781 0.5444165486097335 0.8339661920070648 0.5376690292358398 0.8339661920070648
0 0.5071220397949219 0.8341923522949218 0.5141196137666703 0.8341923522949218 0.5141196137666703 0.8435297036170959 0.5071220397949219 0.8435297036170959
0 0.5233245849609375 0.5237436294555664 0.5316892993450164 0.5237436294555664 0.5316892993450164 0.5339654767513276 0.5233245849609375 0.5339654767513276
0 0.5177239227294922 0.6788886260986328 0.5257511103153228 0.6788886260986328 0.5257511103153228 0.6898954308032988 0.5177239227294922 0.6898954308032988
0 0.5784395980834961 0.8241555786132813 0.5866660368442536 0.8241555786132813 0.5866660368442536 0.8340563189983369 0.5784395980834961 0.8340563189983369
0 0.5872113037109375 0.6885065460205078 0.5952907145023346 0.6885065460205078 0.5952907145023346 0.6992163181304931 0.5872113037109375 0.6992163181304931
0 0.45374691009521484 0.7824026489257813 0.46095109879970547 0.7824026489257813 0.46095109879970547 0.7914828145503998 0.45374691009521484 0.7914828145503998
0 0.7997367095947265 0.7818450927734375 0.8077607035636901 0.7818450927734375 0.8077607035636901 0.7918671131134034 0.7997367095947265 0.7918671131134034
0 0.9008139801025391 0.4687721633911133 0.9083930444717409 0.4687721633911133 0.9083930444717409 0.47801412701606744 0.9008139801025391 0.47801412701606744
0 0.8462297821044922 0.5206719970703125 0.8544418495893478 0.5206719970703125 0.8544418495893478 0.5310150051116943 0.8462297821044922 0.5310150051116943
0 0.513641471862793 0.6320046234130859 0.5212074655294419 0.6320046234130859 0.5212074655294419 0.6425448489189148 0.513641471862793 0.6425448489189148
0 0.8986648559570313 0.6167979812622071 0.9054160422086717 0.6167979812622071 0.9054160422086717 0.6247977375984193 0.8986648559570313 0.6247977375984193
0 0.7716966247558594 0.8482653808593751 0.7791880989074708 0.8482653808593751 0.7791880989074708 0.8575827294588089 0.7716966247558594 0.8575827294588089
0 0.5416816329956055 0.6285402297973632 0.5492454975843429 0.6285402297973632 0.5492454975843429 0.6386014246940612 0.5416816329956055 0.6386014246940612
0 0.8080452728271484 0.6149169540405274 0.8154977720975876 0.6149169540405274 0.8154977720975876 0.62477887570858 0.8080452728271484 0.62477887570858
0 0.9130434417724609 0.7719166564941405 0.9196820205450057 0.7719166564941405 0.9196820205450057 0.7801050919294357 0.9130434417724609 0.7801050919294357
0 0.5455280303955078 0.7711396789550782 0.5527983701229094 0.7711396789550782 0.5527983701229094 0.7798084104061127 0.5455280303955078 0.7798084104061127
0 0.49980831146240234 0.5169965362548828 0.5071996569633483 0.5169965362548828 0.5071996569633483 0.5273606538772584 0.49980831146240234 0.5273606538772584
0 0.45099365234375 0.45988079071044924 0.4584906268119812 0.45988079071044924 0.4584906268119812 0.46932550668716433 0.45099365234375 0.46932550668716433
0 0.9155855560302735 0.6786846160888673 0.9222090530395508 0.6786846160888673 0.9222090530395508 0.6871243864297868 0.9155855560302735 0.6871243864297868
0 0.5979099655151368 0.6290442657470703 0.6046367257833482 0.6290442657470703 0.6046367257833482 0.6375503689050674 0.5979099655151368 0.6375503689050674
0 0.817947998046875 0.8387618255615235 0.8254158741235733 0.8387618255615235 0.8254158741235733 0.8482821238040925 0.817947998046875 0.8482821238040925
0 0.8095790100097656 0.6812747955322267 0.817366019487381 0.6812747955322267 0.817366019487381 0.6910004156827928 0.8095790100097656 0.6910004156827928
0 0.7687814331054688 0.6788854217529297 0.7750671076774598 0.6788854217529297 0.7750671076774598 0.6876854735612868 0.7687814331054688 0.6876854735612868
0 0.9089656829833984 0.5237854766845703 0.9162512814998626 0.5237854766845703 0.9162512814998626 0.5331866300106048 0.9089656829833984 0.5331866300106048
0 0.4886851119995117 0.4606206130981445 0.4958333814144134 0.4606206130981445 0.4958333814144134 0.4700427573919296 0.4886851119995117 0.4700427573919296
0 0.7760624694824219 0.514588623046875 0.7846215856075287 0.514588623046875 0.7846215856075287 0.5248137903213501 0.7760624694824219 0.5248137903213501
0 0.4892039108276367 0.7793266296386718 0.4967792785167694 0.7793266296386718 0.4967792785167694 0.7879824739694595 0.4892039108276367 0.7879824739694595
0 0.9171294403076172 0.8223269653320312 0.9245214956998826 0.8223269653320312 0.9245214956998826 0.8313423007726668 0.9171294403076172 0.8313423007726668
0 0.8490808868408203 0.6099469757080078 0.8551914405822754 0.6099469757080078 0.8551914405822754 0.6185412710905075 0.8490808868408203 0.6185412710905075
0 0.5481356811523438 0.5148529052734375 0.5562799710035324 0.5148529052734375 0.5562799710035324 0.5253335189819336 0.5481356811523438 0.5253335189819336
0 0.850753173828125 0.777679443359375 0.8573617672920227 0.777679443359375 0.8573617672920227 0.7860237872600555 0.850753173828125 0.7860237872600555
0 0.8908519744873047 0.6572956848144531 0.8978613770008087 0.6572956848144531 0.8978613770008087 0.665709839463234 0.8908519744873047 0.665709839463234
0 0.48114742279052736 0.6296287536621094 0.48937619805336 0.6296287536621094 0.48937619805336 0.6387555652856827 0.48114742279052736 0.6387555652856827
0 0.4440517044067383 0.6186298370361328 0.45176679670810704 0.6186298370361328 0.45176679670810704 0.6278380811214447 0.4440517044067383 0.6278380811214447
0 0.6036623764038086 0.5166588592529296 0.6111179506778717 0.5166588592529296 0.6111179506778717 0.5268378150463104 0.6036623764038086 0.5268378150463104
0 0.8343206024169922 0.47187675476074215 0.8422096329927445 0.47187675476074215 0.8422096329927445 0.48122252583503716 0.8343206024169922 0.48122252583503716
0 0.4368866729736328 0.8283175659179688 0.44557942152023317 0.8283175659179688 0.44557942152023317 0.837642030119896 0.4368866729736328 0.837642030119896
0 0.8836088562011719 0.5147009658813476 0.8908257901668549 0.5147009658813476 0.8908257901668549 0.5237604171037674 0.8836088562011719 0.5237604171037674
0 0.8787496185302734 0.7765419769287109 0.8843559813499452 0.7765419769287109 0.8843559813499452 0.7839232778549193 0.8787496185302734 0.7839232778549193
0 0.4480242156982422 0.5187740707397461 0.4555018502473831 0.5187740707397461 0.4555018502473831 0.5273873406648637 0.4480242156982422 0.5273873406648637
0 0.48296958923339844 0.8299915313720703 0.4904536706209183 0.8299915313720703 0.4904536706209183 0.8397907572984695 0.48296958923339844 0.8397907572984695
0 0.5528648376464844 0.8282402801513672 0.5603774255514146 0.8282402801513672 0.5603774255514146 0.8392389416694641 0.5528648376464844 0.8392389416694641
0 0.6156221320243769 0.4629610282116942 0.6236824805009297 0.4629610282116942 0.6236824805009297 0.4717156942707482 0.6156221320243769 0.4717156942707482
0 0.8730495114942896 0.4582469772568188 0.885140034209119 0.4582469772568188 0.885140034209119 0.46902195086796233 0.8730495114942896 0.46902195086796233
0 0.4750698054644832 0.6616246041671513 0.4851452410601745 0.6616246041671513 0.4851452410601745 0.6723995777782948 0.4750698054644832 0.6723995777782948
0 0.4770848925836215 0.6798073721359559 0.4851452410601745 0.6798073721359559 0.4851452410601745 0.6939495250005816 0.4770848925836215 0.6939495250005816
0 0.8549137274220452 0.8219023366329101 0.8639816194581672 0.8219023366329101 0.8639816194581672 0.837391361198929 0.8549137274220452 0.837391361198929
0 0.7622197199416852 0.6286262474830248 0.7692725248586691 0.6286262474830248 0.7692725248586691 0.6387277852434716 0.7622197199416852 0.6387277852434716
0 0.8604552169996754 0.6649917834206337 0.8695231090357977 0.6649917834206337 0.8695231090357977 0.6791339362852595 0.8604552169996754 0.6791339362852595
0 0.8745608268336431 0.6872151664936171 0.8836287188697654 0.6872151664936171 0.8836287188697654 0.7033776269103325 0.8745608268336431 0.7033776269103325
0 0.8735532832740741 0.6165044021704883 0.8826211753101963 0.6165044021704883 0.8826211753101963 0.6279528116323282 0.8735532832740741 0.6279528116323282
0 0.9193965152344694 0.6070763002607379 0.9299757226099453 0.6070763002607379 0.9299757226099453 0.6178512738718814 0.9193965152344694 0.6178512738718814
