0 0.4863853454589844 0.33198085784912107 0.4927392119169235 0.33198085784912107 0.4927392119169235 0.3417267173528671 0.4863853454589844 0.3417267173528671
0 0.1586497688293457 0.32325740814208986 0.16506543934345247 0.32325740814208986 0.16506543934345247 0.3320186805725098 0.1586497688293457 0.3320186805725098
0 0.8365673828125 0.6977024841308593 0.8444180297851562 0.6977024841308593 0.8444180297851562 0.7069907385110855 0.8365673828125 0.7069907385110855
0 0.5163461303710938 0.4812738418579102 0.5241822284460068 0.4812738418579102 0.5241822284460068 0.49062858641147616 0.5163461303710938 0.49062858641147616
0 0.4906663513183594 0.6996509552001953 0.49825727343559273 0.6996509552001953 0.49825727343559273 0.7081682848930358 0.4906663513183594 0.7081682848930358
0 0.4922513961791992 0.48072200775146484 0.49996557176113127 0.48072200775146484 0.49996557176113127 0.4892038786411285 0.4922513961791992 0.4892038786411285
0 0.21162269592285157 0.6971241760253907 0.21780244648456576 0.6971241760253907 0.21780244648456576 0.7054219532012941 0.21162269592285157 0.7054219532012941
0 0.8753480529785156 0.54271728515625 0.8815580254793166 0.54271728515625 0.8815580254793166 0.5502746552228927 0.8753480529785156 0.5502746552228927
0 0.5077154541015625 0.6448001098632813 0.5148753154277801 0.6448001098632813 0.5148753154277801 0.653447653055191 0.5077154541015625 0.653447653055191
0 0.49143177032470703 0.3747649383544922 0.4975093221664429 0.3747649383544922 0.4975093221664429 0.3833068162202835 0.49143177032470703 0.3833068162202835
0 0.4680946350097656 0.5332208251953126 0.4741845774650573 0.5332208251953126 0.4741845774650573 0.5423023742437363 0.4680946350097656 0.5423023742437363
0 0.8760394287109375 0.48935619354248044 0.8823064142465592 0.48935619354248044 0.8823064142465592 0.49729139626026153 0.8760394287109375 0.49729139626026153
0 0.8386280059814453 0.5407981109619141 0.8448661893606186 0.5407981109619141 0.8448661893606186 0.5490818148851394 0.8386280059814453 0.5490818148851394
0 0.5327178955078125 0.6897148895263672 0.540300567150116 0.6897148895263672 0.540300567150116 0.6998786664009095 0.5327178955078125 0.6998786664009095
0 0.19531551361083985 0.32437725067138673 0.2011913299560547 0.32437725067138673 0.2011913299560547 0.33228159964084625 0.19531551361083985 0.33228159964084625
0 0.44731475830078127 0.3314107131958008 0.4545135653018952 0.3314107131958008 0.4545135653018952 0.34041329979896545 0.44731475830078127 0.34041329979896545
0 0.20408178329467774 0.6454596710205078 0.2100245934724808 0.6454596710205078 0.2100245934724808 0.6541939443349838 0.20408178329467774 0.6541939443349838
0 0.13932891845703124 0.3248558044433594 0.14673533082008364 0.3248558044433594 0.14673533082008364 0.33349085569381715 0.13932891845703124 0.33349085569381715
0 0.8610193634033203 0.689527130126953 0.8677261924743652 0.689527130126953 0.8677261924743652 0.6985559850931167 0.8610193634033203 0.6985559850931167
0 0.8196242523193359 0.6331519699096679 0.826034481525421 0.6331519699096679 0.826034481525421 0.6424106550216674 0.8196242523193359 0.6424106550216674
0 0.7951325225830078 0.6896607971191406 0.8017941665649413 0.6896607971191406 0.8017941665649413 0.6977520662546158 0.7951325225830078 0.6977520662546158
0 0.14124759674072265 0.3773595809936524 0.14779880702495574 0.3773595809936524 0.14779880702495574 0.3849991744756699 0.14124759674072265 0.3849991744756699
0 0.2194601821899414 0.5390305709838867 0.22710019290447234 0.5390305709838867 0.22710019290447234 0.5481428748369217 0.2194601821899414 0.5481428748369217
0 0.7988114929199219 0.6332540130615234 0.8063270378112793 0.6332540130615234 0.8063270378112793 0.6421330076456069 0.7988114929199219 0.6421330076456069
0 0.4529393005371094 0.48196319580078123 0.45996694862842563 0.48196319580078123 0.45996694862842563 0.49142297327518464 0.4529393005371094 0.49142297327518464
0 0.799161605834961 0.4926892852783203 0.8054760831594469 0.4926892852783203 0.8054760831594469 0.5011358946561812 0.799161605834961 0.5011358946561812
0 0.8620065307617187 0.4879970169067383 0.8683681446313858 0.4879970169067383 0.8683681446313858 0.49648631930351256 0.8620065307617187 0.49648631930351256
0 0.20914566040039062 0.48060707092285154 0.2161615389585495 0.48060707092285154 0.2161615389585495 0.48931323766708373 0.20914566040039062 0.48931323766708373
0 0.7958454895019531 0.3829950714111328 0.8022862362861634 0.3829950714111328 0.8022862362861634 0.391434012055397 0.7958454895019531 0.391434012055397
0 0.5533578491210938 0.6990686798095703 0.5597440069913865 0.6990686798095703 0.5597440069913865 0.7077200180292129 0.5533578491210938 0.7077200180292129
0 0.13990334510803223 0.47213264465332033 0.1468556898832321 0.47213264465332033 0.1468556898832321 0.4810467028617859 0.13990334510803223 0.4810467028617859
0 0.19414909362792968 0.6970934295654296 0.19997296810150145 0.6970934295654296 0.19997296810150145 0.7054067814350127 0.19414909362792968 0.7054067814350127
0 0.8618965911865234 0.38545150756835944 0.8674710172414779 0.38545150756835944 0.8674710172414779 0.39229242563247685 0.8618965911865234 0.39229242563247685
0 0.522800064086914 0.3262942886352539 0.5301912915706635 0.3262942886352539 0.5301912915706635 0.3341747218370437 0.522800064086914 0.3341747218370437
0 0.47654769897460936 0.48770740509033206 0.48386275053024286 0.48770740509033206 0.48386275053024286 0.49637250006198885 0.47654769897460936 0.49637250006198885
0 0.8548642730712891 0.5432425308227539 0.8617390674352646 0.5432425308227539 0.8617390674352646 0.5518162703514099 0.8548642730712891 0.5518162703514099
0 0.22841829299926758 0.649319839477539 0.235163032412529 0.649319839477539 0.235163032412529 0.6577866488695144 0.22841829299926758 0.6577866488695144
0 0.17480066299438476 0.4822028732299805 0.18132528841495515 0.4822028732299805 0.18132528841495515 0.4899925243854523 0.17480066299438476 0.4899925243854523
0 0.5454455947875977 0.4726701736450195 0.5530651718378068 0.4726701736450195 0.5530651718378068 0.4819922661781311 0.5454455947875977 0.4819922661781311
0 0.15947409629821777 0.6356291580200195 0.1665811288356781 0.6356291580200195 0.1665811288356781 0.6446602660417556 0.15947409629821777 0.6446602660417556
0 0.5349958419799805 0.5267468643188477 0.5420619624853134 0.5267468643188477 0.5420619624853134 0.5355703973770142 0.5349958419799805 0.5355703973770142
0 0.797442398071289 0.3287604522705078 0.8051456028223036 0.3287604522705078 0.8051456028223036 0.3390476822853088 0.797442398071289 0.3390476822853088
0 0.5111174392700195 0.6982921600341798 0.5185210865736007 0.6982921600341798 0.5185210865736007 0.707654415369034 0.5111174392700195 0.707654415369034
0 0.4664059829711914 0.3737986755371094 0.4733167654275894 0.3737986755371094 0.4733167654275894 0.3831085133552552 0.4664059829711914 0.3831085133552552
0 0.19202278137207032 0.4833537673950195 0.19855295181274416 0.4833537673950195 0.19855295181274416 0.49247377932071684 0.19202278137207032 0.49247377932071684
0 0.1466096019744873 0.543780860900879 0.1533859235048294 0.543780860900879 0.1533859235048294 0.5520479619503023 0.1466096019744873 0.5520479619503023
0 0.22975502014160157 0.6970199584960939 0.23726932346820834 0.6970199584960939 0.23726932346820834 0.7062875777482988 0.22975502014160157 0.7062875777482988
0 0.7804850006103515 0.6335870742797851 0.7867104685306548 0.6335870742797851 0.7867104685306548 0.6416174268722534 0.7804850006103515 0.6416174268722534
0 0.8818760681152343 0.33690093994140624 0.8884800481796263 0.33690093994140624 0.8884800481796263 0.344833613038063 0.8818760681152343 0.344833613038063
0 0.8816628265380859 0.38583351135253907 0.8874833446741104 0.38583351135253907 0.8874833446741104 0.3931532633304596 0.8816628265380859 0.3931532633304596
0 0.17823505401611328 0.3808893203735352 0.1847758847475052 0.3808893203735352 0.1847758847475052 0.38988465309143067 0.17823505401611328 0.38988465309143067
0 0.81863525390625 0.3818283843994141 0.8244359004497528 0.3818283843994141 0.8244359004497528 0.3894284474849701 0.81863525390625 0.3894284474849701
0 0.44720638275146485 0.38940853118896485 0.4534880948066711 0.38940853118896485 0.4534880948066711 0.3982668906450272 0.44720638275146485 0.3982668906450272
0 0.1605874252319336 0.48337623596191404 0.1667225968837738 0.48337623596191404 0.1667225968837738 0.4919349932670593 0.1605874252319336 0.4919349932670593
0 0.5482651901245117 0.6400470733642578 0.5562680703401566 0.6400470733642578 0.5562680703401566 0.6488683134317398 0.5482651901245117 0.6488683134317398
0 0.774365234375 0.6848103332519532 0.7813105857372284 0.6848103332519532 0.7813105857372284 0.693959677219391 0.774365234375 0.693959677219391
0 0.8617842864990234 0.6296515655517578 0.8684238708019256 0.6296515655517578 0.8684238708019256 0.6387444990873337 0.8617842864990234 0.6387444990873337
0 0.16595699310302733 0.5355564880371094 0.17267581343650815 0.5355564880371094 0.17267581343650815 0.5433505666255951 0.16595699310302733 0.5433505666255951
0 0.8643201446533203 0.33400466918945315 0.8715487891435623 0.33400466918945315 0.8715487891435623 0.34394889295101166 0.8643201446533203 0.34394889295101166
0 0.8109798431396484 0.6923058319091796 0.8175873720645904 0.6923058319091796 0.8175873720645904 0.7009611231088638 0.8109798431396484 0.7009611231088638
0 0.17192522048950196 0.6961682128906249 0.1776645803451538 0.6961682128906249 0.1776645803451538 0.7043228894472122 0.17192522048950196 0.7043228894472122
0 0.19371410369873046 0.37651107788085936 0.1998239916563034 0.37651107788085936 0.1998239916563034 0.3845369637012481 0.19371410369873046 0.3845369637012481
0 0.4485125732421875 0.5305002212524415 0.4556884920597077 0.5305002212524415 0.4556884920597077 0.5390239548683167 0.4485125732421875 0.5390239548683167
0 0.2141466522216797 0.31864692687988283 0.2219127106666565 0.31864692687988283 0.2219127106666565 0.329040949344635 0.2141466522216797 0.329040949344635
0 0.8019994354248047 0.5493585968017578 0.8086883443593978 0.5493585968017578 0.8086883443593978 0.5579793775081634 0.8019994354248047 0.5579793775081634
0 0.46590267181396483 0.6893755340576172 0.47306315422058104 0.6893755340576172 0.47306315422058104 0.6991046327352525 0.46590267181396483 0.6991046327352525
0 0.5032944869995117 0.5404157257080078 0.510882363319397 0.5404157257080078 0.510882363319397 0.5502550750970839 0.5032944869995117 0.5502550750970839
0 0.4696222686767578 0.6421665954589844 0.4782297635078431 0.6421665954589844 0.4782297635078431 0.6520176857709885 0.4696222686767578 0.6520176857709885
0 0.5280841445922851 0.6445372009277344 0.5355109167098999 0.6445372009277344 0.5355109167098999 0.6556512522697449 0.5280841445922851 0.6556512522697449
0 0.15501967430114746 0.6926078033447266 0.16259938895702364 0.6926078033447266 0.16259938895702364 0.7022738111019134 0.15501967430114746 0.7022738111019134
0 0.4918161392211914 0.6418346405029297 0.49864137172698975 0.6418346405029297 0.49864137172698975 0.6518741726875306 0.4918161392211914 0.6518741726875306
0 0.8392981719970704 0.33679431915283203 0.8471054083108902 0.33679431915283203 0.8471054083108902 0.34633236706256865 0.8392981719970704 0.34633236706256865
0 0.820875015258789 0.49563213348388674 0.8279987406730651 0.49563213348388674 0.8279987406730651 0.505659648180008 0.820875015258789 0.505659648180008
0 0.8394186401367187 0.49260292053222654 0.8471476900577545 0.49260292053222654 0.8471476900577545 0.5015165835618972 0.8394186401367187 0.5015165835618972
0 0.8394047546386719 0.6342226791381836 0.8470421332120897 0.6342226791381836 0.8470421332120897 0.6438364672660828 0.8394047546386719 0.6438364672660828
0 0.5085148620605469 0.36888885498046875 0.5151283645629884 0.36888885498046875 0.5151283645629884 0.379101767539978 0.5085148620605469 0.379101767539978
0 0.8173679351806641 0.33453453063964844 0.8235992580652237 0.33453453063964844 0.8235992580652237 0.34415982246398924 0.8173679351806641 0.34415982246398924
0 0.18277450561523437 0.6398329162597656 0.19085978627204894 0.6398329162597656 0.19085978627204894 0.6501361966133117 0.18277450561523437 0.6501361966133117
0 0.8179666137695313 0.5424155426025391 0.8246487212181092 0.5424155426025391 0.8246487212181092 0.5503802353143692 0.8179666137695313 0.5503802353143692
0 0.46785526275634765 0.32939743041992187 0.47465805053710936 0.32939743041992187 0.47465805053710936 0.33841841876506806 0.46785526275634765 0.33841841876506806
0 0.21573125839233398 0.37078567504882814 0.22332840561866762 0.37078567504882814 0.22332840561866762 0.38075476348400117 0.21573125839233398 0.38075476348400117
0 0.1752292823791504 0.3287051010131836 0.18275782406330107 0.3287051010131836 0.18275782406330107 0.3394328200817109 0.1752292823791504 0.3394328200817109
0 0.5023775100708008 0.33014610290527346 0.5093774497509003 0.33014610290527346 0.5093774497509003 0.3385762083530426 0.5023775100708008 0.3385762083530426
0 0.15415416461407688 0.37810811102393965 0.16019942597149164 0.37810811102393965 0.16019942597149164 0.38820964878438674 0.15415416461407688 0.38820964878438674
0 0.1838766996213662 0.5377124076390019 0.1914332763181347 0.5377124076390019 0.1914332763181347 0.545120201996663 0.1838766996213662 0.545120201996663
0 0.1994936247946877 0.5377124076390019 0.20705020149145623 0.5377124076390019 0.20705020149145623 0.545120201996663 0.1994936247946877 0.545120201996663
0 0.21460677818822468 0.6474824513025257 0.22266712666477773 0.6474824513025257 0.22266712666477773 0.6582574249136691 0.21460677818822468 0.6582574249136691
0 0.4881548546112434 0.5323249208334302 0.4942001159686582 0.5323249208334302 0.4942001159686582 0.5464670736980559 0.4881548546112434 0.5464670736980559
0 0.5269452816546549 0.3639659581593138 0.5365169454705616 0.3639659581593138 0.5365169454705616 0.3787815468746361 0.5269452816546549 0.3787815468746361
0 0.8392968022487236 0.3888830846350831 0.8488684660646304 0.3888830846350831 0.8488684660646304 0.39898462239553006 0.8392968022487236 0.39898462239553006
