0 0.19685009002685547 0.2160308837890625 0.2047013431787491 0.2160308837890625 0.2047013431787491 0.22534127533435822 0.19685009002685547 0.22534127533435822
0 0.7885910797119141 0.3130654525756836 0.7966146004199982 0.3130654525756836 0.7966146004199982 0.3218853288888931 0.7885910797119141 0.3218853288888931
0 0.8190911102294922 0.31333293914794924 0.8269664198160172 0.31333293914794924 0.8269664198160172 0.32261901915073393 0.8190911102294922 0.32261901915073393
0 0.8291300964355469 0.530746955871582 0.83694661796093 0.530746955871582 0.83694661796093 0.540413082242012 0.8291300964355469 0.540413082242012
0 0.2516118431091309 0.5227712249755859 0.25989257514476777 0.5227712249755859 0.25989257514476777 0.5334520220756531 0.2516118431091309 0.5334520220756531
0 0.21056859970092773 0.8231128692626954 0.21657552063465116 0.8231128692626954 0.21657552063465116 0.8316238737106325 0.21056859970092773 0.8316238737106325
0 0.8129392242431641 0.6797032165527344 0.8212490540742875 0.6797032165527344 0.8212490540742875 0.6891738647222518 0.8129392242431641 0.6891738647222518
0 0.7647438049316406 0.31429525375366213 0.7724077385663987 0.31429525375366213 0.7724077385663987 0.3239065712690354 0.7647438049316406 0.3239065712690354
0 0.2740576171875 0.5125020599365234 0.2819000136852265 0.5125020599365234 0.2819000136852265 0.5234046626091003 0.2740576171875 0.5234046626091003
0 0.484434928894043 0.14671631813049316 0.49161741256713876 0.14671631813049316 0.49161741256713876 0.15565651535987854 0.484434928894043 0.15565651535987854
0 0.5248833084106446 0.8324701690673828 0.532389863729477 0.8324701690673828 0.532389863729477 0.8422636234760283 0.5248833084106446 0.8422636234760283
0 0.798974380493164 0.7827030181884764 0.8068119567632674 0.7827030181884764 0.8068119567632674 0.7922039467096328 0.798974380493164 0.7922039467096328
0 0.5797538375854492 0.20834407806396488 0.5880146384239197 0.20834407806396488 0.5880146384239197 0.2185129141807556 0.5797538375854492 0.2185129141807556
0 0.5259830093383789 0.6350057220458984 0.534577374458313 0.6350057220458984 0.534577374458313 0.6455511260032654 0.5259830093383789 0.6455511260032654
0 0.5930416488647461 0.5219315719604493 0.6014622527360916 0.5219315719604493 0.6014622527360916 0.5312060302495957 0.5930416488647461 0.5312060302495957
0 0.25556306838989257 0.31146385192871096 0.2632168000936508 0.31146385192871096 0.2632168000936508 0.3211039477586747 0.25556306838989257 0.3211039477586747
0 0.5541950988769532 0.8317127227783203 0.5619176429510118 0.8317127227783203 0.5619176429510118 0.8423406672477722 0.5541950988769532 0.8423406672477722
0 0.18712514877319336 0.8213788604736328 0.1937809228897095 0.8213788604736328 0.1937809228897095 0.830013358592987 0.18712514877319336 0.830013358592987
0 0.561405029296875 0.6842754364013672 0.5695849227905273 0.6842754364013672 0.5695849227905273 0.6950451374053956 0.561405029296875 0.6950451374053956
0 0.5523816299438477 0.20704696655273438 0.5596658092737198 0.20704696655273438 0.5596658092737198 0.21705349087715148 0.5523816299438477 0.21705349087715148
0 0.526195068359375 0.7828807830810547 0.5339817231893539 0.7828807830810547 0.5339817231893539 0.791873032450676 0.526195068359375 0.791873032450676
0 0.27965435028076174 0.36631725311279295 0.2876821291446686 0.36631725311279295 0.2876821291446686 0.3753011220693588 0.27965435028076174 0.3753011220693588
0 0.7947897338867187 0.5331139755249024 0.8023516464233397 0.5331139755249024 0.8023516464233397 0.5435020089149475 0.7947897338867187 0.5435020089149475
0 0.7724620056152344 0.21501947402954102 0.7802343475818634 0.21501947402954102 0.7802343475818634 0.22440163314342498 0.7724620056152344 0.22440163314342498
0 0.17014009475708008 0.21654253005981444 0.17679376959800722 0.21654253005981444 0.17679376959800722 0.22543802857398987 0.17014009475708008 0.22543802857398987
0 0.8101515197753906 0.6255503845214844 0.8173620074987411 0.6255503845214844 0.8173620074987411 0.6353841209411621 0.8101515197753906 0.6353841209411621
0 0.5678571319580078 0.37566001892089845 0.575974571108818 0.37566001892089845 0.575974571108818 0.38511358976364135 0.5678571319580078 0.38511358976364135
0 0.47776611328125 0.5183868408203125 0.48622483491897583 0.5183868408203125 0.48622483491897583 0.5282086783647537 0.47776611328125 0.5282086783647537
0 0.2479791259765625 0.7737409973144531 0.2554047298431396 0.7737409973144531 0.2554047298431396 0.7834465360641479 0.2479791259765625 0.7834465360641479
0 0.4704416656494141 0.3770582580566406 0.4783528453111649 0.3770582580566406 0.4783528453111649 0.3872593915462494 0.4704416656494141 0.3872593915462494
0 0.584024658203125 0.7825003814697266 0.5921310377120972 0.7825003814697266 0.5921310377120972 0.7916468793153763 0.584024658203125 0.7916468793153763
0 0.2084648895263672 0.36546634674072265 0.2164526879787445 0.36546634674072265 0.2164526879787445 0.3751486015319824 0.2084648895263672 0.3751486015319824
0 0.18707574844360353 0.6580612945556641 0.1934161299467087 0.6580612945556641 0.1934161299467087 0.6662551063299179 0.18707574844360353 0.6662551063299179
0 0.4897414016723633 0.6885240936279297 0.49806374013423915 0.6885240936279297 0.49806374013423915 0.6983382618427276 0.4897414016723633 0.6983382618427276
0 0.6002256011962891 0.6856248474121094 0.6076408994197846 0.6856248474121094 0.6076408994197846 0.6944698059558868 0.6002256011962891 0.6944698059558868
0 0.496775131225586 0.7794857788085937 0.5052714377641678 0.7794857788085937 0.5052714377641678 0.7894481080770492 0.496775131225586 0.7894481080770492
0 0.8263108825683594 0.4725851058959961 0.8340809774398804 0.4725851058959961 0.8340809774398804 0.4820263826847076 0.8263108825683594 0.4820263826847076
0 0.459852294921875 0.7918090057373047 0.466998405456543 0.7918090057373047 0.466998405456543 0.8008372282981873 0.459852294921875 0.8008372282981873
0 0.5624691009521484 0.14712044715881348 0.5704749381542206 0.14712044715881348 0.5704749381542206 0.15691125333309172 0.5624691009521484 0.15691125333309172
0 0.7725676727294922 0.5143906021118164 0.7804657518863678 0.5143906021118164 0.7804657518863678 0.5237679183483124 0.7725676727294922 0.5237679183483124
0 0.7985368347167969 0.47277591705322264 0.8070886760950089 0.47277591705322264 0.8070886760950089 0.48212896168231967 0.7985368347167969 0.48212896168231967
0 0.16466176986694336 0.8204444885253908 0.17169482946395873 0.8204444885253908 0.17169482946395873 0.8298710995912552 0.16466176986694336 0.8298710995912552
0 0.2743871879577637 0.45883213043212895 0.2825839078426361 0.45883213043212895 0.2825839078426361 0.4694788122177124 0.2743871879577637 0.4694788122177124
0 0.5730497360229492 0.4593206024169922 0.5809686928987503 0.4593206024169922 0.5809686928987503 0.46926083385944367 0.5730497360229492 0.46926083385944367
0 0.4969290161132812 0.8331705474853516 0.5048299932479858 0.8331705474853516 0.5048299932479858 0.8425293242931366 0.4969290161132812 0.8425293242931366
0 0.551906967163086 0.7847660064697266 0.5599149334430695 0.7847660064697266 0.5599149334430695 0.7941021716594696 0.551906967163086 0.7941021716594696
0 0.20880027770996093 0.46856712341308593 0.2162170547246933 0.46856712341308593 0.2162170547246933 0.47899310588836663 0.20880027770996093 0.47899310588836663
0 0.583608283996582 0.31863706588745117 0.5911990582942963 0.31863706588745117 0.5911990582942963 0.32931790232658387 0.583608283996582 0.32931790232658387
0 0.7978526306152344 0.8269414520263672 0.8055707389116288 0.8269414520263672 0.8055707389116288 0.8367312699556351 0.7978526306152344 0.8367312699556351
0 0.7708895111083984 0.7803291320800783 0.7781314623355865 0.7803291320800783 0.7781314623355865 0.7893786215782167 0.7708895111083984 0.7893786215782167
0 0.8672063446044922 0.22679950714111327 0.8752653509378434 0.22679950714111327 0.8752653509378434 0.23636453449726103 0.8672063446044922 0.23636453449726103
0 0.22313961029052734 0.2125680351257324 0.2302195703983307 0.2125680351257324 0.2302195703983307 0.22170551955699921 0.22313961029052734 0.22170551955699921
0 0.17994678497314454 0.31453792572021483 0.18783275485038758 0.31453792572021483 0.18783275485038758 0.3235825729370117 0.17994678497314454 0.3235825729370117
0 0.20778318405151366 0.5179092788696289 0.215505388379097 0.5179092788696289 0.215505388379097 0.528747091293335 0.20778318405151366 0.528747091293335
0 0.4434857940673828 0.4586806869506836 0.4506314319372177 0.4586806869506836 0.4506314319372177 0.46781449556350707 0.4434857940673828 0.46781449556350707
0 0.5497301483154297 0.3180570411682129 0.5567263031005859 0.3180570411682129 0.5567263031005859 0.3276736360788345 0.5497301483154297 0.3276736360788345
0 0.7655564880371094 0.8279071044921875 0.773709471821785 0.8279071044921875 0.773709471821785 0.8365825563669205 0.7655564880371094 0.8365825563669205
0 0.5045085144042969 0.4661796569824218 0.5121734535694121 0.4661796569824218 0.5121734535694121 0.47530623137950895 0.5045085144042969 0.47530623137950895
0 0.47450603485107423 0.4585034942626953 0.4814716720581055 0.4585034942626953 0.4814716720581055 0.46732018887996674 0.47450603485107423 0.46732018887996674
0 0.5362117767333985 0.4625869369506836 0.5435027575492859 0.4625869369506836 0.5435027575492859 0.47154404401779176 0.5362117767333985 0.47154404401779176
0 0.5613741683959961 0.6321958541870117 0.5699432206153869 0.6321958541870117 0.5699432206153869 0.6417992061376572 0.5613741683959961 0.6417992061376572
0 0.838971939086914 0.371170768737793 0.8463623976707458 0.371170768737793 0.8463623976707458 0.3818857192993165 0.838971939086914 0.3818857192993165
0 0.5210429763793946 0.21224056243896483 0.5282748144865036 0.21224056243896483 0.5282748144865036 0.221919931769371 0.5210429763793946 0.221919931769371
0 0.8145697021484375 0.814053955078125 0.8216839057207107 0.814053955078125 0.8216839057207107 0.8224143481254577 0.8145697021484375 0.8224143481254577
0 0.7703997802734375 0.6787503051757812 0.778033965229988 0.6787503051757812 0.778033965229988 0.6895857059955597 0.7703997802734375 0.6895857059955597
0 0.19820991516113282 0.1512162971496582 0.20706400513648987 0.1512162971496582 0.20706400513648987 0.16239036560058592 0.19820991516113282 0.16239036560058592
0 0.44526119232177735 0.2118352890014648 0.453338207602501 0.2118352890014648 0.453338207602501 0.22101698875427245 0.44526119232177735 0.22101698875427245
0 0.25771255493164064 0.21143390655517577 0.2648307800292969 0.21143390655517577 0.2648307800292969 0.22126208841800687 0.25771255493164064 0.22126208841800687
0 0.8510284423828125 0.30926061630249024 0.8590593558549882 0.30926061630249024 0.8590593558549882 0.31837944269180296 0.8510284423828125 0.31837944269180296
0 0.8149185943603515 0.16975866317749022 0.8227237015962601 0.16975866317749022 0.8227237015962601 0.1792534250020981 0.8149185943603515 0.1792534250020981
0 0.4942056655883789 0.3152779579162598 0.5017463755607605 0.3152779579162598 0.5017463755607605 0.3249289643764496 0.4942056655883789 0.3249289643764496
0 0.5525349426269531 0.5273588943481445 0.5603595668077469 0.5273588943481445 0.5603595668077469 0.5375476539134979 0.5525349426269531 0.5375476539134979
0 0.2608096694946289 0.15100006103515626 0.26932049572467803 0.15100006103515626 0.26932049572467803 0.16181434273719789 0.2608096694946289 0.16181434273719789
0 0.5360315704345703 0.14876118659973145 0.542870346903801 0.14876118659973145 0.542870346903801 0.1575755685567856 0.5360315704345703 0.1575755685567856
0 0.51583740234375 0.5243017196655273 0.5239696270227432 0.5243017196655273 0.5239696270227432 0.5337275403738021 0.51583740234375 0.5337275403738021
0 0.44116188049316407 0.38238723754882814 0.44752621471881865 0.38238723754882814 0.44752621471881865 0.3904674780368805 0.44116188049316407 0.3904674780368805
0 0.18259912490844726 0.7686747741699219 0.18912910282611844 0.7686747741699219 0.18912910282611844 0.7783748573064804 0.18259912490844726 0.7783748573064804
0 0.8383759307861328 0.22223045349121093 0.8464181405305862 0.22223045349121093 0.8464181405305862 0.2317743319272995 0.8383759307861328 0.2317743319272995
0 0.8460222625732422 0.16937318801879883 0.8533903652429581 0.16937318801879883 0.8533903652429581 0.1790269809961319 0.8460222625732422 0.1790269809961319
0 0.5217181777954102 0.3161269950866699 0.5296680068969727 0.3161269950866699 0.5296680068969727 0.3267956161499023 0.5217181777954102 0.3267956161499023
0 0.7964604949951172 0.17015249252319334 0.8042155081033706 0.17015249252319334 0.8042155081033706 0.17973242282867433 0.7964604949951172 0.17973242282867433
0 0.5210451889038086 0.6868292236328125 0.5279793620109559 0.6868292236328125 0.5279793620109559 0.6967549473047256 0.5210451889038086 0.6967549473047256
0 0.8893589019775391 0.18018516540527343 0.8966157573461533 0.18018516540527343 0.8966157573461533 0.18864816009998323 0.8893589019775391 0.18864816009998323
0 0.595141372680664 0.6321060943603516 0.6024937433004378 0.6321060943603516 0.6024937433004378 0.6405300527811051 0.595141372680664 0.6405300527811051
0 0.20753257751464843 0.7737125396728517 0.21390825271606445 0.7737125396728517 0.21390825271606445 0.7829673510789872 0.20753257751464843 0.7829673510789872
0 0.7589244079589844 0.35835121154785154 0.7666274350881578 0.35835121154785154 0.7666274350881578 0.3686077666282654 0.7589244079589844 0.3686077666282654
0 0.16268428802490234 0.3632934951782227 0.1692654538154602 0.3632934951782227 0.1692654538154602 0.37237334430217744 0.16268428802490234 0.37237334430217744
0 0.4905519866943359 0.6317021942138672 0.4979347270727157 0.6317021942138672 0.4979347270727157 0.6406404054164887 0.4905519866943359 0.6406404054164887
0 0.5103268814086914 0.14890656471252442 0.5182857590913772 0.14890656471252442 0.5182857590913772 0.1591368019580841 0.5103268814086914 0.1591368019580841
0 0.1576068878173828 0.5122846603393555 0.16494833171367643 0.5122846603393555 0.16494833171367643 0.520348140001297 0.1576068878173828 0.520348140001297
0 0.46640609741210937 0.14530670166015625 0.47330307006835937 0.14530670166015625 0.47330307006835937 0.15538717746734618 0.46640609741210937 0.15538717746734618
0 0.4694161224365234 0.2119875144958496 0.47628875792026515 0.2119875144958496 0.47628875792026515 0.22145258903503418 0.4694161224365234 0.22145258903503418
0 0.4573236083984375 0.31475656509399413 0.464054508805275 0.31475656509399413 0.464054508805275 0.32364662826061247 0.4573236083984375 0.32364662826061247
0 0.23289579391479492 0.8178382873535155 0.24095165073871613 0.8178382873535155 0.24095165073871613 0.827411240339279 0.23289579391479492 0.827411240339279
0 0.2119444465637207 0.608790283203125 0.2195205533504486 0.608790283203125 0.2195205533504486 0.617613263130188 0.2119444465637207 0.617613263130188
0 0.4415311813354492 0.5296966171264649 0.44892666697502137 0.5296966171264649 0.44892666697502137 0.5392073887586594 0.4415311813354492 0.5392073887586594
0 0.1582574462890625 0.6066649246215821 0.1654667067527771 0.6066649246215821 0.1654667067527771 0.6160302239656449 0.1582574462890625 0.6160302239656449
0 0.7777996063232422 0.6241364669799805 0.7855947184562683 0.6241364669799805 0.7855947184562683 0.6346575605869293 0.7777996063232422 0.6346575605869293
0 0.49468772888183593 0.38061744689941407 0.5018524694442749 0.38061744689941407 0.5018524694442749 0.3913625991344452 0.49468772888183593 0.3913625991344452
0 0.4642753601074219 0.8328469848632812 0.47213881134986874 0.8328469848632812 0.47213881134986874 0.8431974244117736 0.4642753601074219 0.8431974244117736
0 0.21056247711181642 0.6641551208496094 0.2183909606933594 0.6641551208496094 0.2183909606933594 0.6730264860391616 0.21056247711181642 0.6730264860391616
0 0.7683449554443359 0.16177194595336913 0.7753486216068267 0.16177194595336913 0.7753486216068267 0.1719344174861908 0.7683449554443359 0.1719344174861908
0 0.22578472137451172 0.14959367752075195 0.23493183314800264 0.14959367752075195 0.23493183314800264 0.1604766821861267 0.22578472137451172 0.1604766821861267
0 0.7839795684814453 0.3699332046508789 0.791486538052559 0.3699332046508789 0.791486538052559 0.3808534777164459 0.7839795684814453 0.3808534777164459
0 0.8819135284423828 0.3172796821594238 0.8888064795732498 0.3172796821594238 0.8888064795732498 0.3260476154088974 0.8819135284423828 0.3260476154088974
0 0.9119669342041016 0.5316333770751953 0.9187766712903976 0.5316333770751953 0.9187766712903976 0.5409532558918 0.9119669342041016 0.5409532558918
0 0.23185518264770508 0.6070328521728515 0.23894432425498963 0.6070328521728515 0.23894432425498963 0.6170256197452545 0.23185518264770508 0.6170256197452545
0 0.8917410278320312 0.48052688598632814 0.8997573924064636 0.48052688598632814 0.8997573924064636 0.489997376203537 0.8917410278320312 0.489997376203537
0 0.16252536773681642 0.7630011749267579 0.16909832775592804 0.7630011749267579 0.16909832775592804 0.7715663361549377 0.16252536773681642 0.7715663361549377
0 0.22259307861328126 0.302839412689209 0.23099072039127352 0.302839412689209 0.23099072039127352 0.3143034279346466 0.22259307861328126 0.3143034279346466
0 0.8972544860839844 0.3668449020385742 0.9046838605403901 0.3668449020385742 0.9046838605403901 0.3759910833835602 0.8972544860839844 0.3759910833835602
0 0.5269520568847657 0.3787037277221679 0.5358281183242799 0.3787037277221679 0.5358281183242799 0.39012908220291137 0.5269520568847657 0.39012908220291137
0 0.8362522888183593 0.6290443801879883 0.8443810832500458 0.6290443801879883 0.8443810832500458 0.637537003159523 0.8362522888183593 0.637537003159523
0 0.8335524749755859 0.6787621307373047 0.8407551556825639 0.6787621307373047 0.8407551556825639 0.6885094928741456 0.8335524749755859 0.6885094928741456
0 0.2588443183898926 0.609227294921875 0.2668917626142502 0.609227294921875 0.2668917626142502 0.6186574244499207 0.2588443183898926 0.6186574244499207
0 0.12309349060058594 0.3683462905883789 0.13062424242496493 0.3683462905883789 0.13062424242496493 0.37759141683578495 0.12309349060058594 0.37759141683578495
0 0.1477305221557617 0.3680062103271484 0.15371826589107512 0.3680062103271484 0.15371826589107512 0.3760127264261246 0.1477305221557617 0.3760127264261246
0 0.7698853302001953 0.4730591583251953 0.7780664658546448 0.4730591583251953 0.7780664658546448 0.4837992107868195 0.7698853302001953 0.4837992107868195
0 0.16980306625366212 0.15121776580810548 0.17681233584880832 0.15121776580810548 0.17681233584880832 0.16113613665103912 0.16980306625366212 0.16113613665103912
0 0.4969116210937499 0.21195320129394532 0.5049166303873062 0.21195320129394532 0.5049166303873062 0.2230700588226318 0.4969116210937499 0.2230700588226318
0 0.8717932891845703 0.3675024032592774 0.8800217980146409 0.3675024032592774 0.8800217980146409 0.3774802678823472 0.8717932891845703 0.3774802678823472
0 0.8617816162109375 0.47810169219970705 0.870311279296875 0.47810169219970705 0.870311279296875 0.48830551266670225 0.8617816162109375 0.48830551266670225
0 0.15488845825195313 0.6587476348876953 0.16211305141448976 0.6587476348876953 0.16211305141448976 0.6667469561100006 0.15488845825195313 0.6667469561100006
0 0.18300481796264648 0.6153673553466796 0.1901470696926117 0.6153673553466796 0.1901470696926117 0.6243579840660095 0.18300481796264648 0.6243579840660095
0 0.13374772071838378 0.5185759353637696 0.14121034801006316 0.5185759353637696 0.14121034801006316 0.5271612972021104 0.13374772071838378 0.5271612972021104
0 0.14086764335632324 0.8177156829833985 0.1483451151847839 0.8177156829833985 0.1483451151847839 0.8270225167274474 0.14086764335632324 0.8270225167274474
0 0.4504304504394531 0.6295635223388671 0.458511398434639 0.6295635223388671 0.458511398434639 0.6404195177555083 0.4504304504394531 0.6404195177555083
0 0.5861072158813476 0.8284890747070313 0.5949444794654846 0.8284890747070313 0.5949444794654846 0.8386130833625793 0.5861072158813476 0.8386130833625793
0 0.4512628173828125 0.6835783386230468 0.45854782462120053 0.6835783386230468 0.45854782462120053 0.6937089884281159 0.4512628173828125 0.6937089884281159
0 0.1340615810666363 0.1504812279029916 0.1419720470301956 0.1504812279029916 0.1419720470301956 0.16383863320606198 0.1340615810666363 0.16383863320606198
0 0.13864132451922323 0.21504202020116508 0.1482171517382687 0.21504202020116508 0.1482171517382687 0.226173191287057 0.13864132451922323 0.226173191287057
0 0.12198771196436159 0.3135528843113091 0.1303145182417924 0.3135528843113091 0.1303145182417924 0.3241274968429065 0.12198771196436159 0.3241274968429065
0 0.14363740828568175 0.31856191129996053 0.15362957581859868 0.31856191129996053 0.15362957581859868 0.3308061994944417 0.14363740828568175 0.3308061994944417
0 0.1382249842053517 0.45881466698219947 0.1457191098550394 0.45881466698219947 0.1457191098550394 0.46938927951379694 0.1382249842053517 0.46938927951379694
0 0.14113936640245248 0.7643653132899344 0.1482171517382687 0.7643653132899344 0.1482171517382687 0.7760530429301209 0.14113936640245248 0.7760530429301209
0 0.8880044555685553 0.22095374605495585 0.8954985812182429 0.22095374605495585 0.8954985812182429 0.2348677099123208 0.8880044555685553 0.2348677099123208
0 0.8659384189333637 0.5326265364599313 0.8746815655246661 0.5326265364599313 0.8746815655246661 0.5470970588715909 0.8659384189333637 0.5470970588715909
0 0.8634403770501344 0.6300242834614863 0.8734325445830512 0.6300242834614863 0.8734325445830512 0.6417120131016727 0.8634403770501344 0.6417120131016727
0 0.8659384189333637 0.676218643467938 0.8738488848969229 0.676218643467938 0.8738488848969229 0.6895760487710085 0.8659384189333637 0.6895760487710085
0 0.8942495602766285 0.6778883191308218 0.902992706867931 0.6778883191308218 0.902992706867931 0.6890194902167137 0.8942495602766285 0.6890194902167137
0 0.9054907487511599 0.6188931123755943 0.9129848744008476 0.6188931123755943 0.9129848744008476 0.6339201933415484 0.9054907487511599 0.6339201933415484
0 0.8351292357068697 0.7773765782821601 0.8447050629259152 0.7773765782821601 0.8447050629259152 0.7862815151508737 0.8351292357068697 0.7862815151508737
0 0.8634403770501344 0.7779331368364549 0.8705181623859505 0.7779331368364549 0.8705181623859505 0.7901774250309359 0.8634403770501344 0.7901774250309359
0 0.8580279529698044 0.8230143797343173 0.8671874398749784 0.8230143797343173 0.8671874398749784 0.834702109374504 0.8580279529698044 0.834702109374504
0 0.9054907487511599 0.8196750284085499 0.9138175550285909 0.8196750284085499 0.9138175550285909 0.830806199494442 0.9054907487511599 0.830806199494442
0 0.9092378115760039 0.7701413170763306 0.9183972984811779 0.7701413170763306 0.9183972984811779 0.7829421638251064 0.9092378115760039 0.7829421638251064
