0 0.5172271728515625 0.6335466384887696 0.5245168524980545 0.6335466384887696 0.5245168524980545 0.6440148007869722 0.5172271728515625 0.6440148007869722
0 0.4701792526245117 0.15550665855407714 0.4779410672187805 0.15550665855407714 0.4779410672187805 0.165305677652359 0.4701792526245117 0.165305677652359
0 0.21010730743408204 0.6761614227294922 0.21753232002258302 0.6761614227294922 0.21753232002258302 0.6865215075016022 0.21010730743408204 0.6865215075016022
0 0.1483156681060791 0.7822469329833984 0.15457570433616638 0.7822469329833984 0.15457570433616638 0.7916694331169128 0.1483156681060791 0.7916694331169128
0 0.5071381378173828 0.20937194824218747 0.5141755151748657 0.20937194824218747 0.5141755151748657 0.21783031821250914 0.5071381378173828 0.21783031821250914
0 0.21966226577758788 0.782264633178711 0.22676029384136198 0.782264633178711 0.22676029384136198 0.7922557401657105 0.21966226577758788 0.7922557401657105
0 0.18115856170654296 0.5298040390014649 0.1879356378316879 0.5298040390014649 0.1879356378316879 0.5385803329944611 0.18115856170654296 0.5385803329944611
0 0.2024076271057129 0.2281045150756836 0.2104152089357376 0.2281045150756836 0.2104152089357376 0.2376525640487671 0.2024076271057129 0.2376525640487671
0 0.4532536697387695 0.06270678997039796 0.4608523690700531 0.06270678997039796 0.4608523690700531 0.0711002504825592 0.4532536697387695 0.0711002504825592
0 0.4755925750732422 0.7834764862060547 0.4832445621490479 0.7834764862060547 0.4832445621490479 0.7927871143817902 0.4755925750732422 0.7927871143817902
0 0.19678886413574218 0.4765754699707031 0.20430871188640592 0.4765754699707031 0.20430871188640592 0.4860784542560577 0.19678886413574218 0.4860784542560577
0 0.446358642578125 0.21828145980834962 0.4542537647485733 0.21828145980834962 0.4542537647485733 0.22790060460567477 0.446358642578125 0.22790060460567477
0 0.5255304336547851 0.20810096740722658 0.5328778952360153 0.20810096740722658 0.5328778952360153 0.21746274828910828 0.5255304336547851 0.21746274828910828
0 0.4524258804321289 0.7901093292236329 0.46002023279666904 0.7901093292236329 0.46002023279666904 0.8010082948207856 0.4524258804321289 0.8010082948207856
0 0.5166633987426758 0.47134597778320314 0.5253060835599899 0.47134597778320314 0.5253060835599899 0.480536196231842 0.5166633987426758 0.480536196231842
0 0.22897108078002928 0.5305283737182617 0.237448713183403 0.5305283737182617 0.237448713183403 0.540938069820404 0.22897108078002928 0.540938069820404
0 0.2022407341003418 0.5299158859252929 0.20887861788272857 0.5299158859252929 0.20887861788272857 0.5385793995857239 0.2022407341003418 0.5385793995857239
0 0.49866260528564454 0.8341414642333985 0.5053620415925979 0.8341414642333985 0.5053620415925979 0.843333975672722 0.49866260528564454 0.843333975672722
0 0.19417665481567384 0.16318267822265625 0.2011881273984909 0.16318267822265625 0.2011881273984909 0.17271449983119966 0.19417665481567384 0.17271449983119966
0 0.13906634330749512 0.1639479637145996 0.14623171985149386 0.1639479637145996 0.14623171985149386 0.17322358787059783 0.13906634330749512 0.17322358787059783
0 0.4747224426269531 0.3240975570678711 0.4819046598672867 0.3240975570678711 0.4819046598672867 0.3343299782276153 0.4747224426269531 0.3343299782276153
0 0.44703330993652346 0.3241675567626953 0.45527264177799226 0.3241675567626953 0.45527264177799226 0.33337340950965877 0.44703330993652346 0.33337340950965877
0 0.15882757186889648 0.5341010665893555 0.1653283631801605 0.5341010665893555 0.1653283631801605 0.543312749862671 0.15882757186889648 0.543312749862671
0 0.1339036464691162 0.8265792846679687 0.1402322882413864 0.8265792846679687 0.1402322882413864 0.8345651656389237 0.1339036464691162 0.8345651656389237
0 0.45441642761230466 0.3756262969970703 0.462334349155426 0.3756262969970703 0.462334349155426 0.38424850106239317 0.45441642761230466 0.38424850106239317
0 0.20561853408813477 0.6269743728637696 0.21381271064281465 0.6269743728637696 0.21381271064281465 0.6367339891195298 0.20561853408813477 0.6367339891195298
0 0.5204309463500977 0.5264611434936524 0.5277429819107057 0.5264611434936524 0.5277429819107057 0.5359164535999298 0.5204309463500977 0.5359164535999298
0 0.4687094879150391 0.007224287390708923 0.4760679209232331 0.007224287390708923 0.4760679209232331 0.017924550175666805 0.4687094879150391 0.017924550175666805
0 0.4842485809326172 0.21039459228515625 0.4912473678588867 0.21039459228515625 0.4912473678588867 0.21854533553123473 0.4842485809326172 0.21854533553123473
0 0.19336645126342775 0.08084139823913575 0.20014411866664888 0.08084139823913575 0.20014411866664888 0.0894861650466919 0.19336645126342775 0.0894861650466919
0 0.499782943725586 0.7858721160888672 0.507327823638916 0.7858721160888672 0.507327823638916 0.7940806329250336 0.499782943725586 0.7940806329250336
0 0.526333122253418 0.31447065353393555 0.5335414212942123 0.31447065353393555 0.5335414212942123 0.3238930743932724 0.526333122253418 0.3238930743932724
0 0.1701125144958496 0.16517681121826172 0.17653303444385526 0.16517681121826172 0.17653303444385526 0.17455006539821627 0.1701125144958496 0.17455006539821627
0 0.1346070671081543 0.6772200012207031 0.1418397921323776 0.6772200012207031 0.1418397921323776 0.6864771056175233 0.1346070671081543 0.6864771056175233
0 0.53924560546875 0.6848429107666015 0.5464630126953125 0.6848429107666015 0.5464630126953125 0.6949443876743318 0.53924560546875 0.6949443876743318
0 0.22349647521972657 0.4776815414428711 0.23194548249244692 0.4776815414428711 0.23194548249244692 0.48722626984119416 0.22349647521972657 0.48722626984119416
0 0.16956588745117188 0.7807108306884766 0.1764336585998535 0.7807108306884766 0.1764336585998535 0.7909667134284974 0.16956588745117188 0.7909667134284974
0 0.5409664916992187 0.47193683624267574 0.5495157903432847 0.47193683624267574 0.5495157903432847 0.4809343039989471 0.5409664916992187 0.4809343039989471
0 0.5478800582885742 0.36184947967529296 0.555861587524414 0.36184947967529296 0.555861587524414 0.37066257655620577 0.5478800582885742 0.37066257655620577
0 0.1734098434448242 0.6227970504760743 0.1807285177707672 0.6227970504760743 0.1807285177707672 0.6315202552080155 0.1734098434448242 0.6315202552080155
0 0.5313511657714843 0.1590757656097412 0.5385514217615127 0.1590757656097412 0.5385514217615127 0.16877285420894625 0.5313511657714843 0.16877285420894625
0 0.4950785827636719 0.6893501281738281 0.5031102061271668 0.6893501281738281 0.5031102061271668 0.6992322099208832 0.4950785827636719 0.6992322099208832
0 0.5020459747314453 0.3159020805358887 0.5093305087089538 0.3159020805358887 0.5093305087089538 0.3256158018112183 0.5020459747314453 0.3256158018112183
0 0.4529208755493164 0.6325662994384765 0.45944350540637974 0.6325662994384765 0.45944350540637974 0.6424256908893584 0.4529208755493164 0.6424256908893584
0 0.4509385299682617 0.8416899871826172 0.4579567450284958 0.8416899871826172 0.4579567450284958 0.8522040832042693 0.4509385299682617 0.8522040832042693
0 0.1344591808319092 0.5290445327758789 0.14185704708099367 0.5290445327758789 0.14185704708099367 0.537761372923851 0.1344591808319092 0.537761372923851
0 0.22054996490478515 0.1699263381958008 0.22748282253742216 0.1699263381958008 0.22748282253742216 0.17961472034454345 0.22054996490478515 0.17961472034454345
0 0.5007553100585938 0.5245115661621094 0.5078371626138687 0.5245115661621094 0.5078371626138687 0.5345925259590149 0.5007553100585938 0.5345925259590149
0 0.1749347686767578 0.834622802734375 0.1821697562932968 0.834622802734375 0.1821697562932968 0.8432819676399229 0.1749347686767578 0.8432819676399229
0 0.1941227912902832 0.8374949645996094 0.20088404655456543 0.8374949645996094 0.20088404655456543 0.8453296810388564 0.1941227912902832 0.8453296810388564
0 0.4475722885131836 0.52865478515625 0.45419007837772374 0.52865478515625 0.45419007837772374 0.5383000791072845 0.4475722885131836 0.5383000791072845
0 0.5098976516723632 0.1594845485687256 0.5169341415166854 0.1594845485687256 0.5169341415166854 0.16889169096946718 0.5098976516723632 0.16889169096946718
0 0.5524492263793945 0.8363674926757813 0.5597120553255082 0.8363674926757813 0.5597120553255082 0.8453440880775451 0.5524492263793945 0.8453440880775451
0 0.2373794746398926 0.6271982955932617 0.24473608851432802 0.6271982955932617 0.24473608851432802 0.6367842543125152 0.2373794746398926 0.6367842543125152
0 0.23234140396118164 0.2215643310546875 0.23930072784423828 0.2215643310546875 0.23930072784423828 0.23112668991088864 0.23234140396118164 0.23112668991088864
0 0.4667106246948242 0.2176181411743164 0.4731770390272141 0.2176181411743164 0.4731770390272141 0.22765024185180666 0.4667106246948242 0.22765024185180666
0 0.1937032699584961 0.02904423475265503 0.19996286273002628 0.02904423475265503 0.19996286273002628 0.03711458802223205 0.1937032699584961 0.03711458802223205
0 0.13124025344848633 0.4755247497558594 0.13874805092811585 0.4755247497558594 0.13874805092811585 0.48506588101387027 0.13124025344848633 0.48506588101387027
0 0.13063871383666992 0.6226567459106446 0.13763639152050017 0.6226567459106446 0.13763639152050017 0.6314346212148666 0.13063871383666992 0.6314346212148666
0 0.517331886291504 0.005385254621505737 0.5245656168460846 0.005385254621505737 0.5245656168460846 0.01571946620941162 0.517331886291504 0.01571946620941162
0 0.23192533493041992 0.674146499633789 0.23950496077537536 0.674146499633789 0.23950496077537536 0.6837264102697372 0.23192533493041992 0.6837264102697372
0 0.5288361358642578 0.8324212646484375 0.5357613193988799 0.8324212646484375 0.5357613193988799 0.8423276972770691 0.5288361358642578 0.8423276972770691
0 0.4755723571777344 0.47538711547851564 0.48306146562099456 0.47538711547851564 0.48306146562099456 0.48526983022689824 0.4755723571777344 0.48526983022689824
0 0.4940606689453125 0.01252955436706543 0.5013085049390793 0.01252955436706543 0.5013085049390793 0.021000696420669554 0.4940606689453125 0.021000696420669554
0 0.16099430084228517 0.32382434844970703 0.16846500098705294 0.32382434844970703 0.16846500098705294 0.3335477548837662 0.16099430084228517 0.3335477548837662
0 0.14849738121032716 0.216798095703125 0.15720133781433104 0.216798095703125 0.15720133781433104 0.2267751497030258 0.14849738121032716 0.2267751497030258
0 0.5374322891235351 0.6310947799682617 0.5447133928537368 0.6310947799682617 0.5447133928537368 0.6404125636816025 0.5374322891235351 0.6404125636816025
0 0.15446856498718262 0.830664291381836 0.16102453649044038 0.830664291381836 0.16102453649044038 0.84047513961792 0.15446856498718262 0.84047513961792
0 0.21717647552490235 0.02381378173828125 0.22398838639259339 0.02381378173828125 0.22398838639259339 0.03167906999588013 0.21717647552490235 0.03167906999588013
0 0.4711985778808594 0.527308235168457 0.47803868472576144 0.527308235168457 0.47803868472576144 0.536003412604332 0.4711985778808594 0.536003412604332
0 0.1618039131164551 0.3749533462524414 0.16841209232807158 0.3749533462524414 0.16841209232807158 0.3849868297576904 0.1618039131164551 0.3849868297576904
0 0.1978294563293457 0.7785104370117187 0.20553245365619657 0.7785104370117187 0.20553245365619657 0.7881461644172667 0.1978294563293457 0.7881461644172667
0 0.49754112243652343 0.05458906650543213 0.5047654491662978 0.05458906650543213 0.5047654491662978 0.06331213772296906 0.49754112243652343 0.06331213772296906
0 0.22989583969116212 0.3739982986450195 0.23746437668800358 0.3739982986450195 0.23746437668800358 0.3844722318649292 0.22989583969116212 0.3844722318649292
0 0.2169954299926758 0.07822380542755127 0.22439365088939667 0.07822380542755127 0.22439365088939667 0.0880101841688156 0.2169954299926758 0.0880101841688156
0 0.47344974517822264 0.06131194591522217 0.48105959296226497 0.06131194591522217 0.48105959296226497 0.07089897215366363 0.47344974517822264 0.07089897215366363
0 0.5399219512939453 0.00887609601020813 0.5478995180130005 0.00887609601020813 0.5478995180130005 0.018098586201667783 0.5399219512939453 0.018098586201667783
0 0.1829884147644043 0.3213807678222656 0.19101548433303833 0.3213807678222656 0.19101548433303833 0.33143860220909116 0.1829884147644043 0.33143860220909116
0 0.20721855163574218 0.8402549743652343 0.21305585145950315 0.8402549743652343 0.21305585145950315 0.8488975363969803 0.20721855163574218 0.8488975363969803
0 0.14422965049743652 0.025022261142730713 0.14996599435806274 0.025022261142730713 0.14996599435806274 0.032130791544914244 0.14422965049743652 0.032130791544914244
0 0.44833854675292967 0.6847620391845703 0.45505386292934413 0.6847620391845703 0.45505386292934413 0.6947062629461288 0.44833854675292967 0.6947062629461288
0 0.4687543487548828 0.6318739700317383 0.4765822851657867 0.6318739700317383 0.4765822851657867 0.6414433652162552 0.4687543487548828 0.6414433652162552
0 0.18180105209350586 0.6715272521972656 0.18971730291843414 0.6715272521972656 0.18971730291843414 0.6812863153219223 0.18180105209350586 0.6812863153219223
0 0.5538591766357421 0.3178904724121094 0.5616031301021576 0.3178904724121094 0.5616031301021576 0.32861785531044 0.5538591766357421 0.32861785531044
0 0.13826047897338867 0.32317516326904294 0.14493065476417544 0.32317516326904294 0.14493065476417544 0.3329414010047912 0.13826047897338867 0.3329414010047912
0 0.14074357986450195 0.21917369842529297 0.14814784824848176 0.21917369842529297 0.14814784824848176 0.22800640285015106 0.14074357986450195 0.22800640285015106
0 0.47286407470703123 0.6865077972412108 0.4809206563234329 0.6865077972412108 0.4809206563234329 0.6973250138759612 0.47286407470703123 0.6973250138759612
0 0.5031942367553711 0.36653968811035154 0.5109519118070603 0.36653968811035154 0.5109519118070603 0.3758812296390533 0.5031942367553711 0.3758812296390533
0 0.21820674896240233 0.32701251983642576 0.22649796366691588 0.32701251983642576 0.22649796366691588 0.33830283761024477 0.21820674896240233 0.33830283761024477
0 0.5263327789306641 0.3608366775512695 0.5337600833177567 0.3608366775512695 0.5337600833177567 0.3705170744657516 0.5263327789306641 0.3705170744657516
0 0.5178108978271484 0.0555855131149292 0.5243834733963012 0.0555855131149292 0.5243834733963012 0.06453903198242188 0.5178108978271484 0.06453903198242188
0 0.16936691284179686 0.07777792930603028 0.17674617826938627 0.07777792930603028 0.17674617826938627 0.08815839767456056 0.16936691284179686 0.08815839767456056
0 0.13187851905822753 0.7759334564208984 0.13898960292339324 0.7759334564208984 0.13898960292339324 0.7846092242002487 0.13187851905822753 0.7846092242002487
0 0.13849419593811035 0.37118282318115237 0.1451873779296875 0.37118282318115237 0.1451873779296875 0.38086863577365876 0.13849419593811035 0.38086863577365876
0 0.4902880096435547 0.1612092971801758 0.4971303939819336 0.1612092971801758 0.4971303939819336 0.17191827893257144 0.4902880096435547 0.17191827893257144
0 0.24643165588378907 0.16709186553955077 0.25438495934009553 0.16709186553955077 0.25438495934009553 0.17801010251045227 0.24643165588378907 0.17801010251045227
0 0.5471683502197265 0.5272274398803711 0.5555864703655242 0.5272274398803711 0.5555864703655242 0.536619343161583 0.5471683502197265 0.536619343161583
0 0.26119577407836914 0.2270454216003418 0.2690875548124313 0.2270454216003418 0.2690875548124313 0.23775471925735475 0.26119577407836914 0.23775471925735475
0 0.2520375633239746 0.32698657989501956 0.2594327235221862 0.32698657989501956 0.2594327235221862 0.33790155529975896 0.2520375633239746 0.33790155529975896
0 0.47571525573730467 0.8401893615722658 0.483023801445961 0.8401893615722658 0.483023801445961 0.8505053305625917 0.47571525573730467 0.8505053305625917
0 0.5221855545043945 0.6820835876464844 0.5288009494543076 0.6820835876464844 0.5288009494543076 0.6920828384160994 0.5221855545043945 0.6920828384160994
0 0.24538307189941405 0.07566596508026123 0.25258414089679715 0.07566596508026123 0.25258414089679715 0.08416583716869354 0.24538307189941405 0.08416583716869354
0 0.5261262130737304 0.7864949798583984 0.5335581302642821 0.7864949798583984 0.5335581302642821 0.797167751789093 0.5261262130737304 0.797167751789093
0 0.20837566375732422 0.37085811614990233 0.21548399746417998 0.37085811614990233 0.21548399746417998 0.3808598971366883 0.20837566375732422 0.3808598971366883
0 0.5423949050903321 0.05386805534362793 0.5499656301736832 0.05386805534362793 0.5499656301736832 0.06275233745574951 0.5423949050903321 0.06275233745574951
0 0.49509521484375 0.6298939895629883 0.5032978194952011 0.6298939895629883 0.5032978194952011 0.6400978100299834 0.49509521484375 0.6400978100299834
0 0.4480227279663086 0.15983474731445313 0.456153149008751 0.15983474731445313 0.456153149008751 0.17111885905265808 0.4480227279663086 0.17111885905265808
0 0.4798425674438477 0.3705080032348632 0.4878384095430374 0.3705080032348632 0.4878384095430374 0.3813207137584686 0.4798425674438477 0.3813207137584686
0 0.24499008178710938 0.838451156616211 0.25366057813167575 0.838451156616211 0.25366057813167575 0.8498707389831544 0.24499008178710938 0.8498707389831544
0 0.4485398483276367 0.47446727752685547 0.45624805033206933 0.47446727752685547 0.45624805033206933 0.48529109597206116 0.4485398483276367 0.48529109597206116
0 0.49248451232910156 0.47349769592285157 0.4999192094802857 0.47349769592285157 0.4999192094802857 0.48330281198024755 0.49248451232910156 0.48330281198024755
0 0.16442052841186525 0.02449901819229126 0.1719656449556351 0.02449901819229126 0.1719656449556351 0.03476553440093994 0.16442052841186525 0.03476553440093994
0 0.15163765907287596 0.6608744812011719 0.15927030622959135 0.6608744812011719 0.15927030622959135 0.6698292559385299 0.15163765907287596 0.6698292559385299
0 0.4496475389812645 0.0038959098800621945 0.4567253243170807 0.0038959098800621945 0.4567253243170807 0.014470522411659576 0.4496475389812645 0.014470522411659576
0 0.24855516738131014 0.02448857638896236 0.25646563334486944 0.02448857638896236 0.25646563334486944 0.03283695470338135 0.24855516738131014 0.03283695470338135
0 0.14280472765793864 0.07736163904694929 0.15196421456311257 0.07736163904694929 0.15196421456311257 0.08793625157854666 0.14280472765793864 0.08793625157854666
0 0.1836060784173497 0.37122455571449764 0.19318190563639517 0.37122455571449764 0.19318190563639517 0.37734669981173824 0.1836060784173497 0.37734669981173824
0 0.1536295758185987 0.4741878882589984 0.16195638209602956 0.4741878882589984 0.16195638209602956 0.48364938368200655 0.1536295758185987 0.48364938368200655
0 0.17444659151217579 0.4736313297047039 0.18235705747573508 0.4736313297047039 0.18235705747573508 0.4847625007905958 0.17444659151217579 0.4847625007905958
0 0.1536295758185987 0.6200062294841834 0.16070736115441495 0.6200062294841834 0.16070736115441495 0.6316939591243701 0.1536295758185987 0.6316939591243701
0 0.5437404499162329 0.787394632259463 0.5537326174491498 0.787394632259463 0.5537326174491498 0.7985258033453551 0.5437404499162329 0.7985258033453551
