0 0.4924981307983398 0.6888607025146485 0.5005491822957993 0.6888607025146485 0.5005491822957993 0.6978583282232285 0.4924981307983398 0.6978583282232285
0 0.554385986328125 0.686565170288086 0.5629985672235489 0.686565170288086 0.5629985672235489 0.6968759214878082 0.554385986328125 0.6968759214878082
0 0.4546384429931641 0.7708026885986328 0.4620882511138916 0.7708026885986328 0.4620882511138916 0.78040687084198 0.4546384429931641 0.78040687084198
0 0.5848233795166016 0.44933372497558594 0.5928676003217698 0.44933372497558594 0.5928676003217698 0.45922968208789827 0.5848233795166016 0.45922968208789827
0 0.46714759826660157 0.6875674438476563 0.4743597716093063 0.6875674438476563 0.4743597716093063 0.6970522439479828 0.46714759826660157 0.6970522439479828
0 0.5292658615112305 0.2882810974121094 0.5376762932538987 0.2882810974121094 0.5376762932538987 0.2999366974830628 0.5292658615112305 0.2999366974830628
0 0.5457776641845703 0.37451385498046874 0.5540320777893066 0.37451385498046874 0.5540320777893066 0.3848785650730133 0.5457776641845703 0.3848785650730133
0 0.5629010391235352 0.6064426803588867 0.5713916683197021 0.6064426803588867 0.5713916683197021 0.6172128558158874 0.5629010391235352 0.6172128558158874
0 0.4449491500854492 0.8473346710205079 0.45159302175045013 0.8473346710205079 0.45159302175045013 0.8555648505687714 0.4449491500854492 0.8555648505687714
0 0.4832688140869141 0.7715054321289062 0.49035950839519504 0.7715054321289062 0.49035950839519504 0.7812409347295761 0.4832688140869141 0.7812409347295761
0 0.5550270080566406 0.4503719711303711 0.5639724433422089 0.4503719711303711 0.5639724433422089 0.4605356287956237 0.5550270080566406 0.4605356287956237
0 0.5398093414306641 0.7683792877197265 0.5473112839460372 0.7683792877197265 0.5473112839460372 0.7785309684276581 0.5398093414306641 0.7785309684276581
0 0.4457232666015625 0.6847226715087891 0.4534908181428909 0.6847226715087891 0.4534908181428909 0.6944966769218446 0.4457232666015625 0.6944966769218446
0 0.44575756072998046 0.3783226776123047 0.45276013255119324 0.3783226776123047 0.45276013255119324 0.3877274680137634 0.44575756072998046 0.3877274680137634
0 0.5936698913574219 0.6837760925292968 0.601794072985649 0.6837760925292968 0.601794072985649 0.6946529209613799 0.5936698913574219 0.6946529209613799
0 0.4923868179321289 0.3521488952636719 0.5004934340715408 0.3521488952636719 0.5004934340715408 0.3620359188318253 0.4923868179321289 0.3620359188318253
0 0.5059366226196289 0.2946572494506836 0.5148092538118363 0.2946572494506836 0.5148092538118363 0.30519022107124333 0.5059366226196289 0.30519022107124333
0 0.5065683364868164 0.8488980102539062 0.515097053050995 0.8488980102539062 0.515097053050995 0.8580990600585937 0.5065683364868164 0.8580990600585937
0 0.5375427627563476 0.6101374816894531 0.544480248093605 0.6101374816894531 0.544480248093605 0.6196241790056228 0.5375427627563476 0.6196241790056228
0 0.47576316833496096 0.29441396713256834 0.48502596318721775 0.29441396713256834 0.48502596318721775 0.3045979046821594 0.47576316833496096 0.3045979046821594
0 0.5534290313720703 0.5215548706054688 0.5607300072908402 0.5215548706054688 0.5607300072908402 0.5309653925895691 0.5534290313720703 0.5309653925895691
0 0.4462645721435547 0.45116329193115234 0.4535558778047562 0.45116329193115234 0.4535558778047562 0.4612168574333191 0.4462645721435547 0.4612168574333191
0 0.6037300109863282 0.2875602912902832 0.6109581822156905 0.2875602912902832 0.6109581822156905 0.2987524151802063 0.6037300109863282 0.2987524151802063
0 0.4632183837890625 0.3761651992797851 0.4707501929998398 0.3761651992797851 0.4707501929998398 0.38647500157356257 0.4632183837890625 0.38647500157356257
0 0.5292686080932617 0.5266424560546875 0.5372962099313736 0.5266424560546875 0.5372962099313736 0.5374320411682129 0.5292686080932617 0.5374320411682129
0 0.4736145401000977 0.6074998092651367 0.4822057116031647 0.6074998092651367 0.4822057116031647 0.6175339651107787 0.4736145401000977 0.6175339651107787
0 0.4434209823608398 0.5247267150878906 0.44961474955081937 0.5247267150878906 0.44961474955081937 0.5329309231042861 0.4434209823608398 0.5329309231042861
0 0.8275188446044922 0.0004134306311607361 0.8360692077875138 0.0004134306311607361 0.8360692077875138 0.011613509356975556 0.8275188446044922 0.011613509356975556
0 0.5132551574707032 0.6946579742431641 0.5205409926176071 0.6946579742431641 0.5205409926176071 0.7046415704488754 0.5132551574707032 0.7046415704488754
0 0.5382080078125 0.8483232116699219 0.5464432001113892 0.8483232116699219 0.5464432001113892 0.8591190814971923 0.5382080078125 0.8591190814971923
0 0.5641867065429688 0.7657049560546875 0.5721980440616607 0.7657049560546875 0.5721980440616607 0.775106109380722 0.5641867065429688 0.775106109380722
0 0.5144029998779297 0.6102289581298828 0.5225643229484558 0.6102289581298828 0.5225643229484558 0.6205878174304962 0.5144029998779297 0.6205878174304962
0 0.5626910781860351 0.28643577575683593 0.5706494832038879 0.28643577575683593 0.5706494832038879 0.2968335735797882 0.5626910781860351 0.2968335735797882
0 0.47994064331054687 0.8522287750244141 0.4872841721773148 0.8522287750244141 0.4872841721773148 0.8622702443599701 0.47994064331054687 0.8622702443599701
0 0.6126240921020508 0.3676233673095703 0.6207758337259293 0.3676233673095703 0.6207758337259293 0.3772384202480316 0.6126240921020508 0.3772384202480316
0 0.462098274230957 0.8494146728515625 0.46918837726116175 0.8494146728515625 0.46918837726116175 0.8588057857751846 0.462098274230957 0.8588057857751846
0 0.5819641212756568 0.28446005079136427 0.5910479099419451 0.28446005079136427 0.5910479099419451 0.2971091088435142 0.5819641212756568 0.2971091088435142
0 0.4699307277247694 0.45345146636808803 0.4793930075854862 0.45345146636808803 0.4793930075854862 0.46458263745398 0.4699307277247694 0.46458263745398
0 0.5089153207509227 0.7666421437393215 0.5191345830004969 0.7666421437393215 0.5191345830004969 0.7757494655368695 0.5089153207509227 0.7757494655368695
