0 0.16473052978515626 0.21719491958618165 0.17233585357666018 0.21719491958618165 0.17233585357666018 0.2269923269748688 0.16473052978515626 0.2269923269748688
0 0.15680611610412598 0.5312625885009765 0.16378860890865327 0.5312625885009765 0.16378860890865327 0.5406922435760498 0.15680611610412598 0.5406922435760498
0 0.14062655448913575 0.21782596588134764 0.14810937881469724 0.21782596588134764 0.14810937881469724 0.22653112471103667 0.14062655448913575 0.22653112471103667
0 0.22088857650756835 0.16689746856689455 0.22807001054286957 0.16689746856689455 0.22807001054286957 0.17692069411277772 0.22088857650756835 0.17692069411277772
0 0.16490581512451172 0.019974211454391478 0.1719839268922806 0.019974211454391478 0.1719839268922806 0.02857945680618286 0.16490581512451172 0.02857945680618286
0 0.13385390281677245 0.8244908905029297 0.14075909614562987 0.8244908905029297 0.14075909614562987 0.8329154813289641 0.13385390281677245 0.8329154813289641
0 0.21953216552734375 0.7795712280273438 0.22690955340862276 0.7795712280273438 0.22690955340862276 0.7897517657279969 0.21953216552734375 0.7897517657279969
0 0.21730537414550782 0.07350759983062743 0.22471026360988616 0.07350759983062743 0.22471026360988616 0.0820445168018341 0.21730537414550782 0.0820445168018341
0 0.17396656036376953 0.471263427734375 0.18147882282733915 0.471263427734375 0.18147882282733915 0.48020776629447937 0.17396656036376953 0.48020776629447937
0 0.21876060485839843 0.3247672653198242 0.22634341001510622 0.3247672653198242 0.22634341001510622 0.3347577798366546 0.21876060485839843 0.3347577798366546
0 0.1939951515197754 0.835670166015625 0.20074407577514647 0.835670166015625 0.20074407577514647 0.8434079533815384 0.1939951515197754 0.8434079533815384
0 0.14832983016967774 0.78050537109375 0.1545743715763092 0.78050537109375 0.1545743715763092 0.7895718586444854 0.14832983016967774 0.7895718586444854
0 0.1699962043762207 0.07302320003509521 0.17693024456501008 0.07302320003509521 0.17693024456501008 0.08176232576370239 0.1699962043762207 0.08176232576370239
0 0.20302640914916992 0.22516376495361326 0.2109020292758942 0.22516376495361326 0.2109020292758942 0.23530714392662047 0.20302640914916992 0.23530714392662047
0 0.23257930755615233 0.21876482009887696 0.23953259885311126 0.21876482009887696 0.23953259885311126 0.22850279331207277 0.23257930755615233 0.22850279331207277
0 0.20587984085083008 0.6240925598144531 0.2140374529361725 0.6240925598144531 0.2140374529361725 0.634498895406723 0.20587984085083008 0.634498895406723
0 0.18233779907226563 0.6696375274658203 0.18993011116981506 0.6696375274658203 0.18993011116981506 0.6785959386825562 0.18233779907226563 0.6785959386825562
0 0.2273334312438965 0.5280892181396485 0.23641310572624205 0.5280892181396485 0.23641310572624205 0.5378992754220963 0.2273334312438965 0.5378992754220963
0 0.16202821731567382 0.37247314453125 0.16875692903995512 0.37247314453125 0.16875692903995512 0.3820275974273682 0.16202821731567382 0.3820275974273682
0 0.1319768524169922 0.7739299774169923 0.13816661298274996 0.7739299774169923 0.13816661298274996 0.7824551337957383 0.1319768524169922 0.7824551337957383
0 0.1385637664794922 0.32054393768310546 0.14517105877399447 0.32054393768310546 0.14517105877399447 0.33016579031944276 0.1385637664794922 0.33016579031944276
0 0.16966741561889648 0.7782393646240234 0.1770567798614502 0.7782393646240234 0.1770567798614502 0.7884591162204742 0.16966741561889648 0.7884591162204742
0 0.2526141357421875 0.32517997741699217 0.25977491378784173 0.32517997741699217 0.25977491378784173 0.3347854644060134 0.2526141357421875 0.3347854644060134
0 0.1956302833557129 0.47292289733886717 0.20308646380901335 0.47292289733886717 0.20308646380901335 0.48274347007274626 0.1956302833557129 0.48274347007274626
0 0.19352561950683594 0.07566807746887207 0.20014993011951446 0.07566807746887207 0.20014993011951446 0.08431621372699738 0.19352561950683594 0.08431621372699738
0 0.18439388275146484 0.3721409606933594 0.192530055642128 0.3721409606933594 0.192530055642128 0.38105320036411283 0.18439388275146484 0.38105320036411283
0 0.21008216857910156 0.673004150390625 0.21786796569824218 0.673004150390625 0.21786796569824218 0.683763335943222 0.21008216857910156 0.683763335943222
0 0.23743240356445314 0.6242510986328125 0.24547674238681796 0.6242510986328125 0.24547674238681796 0.6350249898433685 0.23743240356445314 0.6350249898433685
0 0.13311939239501952 0.5253258132934571 0.14010521173477172 0.5253258132934571 0.14010521173477172 0.533988654613495 0.13311939239501952 0.533988654613495
0 0.19434625625610352 0.02395085573196411 0.20071561813354494 0.02395085573196411 0.20071561813354494 0.03186816096305847 0.19434625625610352 0.03186816096305847
0 0.21711524963378906 0.01840090274810791 0.22418999016284943 0.01840090274810791 0.22418999016284943 0.02586602985858917 0.21711524963378906 0.02586602985858917
0 0.1941859817504883 0.15985527038574218 0.20157184183597568 0.15985527038574218 0.20157184183597568 0.16997992157936095 0.1941859817504883 0.16997992157936095
0 0.13500509262084961 0.6741661071777345 0.14225671410560609 0.6741661071777345 0.14225671410560609 0.6842392802238465 0.13500509262084961 0.6842392802238465
0 0.1750577735900879 0.8318318176269531 0.18246075570583342 0.8318318176269531 0.18246075570583342 0.8412546336650848 0.1750577735900879 0.8412546336650848
0 0.1550937557220459 0.6189748764038085 0.1612208694219589 0.6189748764038085 0.1612208694219589 0.6278918993473053 0.1550937557220459 0.6278918993473053
0 0.16110254287719727 0.3209809112548828 0.16846041381359103 0.3209809112548828 0.16846041381359103 0.3312822544574738 0.16110254287719727 0.3312822544574738
0 0.23243820190429687 0.6712055206298828 0.2399381923675537 0.6712055206298828 0.2399381923675537 0.6802643394470215 0.23243820190429687 0.6802643394470215
0 0.22978559494018555 0.37131587982177733 0.23755589663982393 0.37131587982177733 0.23755589663982393 0.3824857091903687 0.22978559494018555 0.3824857091903687
0 0.24674087524414062 0.16434951782226562 0.25439935326576235 0.16434951782226562 0.25439935326576235 0.17566726088523862 0.24674087524414062 0.17566726088523862
0 0.24527963638305664 0.8369486236572266 0.2535185098648072 0.8369486236572266 0.2535185098648072 0.8469741225242615 0.24527963638305664 0.8469741225242615
0 0.2455100631713867 0.07068836212158203 0.25287195563316345 0.07068836212158203 0.25287195563316345 0.07944121003150939 0.2455100631713867 0.07944121003150939
0 0.20717655181884764 0.8380947113037109 0.2133369332551956 0.8380947113037109 0.2133369332551956 0.8465674501657486 0.20717655181884764 0.8465674501657486
0 0.17027097702026367 0.1616130256652832 0.1770442676544189 0.1616130256652832 0.1770442676544189 0.17186402678489687 0.17027097702026367 0.17186402678489687
0 0.1452495861053467 0.07222162246704102 0.15276986241340637 0.07222162246704102 0.15276986241340637 0.08254199504852296 0.1452495861053467 0.08254199504852296
0 0.13025197982788086 0.4725748443603515 0.13751622796058657 0.4725748443603515 0.13751622796058657 0.48135991454124444 0.13025197982788086 0.48135991454124444
0 0.14397233963012696 0.01964739918708801 0.15048813819885254 0.01964739918708801 0.15048813819885254 0.02776842653751373 0.14397233963012696 0.02776842653751373
0 0.13897981643676757 0.1599799346923828 0.14706268668174743 0.1599799346923828 0.14706268668174743 0.1710230481624603 0.13897981643676757 0.1710230481624603
0 0.17997812271118163 0.5255210876464844 0.18698935866355892 0.5255210876464844 0.18698935866355892 0.5360230481624604 0.17997812271118163 0.5360230481624604
0 0.13880897521972657 0.3686466598510742 0.14543998360633853 0.3686466598510742 0.14543998360633853 0.3778571969270706 0.13880897521972657 0.3778571969270706
0 0.19800956726074218 0.776131057739258 0.20578145086765287 0.776131057739258 0.20578145086765287 0.7857071733474732 0.19800956726074218 0.7857071733474732
0 0.20104995727539063 0.5255177307128907 0.20819262325763702 0.5255177307128907 0.20819262325763702 0.5357060956954957 0.20104995727539063 0.5357060956954957
0 0.15475347518920898 0.8284017944335937 0.16147440969944002 0.8284017944335937 0.16147440969944002 0.8383294153213501 0.15475347518920898 0.8383294153213501
0 0.15182662963867188 0.6581586456298828 0.15931482136249545 0.6581586456298828 0.15931482136249545 0.6674357914924621 0.15182662963867188 0.6674357914924621
0 0.20878971099853516 0.36805412292480466 0.21552846252918242 0.36805412292480466 0.21552846252918242 0.37764652490615847 0.20878971099853516 0.37764652490615847
0 0.18353239059448243 0.3180739974975586 0.19230249762535095 0.3180739974975586 0.19230249762535095 0.32837350249290465 0.18353239059448243 0.32837350249290465
0 0.15186148643493652 0.4708216094970703 0.15950519323349 0.4708216094970703 0.15950519323349 0.4799333596229553 0.15186148643493652 0.4799333596229553
0 0.2490890502929687 0.01879657745361328 0.2558281415700912 0.01879657745361328 0.2558281415700912 0.02679486632347107 0.2490890502929687 0.02679486632347107
0 0.2611368179321289 0.22417055130004881 0.26931147754192347 0.22417055130004881 0.26931147754192347 0.23528051137924194 0.2611368179321289 0.23528051137924194
0 0.17356012344360353 0.6196786117553711 0.18113532841205598 0.6196786117553711 0.18113532841205598 0.6293745446205139 0.17356012344360353 0.6293745446205139
0 0.13044151306152343 0.6195693588256836 0.13783313930034635 0.6195693588256836 0.13783313930034635 0.6292244958877564 0.13044151306152343 0.6292244958877564
0 0.22166410446166993 0.4730452728271484 0.23116901397705078 0.4730452728271484 0.23116901397705078 0.484936375617981 0.22166410446166993 0.484936375617981
