0 0.44313292555393924 0.3019178416567282 0.4509529915545317 0.3019178416567282 0.4509529915545317 0.3106990059243365 0.44313292555393924 0.3106990059243365
0 0.48223325555690144 0.29982708825967863 0.48911491363742277 0.29982708825967863 0.48911491363742277 0.30860825252728685 0.48223325555690144 0.30860825252728685
0 0.502252624518418 0.3010815402979084 0.5094470852389631 0.3010815402979084 0.5094470852389631 0.31153530728315637 0.502252624518418 0.31153530728315637
0 0.5432297703615223 0.3040085950537778 0.5497986258020199 0.3040085950537778 0.5497986258020199 0.31320791000079595 0.5432297703615223 0.31320791000079595
0 0.5754484422839633 0.30317229369495796 0.5807660871643661 0.30317229369495796 0.5807660871643661 0.3115353072831563 0.5754484422839633 0.3115353072831563
0 0.4421945176338682 0.35251407386532824 0.4493889783544132 0.35251407386532824 0.4493889783544132 0.362967840850576 0.4421945176338682 0.362967840850576
0 0.48066924235678293 0.35418667658296776 0.4881765057173516 0.35418667658296776 0.4881765057173516 0.3629678408505761 0.48066924235678293 0.3629678408505761
0 0.5113239010791053 0.3554411286211976 0.518831164439674 0.3554411286211976 0.518831164439674 0.36547674492703547 0.5113239010791053 0.36547674492703547
0 0.5469834020418067 0.35669558065942725 0.5541778627623517 0.35669558065942725 0.5541778627623517 0.36631304628585537 0.5469834020418067 0.36631304628585537
0 0.5817044950844372 0.3554411286211976 0.589211758445006 0.3554411286211976 0.589211758445006 0.36464044356821573 0.5817044950844372 0.36464044356821573
0 0.4384408859535837 0.4645784559471857 0.4446969387540577 0.4645784559471857 0.4446969387540577 0.47545037361184356 0.4384408859535837 0.47545037361184356
0 0.4572090443550056 0.5344096194086417 0.46659312355571647 0.5344096194086417 0.46659312355571647 0.5423544823174302 0.4572090443550056 0.5423544823174302
0 0.4847356766770909 0.5105750306822766 0.49193013739763597 0.5105750306822766 0.49193013739763597 0.5197743456292947 0.4847356766770909 0.5197743456292947
0 0.4891149136374227 0.4649966066265957 0.49568376907792033 0.4649966066265957 0.49568376907792033 0.4737777708942038 0.4891149136374227 0.4737777708942038
0 0.5169543485995317 0.5147565374763757 0.5228975987599819 0.5147565374763757 0.5228975987599819 0.5277192085380833 0.5169543485995317 0.5277192085380833
0 0.5263384278002428 0.472941469535384 0.5335328885207878 0.472941469535384 0.5335328885207878 0.4838133872000418 0.5263384278002428 0.4838133872000418
0 0.5607467182028494 0.5193561949498848 0.5679411789233946 0.5193561949498848 0.5679411789233946 0.5298099619351326 0.5607467182028494 0.5298099619351326
0 0.5685667842034418 0.45621544235898737 0.5757612449239871 0.45621544235898737 0.5757612449239871 0.4670873600236452 0.5685667842034418 0.4670873600236452
0 0.6095439300465463 0.4658329079854155 0.617989601327186 0.4658329079854155 0.617989601327186 0.47670482565007327 0.6095439300465463 0.47670482565007327
0 0.603600679886096 0.5122476333999163 0.6117335485267121 0.5122476333999163 0.6117335485267121 0.5239558524233938 0.603600679886096 0.5239558524233938
