0 0.16604333877563476 0.21729928970336912 0.17356531560420987 0.21729928970336912 0.17356531560420987 0.22718392133712767 0.16604333877563476 0.22718392133712767
0 0.5324361801147461 0.1553752326965332 0.540106560587883 0.1553752326965332 0.540106560587883 0.16531256914138792 0.5324361801147461 0.16531256914138792
0 0.47615047454833986 0.3202827835083008 0.4838947242498398 0.3202827835083008 0.4838947242498398 0.3306203758716584 0.47615047454833986 0.3306203758716584
0 0.16222867965698243 0.3216896057128906 0.16936525344848635 0.3216896057128906 0.16936525344848635 0.33145374834537505 0.16222867965698243 0.33145374834537505
0 0.5230522918701171 0.5223683547973633 0.5299783033132552 0.5223683547973633 0.5299783033132552 0.531745433807373 0.5230522918701171 0.531745433807373
0 0.5247448348999023 0.6786814117431641 0.5317103540897369 0.6786814117431641 0.5317103540897369 0.6874910300970077 0.5247448348999023 0.6874910300970077
0 0.5395352935791016 0.6264974975585937 0.5481676870584488 0.6264974975585937 0.5481676870584488 0.636082072854042 0.5395352935791016 0.636082072854042
0 0.5088627624511719 0.20579614639282223 0.5160899281501771 0.20579614639282223 0.5160899281501771 0.2140317416191101 0.5088627624511719 0.2140317416191101
0 0.19717872619628907 0.8345596313476562 0.20409168243408202 0.8345596313476562 0.20409168243408202 0.8431931018829346 0.19717872619628907 0.8431931018829346
0 0.49791648864746096 0.6262964630126953 0.5064333766698838 0.6262964630126953 0.5064333766698838 0.6359106463193893 0.49791648864746096 0.6359106463193893
0 0.1417098617553711 0.21852109909057618 0.1494557225704193 0.21852109909057618 0.1494557225704193 0.22711177766323087 0.1417098617553711 0.22711177766323087
0 0.47773391723632813 0.47150760650634765 0.4857757723331452 0.47150760650634765 0.4857757723331452 0.4806671494245529 0.47773391723632813 0.4806671494245529
0 0.4858358764648438 0.20736299514770506 0.4932095682621003 0.20736299514770506 0.4932095682621003 0.2160374981164932 0.4858358764648438 0.2160374981164932
0 0.5476924896240234 0.7831306457519531 0.5552693063020706 0.7831306457519531 0.5552693063020706 0.791799219250679 0.5476924896240234 0.791799219250679
0 0.454520263671875 0.06315533638000488 0.4618540632724762 0.06315533638000488 0.4618540632724762 0.07131687104701996 0.454520263671875 0.07131687104701996
0 0.5552008056640625 0.3125962829589844 0.5635503792762756 0.3125962829589844 0.5635503792762756 0.32303133845329285 0.5552008056640625 0.32303133845329285
0 0.1395518398284912 0.32102046966552733 0.1461451894044876 0.32102046966552733 0.1461451894044876 0.33040877580642697 0.1395518398284912 0.33040877580642697
0 0.23346979141235352 0.21881214141845703 0.2406022107601166 0.21881214141845703 0.2406022107601166 0.22816384196281433 0.23346979141235352 0.22816384196281433
0 0.49200565338134766 0.1578114128112793 0.49828928768634795 0.1578114128112793 0.49828928768634795 0.1676346826553345 0.49200565338134766 0.1676346826553345
0 0.5027417755126953 0.7809622955322265 0.5107726889848708 0.7809622955322265 0.5107726889848708 0.7911363506317138 0.5027417755126953 0.7911363506317138
0 0.16338621139526366 0.3729193496704102 0.16987263083457946 0.3729193496704102 0.16987263083457946 0.38211027979850776 0.16338621139526366 0.38211027979850776
0 0.47490089416503906 0.06283624172210693 0.48173792600631715 0.06283624172210693 0.48173792600631715 0.07103760361671448 0.47490089416503906 0.07103760361671448
0 0.5293756484985351 0.7824345397949218 0.5358615803718566 0.7824345397949218 0.5358615803718566 0.7924762463569641 0.5293756484985351 0.7924762463569641
0 0.495013542175293 0.47023139953613285 0.5023205798864365 0.47023139953613285 0.5023205798864365 0.47911545395851135 0.495013542175293 0.47911545395851135
0 0.24890115737915036 0.8364421081542969 0.25607139825820924 0.8364421081542969 0.25607139825820924 0.8457033234834671 0.24890115737915036 0.8457033234834671
0 0.24787750244140624 0.1643918991088867 0.2550076001882553 0.1643918991088867 0.2550076001882553 0.17502766132354738 0.24787750244140624 0.17502766132354738
0 0.2082761001586914 0.6246106338500976 0.2161988717317581 0.6246106338500976 0.2161988717317581 0.6345484936237336 0.2082761001586914 0.6345484936237336
0 0.22020980834960938 0.3249361038208008 0.22748968482017518 0.3249361038208008 0.22748968482017518 0.33469319045543666 0.22020980834960938 0.33469319045543666
0 0.2182310104370117 0.021265895366668702 0.22505263566970823 0.021265895366668702 0.22505263566970823 0.028707950115203856 0.2182310104370117 0.028707950115203856
0 0.49799758911132813 0.6860877990722656 0.5058728396892547 0.6860877990722656 0.5058728396892547 0.6946875101327896 0.49799758911132813 0.6946875101327896
0 0.15922117233276367 0.5313166809082032 0.16638464152812957 0.5313166809082032 0.16638464152812957 0.5417222654819488 0.15922117233276367 0.5417222654819488
0 0.4716029739379883 0.627630844116211 0.47921888411045077 0.627630844116211 0.47921888411045077 0.637108963727951 0.4716029739379883 0.637108963727951
0 0.5496838760375976 0.5221001815795898 0.5575986927747725 0.5221001815795898 0.5575986927747725 0.5315586936473846 0.5496838760375976 0.5315586936473846
0 0.1723421859741211 0.7784883117675782 0.1797943150997162 0.7784883117675782 0.1797943150997162 0.788222154378891 0.1723421859741211 0.788222154378891
0 0.20388835906982422 0.22546751022338865 0.21177870571613314 0.22546751022338865 0.21177870571613314 0.2349384546279907 0.20388835906982422 0.2349384546279907
0 0.18585735321044922 0.3727466583251954 0.19335176944732665 0.3727466583251954 0.19335176944732665 0.3811041659116745 0.18585735321044922 0.3811041659116745
0 0.4789971160888672 0.7792253112792968 0.48653800368309025 0.7792253112792968 0.48653800368309025 0.7886108106374741 0.4789971160888672 0.7886108106374741
0 0.4509812164306641 0.47012149810791015 0.4581431478261948 0.47012149810791015 0.4581431478261948 0.4802073991298675 0.4509812164306641 0.4802073991298675
0 0.1782236862182617 0.8319793701171874 0.184720943570137 0.8319793701171874 0.184720943570137 0.8405320399999618 0.1782236862182617 0.8405320399999618
0 0.1344275379180908 0.7743833923339843 0.14073857009410856 0.7743833923339843 0.14073857009410856 0.7827021992206573 0.1344275379180908 0.7827021992206573
0 0.23995485305786132 0.6244906616210938 0.2470529842376709 0.6244906616210938 0.2470529842376709 0.6342862111330033 0.23995485305786132 0.6342862111330033
0 0.5557232666015625 0.8322329711914063 0.5632651299238205 0.8322329711914063 0.5632651299238205 0.8406121808290482 0.5557232666015625 0.8406121808290482
0 0.47092494964599607 0.010225857496261597 0.4782081532478332 0.010225857496261597 0.4782081532478332 0.018674811720848082 0.47092494964599607 0.018674811720848082
0 0.4540363311767578 0.8380182647705078 0.4609216231107712 0.8380182647705078 0.4609216231107712 0.8470222944021225 0.4540363311767578 0.8470222944021225
0 0.5030932998657227 0.520413932800293 0.5106516641378404 0.520413932800293 0.5106516641378404 0.5309866929054261 0.5030932998657227 0.5309866929054261
0 0.1712001609802246 0.16203536987304687 0.17797840476036073 0.16203536987304687 0.17797840476036073 0.17206823110580446 0.1712001609802246 0.17206823110580446
0 0.543121223449707 0.4670347595214844 0.5517145240306854 0.4670347595214844 0.5517145240306854 0.47658098995685577 0.543121223449707 0.47658098995685577
0 0.5186947250366211 0.46701797485351565 0.5273358720541 0.46701797485351565 0.5273358720541 0.47691685736179357 0.5186947250366211 0.47691685736179357
0 0.4511845016479492 0.6804627990722656 0.4581613463163376 0.6804627990722656 0.4581613463163376 0.6904140597581864 0.4511845016479492 0.6904140597581864
0 0.1847383499145508 0.669599380493164 0.19223947882652284 0.669599380493164 0.19223947882652284 0.6789933395385742 0.1847383499145508 0.6789933395385742
0 0.5056613922119141 0.36172233581542973 0.5126952207088471 0.36172233581542973 0.5126952207088471 0.371132225394249 0.5056613922119141 0.371132225394249
0 0.5317876815795899 0.82786865234375 0.5387101447582245 0.82786865234375 0.5387101447582245 0.837447930574417 0.5317876815795899 0.837447930574417
0 0.1549482536315918 0.472085189819336 0.1616843730211258 0.472085189819336 0.1616843730211258 0.48054259121418 0.1549482536315918 0.48054259121418
0 0.21039310455322266 0.36814197540283206 0.21721801221370698 0.36814197540283206 0.21721801221370698 0.37771710276603704 0.21039310455322266 0.37771710276603704
0 0.5497528457641602 0.3566957092285156 0.5574271887540818 0.3566957092285156 0.5574271887540818 0.366009104847908 0.5497528457641602 0.366009104847908
0 0.47167263031005857 0.15306031227111816 0.47864160895347596 0.15306031227111816 0.47864160895347596 0.16234818041324614 0.47167263031005857 0.16234818041324614
0 0.21798864364624024 0.0760365104675293 0.22554221749305725 0.0760365104675293 0.22554221749305725 0.08488117277622223 0.21798864364624024 0.08488117277622223
0 0.23220190048217773 0.3716619873046875 0.239417222738266 0.3716619873046875 0.239417222738266 0.3814707398414612 0.23220190048217773 0.3814707398414612
0 0.17088407516479492 0.07598614692687988 0.17793475925922395 0.07598614692687988 0.17793475925922395 0.08497468531131744 0.17088407516479492 0.08497468531131744
0 0.22191110610961914 0.16684009552001952 0.22934938132762908 0.16684009552001952 0.22934938132762908 0.17719848155975343 0.22191110610961914 0.17719848155975343
0 0.21299320220947265 0.6736389160156249 0.22056846618652343 0.6736389160156249 0.22056846618652343 0.6841420233249663 0.21299320220947265 0.6841420233249663
0 0.468050537109375 0.21481700897216796 0.47444633543491366 0.21481700897216796 0.47444633543491366 0.22440794825553892 0.468050537109375 0.22440794825553892
0 0.47962448120117185 0.8365123748779297 0.4865276342630386 0.8365123748779297 0.4865276342630386 0.8455931729078293 0.47962448120117185 0.8455931729078293
0 0.4558944320678711 0.628763427734375 0.46231128513813025 0.628763427734375 0.46231128513813025 0.6374433070421218 0.4558944320678711 0.6374433070421218
0 0.4824399948120117 0.3674473190307617 0.49014340639114384 0.3674473190307617 0.49014340639114384 0.37664670884609225 0.4824399948120117 0.37664670884609225
0 0.5200300216674805 0.6285950088500977 0.527229922413826 0.6285950088500977 0.527229922413826 0.6380847895145416 0.5200300216674805 0.6380847895145416
0 0.1313365650177002 0.47303119659423826 0.13936728656291963 0.47303119659423826 0.13936728656291963 0.48228150129318237 0.1313365650177002 0.48228150129318237
0 0.15725603103637695 0.619020652770996 0.1635053479671478 0.619020652770996 0.1635053479671478 0.6281229948997498 0.15725603103637695 0.6281229948997498
0 0.1658426856994629 0.02395666837692261 0.17244509875774383 0.02395666837692261 0.17244509875774383 0.0320081377029419 0.1658426856994629 0.0320081377029419
0 0.18484245300292967 0.31848886489868167 0.19272051274776456 0.31848886489868167 0.19272051274776456 0.3284755647182465 0.18484245300292967 0.3284755647182465
0 0.15462334632873534 0.6593268585205078 0.16157759845256803 0.6593268585205078 0.16157759845256803 0.6682558590173722 0.15462334632873534 0.6682558590173722
0 0.23468460083007814 0.6712797546386718 0.24224391162395478 0.6712797546386718 0.24224391162395478 0.6799051606655121 0.23468460083007814 0.6799051606655121
0 0.4483903121948242 0.21593961715698246 0.4557063102722168 0.21593961715698246 0.4557063102722168 0.22563985884189608 0.4483903121948242 0.22563985884189608
0 0.5416721343994141 0.011448689699172974 0.5494865268468857 0.011448689699172974 0.5494865268468857 0.01940500319004059 0.5416721343994141 0.01940500319004059
0 0.15150938987731932 0.7797122192382813 0.15844927072525022 0.7797122192382813 0.15844927072525022 0.789515398144722 0.15150938987731932 0.789515398144722
0 0.15765595436096191 0.8282227325439453 0.16412640571594236 0.8282227325439453 0.16412640571594236 0.8373576080799102 0.15765595436096191 0.8373576080799102
0 0.44835620880126953 0.32006431579589845 0.4566464328765869 0.32006431579589845 0.4566464328765869 0.3301000130176544 0.44835620880126953 0.3301000130176544
0 0.14002498626708984 0.36876209259033205 0.1467853546142578 0.36876209259033205 0.1467853546142578 0.3782264947891235 0.14002498626708984 0.3782264947891235
0 0.22279319763183594 0.7796820068359375 0.23015532672405245 0.7796820068359375 0.23015532672405245 0.7888144314289094 0.22279319763183594 0.7888144314289094
0 0.5267021560668945 0.20474079132080078 0.5342919844388961 0.20474079132080078 0.5342919844388961 0.2141704660654068 0.5267021560668945 0.2141704660654068
0 0.14596065521240234 0.0758450174331665 0.15324351847171783 0.0758450174331665 0.15324351847171783 0.08521770894527435 0.14596065521240234 0.08521770894527435
0 0.22960121154785157 0.5274204254150391 0.2385084116458893 0.5274204254150391 0.2385084116458893 0.5382929050922394 0.22960121154785157 0.5382929050922394
0 0.22388229370117188 0.47454299926757815 0.23281006038188937 0.47454299926757815 0.23281006038188937 0.4849697721004486 0.22388229370117188 0.4849697721004486
0 0.2096232795715332 0.8386749267578126 0.21665253937244416 0.8386749267578126 0.21665253937244416 0.8468790161609651 0.2096232795715332 0.8468790161609651
0 0.19430923461914062 0.026351819038391112 0.20093101680278777 0.026351819038391112 0.20093101680278777 0.03579317033290863 0.19430923461914062 0.03579317033290863
0 0.4985797119140625 0.05536138534545899 0.5058606380224228 0.05536138534545899 0.5058606380224228 0.0640649825334549 0.4985797119140625 0.0640649825334549
0 0.1452655792236328 0.023142848014831543 0.15089684128761294 0.023142848014831543 0.15089684128761294 0.031080301403999328 0.1452655792236328 0.031080301403999328
0 0.194869384765625 0.15996907234191896 0.2026278430223465 0.15996907234191896 0.2026278430223465 0.17023428440093993 0.194869384765625 0.17023428440093993
0 0.503374137878418 0.31157258987426756 0.5113783192634583 0.31157258987426756 0.5113783192634583 0.3220418190956116 0.503374137878418 0.3220418190956116
0 0.5276351165771485 0.30926128387451174 0.5356501799821853 0.30926128387451174 0.5356501799821853 0.3197664856910706 0.5276351165771485 0.3197664856910706
0 0.5111322784423828 0.1557627773284912 0.5184249150753022 0.1557627773284912 0.5184249150753022 0.16592230439186093 0.5111322784423828 0.16592230439186093
0 0.5188609695434571 0.007278936505317688 0.5261902153491973 0.007278936505317688 0.5261902153491973 0.017692062258720397 0.5188609695434571 0.017692062258720397
0 0.5446831130981445 0.0549971342086792 0.551550869345665 0.0549971342086792 0.551550869345665 0.06392649054527283 0.5446831130981445 0.06392649054527283
0 0.14002638816833496 0.16112438201904297 0.14803463518619536 0.16112438201904297 0.14803463518619536 0.17148196697235107 0.14002638816833496 0.17148196697235107
0 0.19741121292114258 0.4732225036621094 0.20517230331897734 0.4732225036621094 0.20517230331897734 0.4833326375484467 0.19741121292114258 0.4833326375484467
0 0.13798337936401367 0.6751529693603515 0.14500790774822234 0.6751529693603515 0.14500790774822234 0.6849503767490387 0.13798337936401367 0.6849503767490387
0 0.4732901382446289 0.5223673248291015 0.48069845795631405 0.5223673248291015 0.48069845795631405 0.5324181628227234 0.4732901382446289 0.5324181628227234
0 0.5423284530639648 0.6806346893310546 0.5498002326488495 0.6806346893310546 0.5498002326488495 0.690252074599266 0.5423284530639648 0.690252074599266
0 0.45571319580078123 0.7862509155273437 0.462951095700264 0.7862509155273437 0.462951095700264 0.7968654191493989 0.45571319580078123 0.7968654191493989
0 0.45268245697021486 0.004954460859298706 0.4597626531124115 0.004954460859298706 0.4597626531124115 0.015107179880142211 0.45268245697021486 0.015107179880142211
0 0.19386863708496094 0.07822993755340577 0.2007878476381302 0.07822993755340577 0.2007878476381302 0.08792447149753571 0.19386863708496094 0.08792447149753571
0 0.4755882263183594 0.6822151947021484 0.48384275794029236 0.6822151947021484 0.48384275794029236 0.6926268279552459 0.4755882263183594 0.6926268279552459
0 0.5015578842163086 0.8283690643310547 0.5089236211776734 0.8283690643310547 0.5089236211776734 0.8390851616859436 0.5015578842163086 0.8390851616859436
0 0.20082584381103516 0.7759140014648438 0.20832938313484192 0.7759140014648438 0.20832938313484192 0.7856597030162812 0.20082584381103516 0.7856597030162812
0 0.26275394439697264 0.2242275047302246 0.27045123457908626 0.2242275047302246 0.27045123457908626 0.23471900939941406 0.26275394439697264 0.23471900939941406
0 0.18157424926757812 0.5255774307250977 0.18848952651023862 0.5255774307250977 0.18848952651023862 0.5363899827003479 0.18157424926757812 0.5363899827003479
0 0.1752431297302246 0.47217693328857424 0.18290219902992247 0.47217693328857424 0.18290219902992247 0.48088365375995634 0.1752431297302246 0.48088365375995634
0 0.2533444595336914 0.3238680648803711 0.2615851521492004 0.3238680648803711 0.2615851521492004 0.33454366326332097 0.2533444595336914 0.33454366326332097
0 0.4494626998901367 0.15720608711242676 0.45745579183101653 0.15720608711242676 0.45745579183101653 0.16766248822212218 0.4494626998901367 0.16766248822212218
0 0.20257402420043946 0.5256999206542968 0.21035854995250705 0.5256999206542968 0.21035854995250705 0.5364001262187957 0.20257402420043946 0.5364001262187957
0 0.24998565673828121 0.021671926975250243 0.2564337962865829 0.021671926975250243 0.2564337962865829 0.02917929768562317 0.24998565673828121 0.02917929768562317
0 0.5281660842895508 0.35551685333251953 0.5355703818798065 0.35551685333251953 0.5355703818798065 0.3655052328109741 0.5281660842895508 0.3655052328109741
0 0.13628897666931153 0.8245821380615235 0.14341157853603365 0.8245821380615235 0.14341157853603365 0.8332257282733918 0.13628897666931153 0.8332257282733918
0 0.456209716796875 0.3704887771606445 0.4642077469825745 0.3704887771606445 0.4642077469825745 0.380684928894043 0.456209716796875 0.380684928894043
0 0.1350232982635498 0.525586051940918 0.1426143389940262 0.525586051940918 0.1426143389940262 0.5350997090339661 0.1350232982635498 0.5350997090339661
0 0.13268057823181154 0.6197771453857421 0.14012466430664067 0.6197771453857421 0.14012466430664067 0.6294321638345718 0.13268057823181154 0.6294321638345718
0 0.4498196792602539 0.5238160705566406 0.4573684030771255 0.5238160705566406 0.4573684030771255 0.5334808135032654 0.4498196792602539 0.5334808135032654
0 0.24660486221313477 0.07260435581207275 0.2542060160636902 0.07260435581207275 0.2542060160636902 0.0822878909111023 0.24660486221313477 0.0822878909111023
0 0.49671897486758104 0.014142152864625767 0.5022604644452112 0.014142152864625767 0.5022604644452112 0.022896818923679806 0.49671897486758104 0.022896818923679806
0 0.5183811613983174 0.05589517560780659 0.5259377380950859 0.05589517560780659 0.5259377380950859 0.06801702092034295 0.5183811613983174 0.06801702092034295
0 0.17632012292459773 0.6202344184914443 0.18337292784158166 0.6202344184914443 0.18337292784158166 0.6289890845504985 0.17632012292459773 0.6289890845504985
