0 0.500616569519043 0.5299133682250976 0.5083809274435043 0.5299133682250976 0.5083809274435043 0.5399162554740905 0.500616569519043 0.5399162554740905
0 0.5478610992431641 0.8426386260986328 0.5564163118600844 0.8426386260986328 0.5564163118600844 0.8539220654964447 0.5478610992431641 0.8539220654964447
0 0.5070147705078125 0.84348388671875 0.5150657331943512 0.84348388671875 0.5150657331943512 0.8540288960933685 0.5070147705078125 0.8540288960933685
0 0.5166876602172852 0.6863379669189453 0.5245615500211716 0.6863379669189453 0.5245615500211716 0.6958009463548661 0.5166876602172852 0.6958009463548661
0 0.46926780700683596 0.3732329559326172 0.47680278062820436 0.3732329559326172 0.47680278062820436 0.3837027382850647 0.46926780700683596 0.3837027382850647
0 0.2179737854003906 0.7727758026123047 0.22510610103607176 0.7727758026123047 0.22510610103607176 0.7824545395374297 0.2179737854003906 0.7824545395374297
0 0.5216022491455078 0.37329185485839844 0.5300029814243316 0.37329185485839844 0.5300029814243316 0.3836202764511109 0.5216022491455078 0.3836202764511109
0 0.7736765289306641 0.7627919006347655 0.7821000903844834 0.7627919006347655 0.7821000903844834 0.7718855857849121 0.7736765289306641 0.7718855857849121
0 0.5397776794433594 0.22558588027954102 0.5476497954130173 0.22558588027954102 0.5476497954130173 0.23682603359222412 0.5397776794433594 0.23682603359222412
0 0.4459822463989258 0.3724886703491211 0.45416131198406223 0.3724886703491211 0.45416131198406223 0.3822416061162948 0.4459822463989258 0.3822416061162948
0 0.4531864166259766 0.1441524314880371 0.46150281131267545 0.1441524314880371 0.46150281131267545 0.1548462927341461 0.4531864166259766 0.1548462927341461
0 0.5071447372436524 0.22692422866821288 0.514984974861145 0.22692422866821288 0.514984974861145 0.2373358416557312 0.5071447372436524 0.2373358416557312
0 0.43731002807617186 0.226396484375 0.4459865719079971 0.226396484375 0.4459865719079971 0.237490473985672 0.43731002807617186 0.237490473985672
0 0.1889497947692871 0.7706066131591796 0.19634130299091337 0.7706066131591796 0.19634130299091337 0.7803215599060057 0.1889497947692871 0.7803215599060057
0 0.5779614639282227 0.8434688568115234 0.5866282194852829 0.8434688568115234 0.5866282194852829 0.85365105509758 0.5779614639282227 0.85365105509758
0 0.5621029663085938 0.5324161911010742 0.5708109444379807 0.5324161911010742 0.5708109444379807 0.5429729807376861 0.5621029663085938 0.5429729807376861
0 0.4981455230712891 0.37380992889404296 0.5053451877832413 0.37380992889404296 0.5053451877832413 0.3840967643260956 0.4981455230712891 0.3840967643260956
0 0.4690864562988281 0.8416815948486328 0.4769440823793411 0.8416815948486328 0.4769440823793411 0.8520339322090148 0.4690864562988281 0.8520339322090148
0 0.5694111251831054 0.46945968627929685 0.5781444162130356 0.46945968627929685 0.5781444162130356 0.4785374796390533 0.5694111251831054 0.4785374796390533
0 0.48511711120605466 0.7729988098144531 0.4930169057846069 0.7729988098144531 0.4930169057846069 0.7839392828941345 0.48511711120605466 0.7839392828941345
0 0.46190586090087893 0.4707854461669922 0.46935738384723663 0.4707854461669922 0.46935738384723663 0.48057842612266544 0.46190586090087893 0.48057842612266544
0 0.4663344192504883 0.30329288482666017 0.4740794372558594 0.30329288482666017 0.4740794372558594 0.313869321346283 0.4663344192504883 0.313869321346283
0 0.5288809585571289 0.4675669860839844 0.5368811774253844 0.4675669860839844 0.5368811774253844 0.47761924743652345 0.5288809585571289 0.47761924743652345
0 0.16256982803344727 0.8351884460449219 0.16989131152629852 0.8351884460449219 0.16989131152629852 0.8439228773117067 0.16256982803344727 0.8439228773117067
0 0.5786020278930664 0.7694713592529296 0.5870631444454193 0.7694713592529296 0.5870631444454193 0.7792968332767487 0.5786020278930664 0.7792968332767487
0 0.819359359741211 0.8369428253173828 0.8276114076375962 0.8369428253173828 0.8276114076375962 0.8467219698429108 0.819359359741211 0.8467219698429108
0 0.579498176574707 0.6845436096191406 0.5869439923763274 0.6845436096191406 0.5869439923763274 0.6961424243450165 0.579498176574707 0.6961424243450165
0 0.43588939666748044 0.47033092498779294 0.44344362080097194 0.47033092498779294 0.44344362080097194 0.47916204810142515 0.43588939666748044 0.47916204810142515
0 0.5842096710205078 0.62416015625 0.592091782093048 0.62416015625 0.592091782093048 0.6337056750059128 0.5842096710205078 0.6337056750059128
0 0.4854493713378906 0.3049388313293457 0.49257794618606565 0.3049388313293457 0.49257794618606565 0.3141886222362518 0.4854493713378906 0.3141886222362518
0 0.5243082046508789 0.1465969753265381 0.5321426463127137 0.1465969753265381 0.5321426463127137 0.1577305853366852 0.5243082046508789 0.1577305853366852
0 0.4792906188964844 0.5335782241821289 0.4864134275913239 0.5335782241821289 0.4864134275913239 0.5434618872404098 0.4792906188964844 0.5434618872404098
0 0.5283893966674804 0.53302490234375 0.536946147084236 0.53302490234375 0.536946147084236 0.5430818676948547 0.5283893966674804 0.5430818676948547
0 0.2591707229614258 0.7728775024414063 0.26785906553268435 0.7728775024414063 0.26785906553268435 0.7833919143676757 0.2591707229614258 0.7833919143676757
0 0.4560972213745117 0.7702413940429688 0.4637719190120697 0.7702413940429688 0.4637719190120697 0.7803883302211762 0.4560972213745117 0.7803883302211762
0 0.22508115768432618 0.841834945678711 0.2328621053695679 0.841834945678711 0.2328621053695679 0.8522749614715576 0.22508115768432618 0.8522749614715576
0 0.8357950592041016 0.7731241607666015 0.8443552398681641 0.7731241607666015 0.8443552398681641 0.7823200714588164 0.8357950592041016 0.7823200714588164
0 0.5527215957641601 0.3682320785522461 0.561079390645027 0.3682320785522461 0.561079390645027 0.3778662252426148 0.5527215957641601 0.3778662252426148
0 0.5440297317504883 0.6844625091552734 0.551679412126541 0.6844625091552734 0.551679412126541 0.6945346534252166 0.5440297317504883 0.6945346534252166
0 0.5373278427124023 0.3077751350402832 0.5447610020637512 0.3077751350402832 0.5447610020637512 0.31808564901351927 0.5373278427124023 0.31808564901351927
0 0.7687178802490234 0.835634994506836 0.7780348497629166 0.835634994506836 0.7780348497629166 0.8466855204105377 0.7687178802490234 0.8466855204105377
0 0.5101309967041016 0.7685137939453125 0.5183910286426544 0.7685137939453125 0.5183910286426544 0.778256254196167 0.5101309967041016 0.778256254196167
0 0.1274741554260254 0.8323694610595703 0.1356048572063446 0.8323694610595703 0.1356048572063446 0.8417234152555466 0.1274741554260254 0.8417234152555466
0 0.566967887878418 0.22444290161132813 0.5753676146268845 0.22444290161132813 0.5753676146268845 0.2350161361694336 0.566967887878418 0.2350161361694336
0 0.4868031692504883 0.617894287109375 0.4953633499145508 0.617894287109375 0.4953633499145508 0.6281787502765656 0.4868031692504883 0.6281787502765656
0 0.4873870849609375 0.6850144958496094 0.4953451937437058 0.6850144958496094 0.4953451937437058 0.6950103467702866 0.4873870849609375 0.6950103467702866
0 0.4501742935180664 0.6164357376098633 0.458058415055275 0.6164357376098633 0.458058415055275 0.6270964527130127 0.4501742935180664 0.6270964527130127
0 0.48573688507080076 0.14852895736694335 0.494112422466278 0.14852895736694335 0.494112422466278 0.15798417925834654 0.48573688507080076 0.15798417925834654
0 0.5636222076416015 0.3059674263000488 0.5725626754760742 0.3059674263000488 0.5725626754760742 0.3168328309059143 0.5636222076416015 0.3168328309059143
0 0.45011966705322265 0.5347980117797851 0.45852477610111236 0.5347980117797851 0.45852477610111236 0.5442372328042984 0.45011966705322265 0.5442372328042984
0 0.5477700042724609 0.6211398315429687 0.5561424660682679 0.6211398315429687 0.5561424660682679 0.6313636946678161 0.5477700042724609 0.6313636946678161
0 0.5119087219238281 0.3080783462524414 0.5201677483320236 0.3080783462524414 0.5201677483320236 0.31922716498374937 0.5119087219238281 0.31922716498374937
0 0.4728425979614258 0.22230155944824218 0.4816393488645554 0.22230155944824218 0.4816393488645554 0.23395488619804383 0.4728425979614258 0.23395488619804383
0 0.4971596145629883 0.46245368957519534 0.5056756746768951 0.46245368957519534 0.5056756746768951 0.4735940682888031 0.4971596145629883 0.4735940682888031
0 0.31259347915649416 0.754368896484375 0.3198913496732712 0.754368896484375 0.3198913496732712 0.7622538954019547 0.31259347915649416 0.7622538954019547
0 0.8471976470947266 0.8384860229492187 0.8535107046365737 0.8384860229492187 0.8535107046365737 0.8466291564702987 0.8471976470947266 0.8466291564702987
0 0.28427242279052733 0.850847625732422 0.29325677394866945 0.850847625732422 0.29325677394866945 0.8617884147167206 0.28427242279052733 0.8617884147167206
0 0.8022299957275391 0.7657701873779297 0.8110228431224823 0.7657701873779297 0.8110228431224823 0.7771712696552276 0.8022299957275391 0.7771712696552276
0 0.5806940841674805 0.36876377105712893 0.5896945816278458 0.36876377105712893 0.5896945816278458 0.3796602070331574 0.5806940841674805 0.3796602070331574
0 0.43590133666992187 0.8386386108398437 0.4437677156925201 0.8386386108398437 0.4437677156925201 0.849347118139267 0.43590133666992187 0.849347118139267
0 0.6055084228515625 0.15534850120544433 0.614288318157196 0.15534850120544433 0.614288318157196 0.16655077576637267 0.6055084228515625 0.16655077576637267
0 0.5188480377197265 0.61922607421875 0.5284160673618316 0.61922607421875 0.5284160673618316 0.6312182176113128 0.5188480377197265 0.6312182176113128
0 0.6014097213745118 0.7676067352294922 0.6096681565046311 0.7676067352294922 0.6096681565046311 0.7772925084829331 0.6014097213745118 0.7772925084829331
0 0.18322702407836913 0.8384982299804687 0.19223000526428222 0.8384982299804687 0.19223000526428222 0.8487477874755859 0.18322702407836913 0.8487477874755859
0 0.455523460408842 0.6825011155387418 0.463583808885395 0.6825011155387418 0.463583808885395 0.6932760891498853 0.455523460408842 0.6932760891498853
0 0.12342408604721843 0.7660071610251036 0.1304768909642023 0.7660071610251036 0.1304768909642023 0.7774555704869432 0.12342408604721843 0.7774555704869432
0 0.8811098599708426 0.7666805968757999 0.8871551213282574 0.7666805968757999 0.8871551213282574 0.7794758780390328 0.8811098599708426 0.7794758780390328
0 0.8957192415845949 0.8259429517370888 0.9047871336207172 0.8259429517370888 0.9047871336207172 0.8380647970496253 0.8957192415845949 0.8380647970496253
