0 0.8056891632080078 0.22822980880737304 0.813480726480484 0.22822980880737304 0.813480726480484 0.2376168298721313 0.8056891632080078 0.2376168298721313
0 0.8187454223632813 0.32270992279052735 0.8264635896682739 0.32270992279052735 0.8264635896682739 0.33203057229518895 0.8187454223632813 0.33203057229518895
0 0.25581758499145507 0.3122313117980957 0.2642750644683838 0.3122313117980957 0.2642750644683838 0.32181602537631987 0.25581758499145507 0.32181602537631987
0 0.5623804092407226 0.6849931335449219 0.570395945906639 0.6849931335449219 0.570395945906639 0.6958845889568329 0.5623804092407226 0.6958845889568329
0 0.27481937408447266 0.5190238952636719 0.2827435946464539 0.5190238952636719 0.2827435946464539 0.5290948140621186 0.27481937408447266 0.5290948140621186
0 0.8301943206787109 0.5306843185424804 0.8378337693214417 0.5306843185424804 0.8378337693214417 0.5404021906852722 0.8301943206787109 0.5404021906852722
0 0.5552333068847656 0.8334318542480469 0.563186329603195 0.8334318542480469 0.563186329603195 0.8434785413742066 0.5552333068847656 0.8434785413742066
0 0.486420783996582 0.6864453125 0.4949394172430038 0.6864453125 0.4949394172430038 0.6971426725387573 0.486420783996582 0.6971426725387573
0 0.2523983192443848 0.5296779251098633 0.2606533241271973 0.5296779251098633 0.2606533241271973 0.5399446785449983 0.2523983192443848 0.5399446785449983
0 0.5719490432739258 0.4679819107055664 0.5801201248168946 0.4679819107055664 0.5801201248168946 0.47797633826732633 0.5719490432739258 0.47797633826732633
0 0.21190710067749025 0.8328555297851562 0.21818822145462036 0.8328555297851562 0.21818822145462036 0.8410032486915587 0.21190710067749025 0.8410032486915587
0 0.5258712387084961 0.8336790466308593 0.5334359312057495 0.8336790466308593 0.5334359312057495 0.843811672925949 0.5258712387084961 0.843811672925949
0 0.49811836242675783 0.8343907165527343 0.5057419610023499 0.8343907165527343 0.5057419610023499 0.8436975502967834 0.49811836242675783 0.8436975502967834
0 0.5684645843505859 0.37538253784179687 0.5764567005634307 0.37538253784179687 0.5764567005634307 0.38437130868434904 0.5684645843505859 0.38437130868434904
0 0.5918467330932617 0.5308183288574219 0.5999056214094162 0.5308183288574219 0.5999056214094162 0.5407665848731995 0.5918467330932617 0.5407665848731995
0 0.7713423919677734 0.6791207885742188 0.7789725553989411 0.6791207885742188 0.7789725553989411 0.6894396829605104 0.7713423919677734 0.6894396829605104
0 0.8108690643310547 0.626274642944336 0.8183878624439239 0.626274642944336 0.8183878624439239 0.6353822427988053 0.8108690643310547 0.6353822427988053
0 0.5847749328613281 0.7837429809570312 0.5931853646039962 0.7837429809570312 0.5931853646039962 0.7928016418218613 0.5847749328613281 0.7928016418218613
0 0.8137863922119141 0.6797661590576172 0.82229434967041 0.6797661590576172 0.82229434967041 0.6896020692586898 0.8137863922119141 0.6896020692586898
0 0.7719148254394531 0.7826964569091798 0.7791308134794235 0.7826964569091798 0.7791308134794235 0.7916518640518189 0.7719148254394531 0.7916518640518189
0 0.8372759246826171 0.22605083465576173 0.8444733417034148 0.22605083465576173 0.8444733417034148 0.2357150638103485 0.8372759246826171 0.2357150638103485
0 0.2491829490661621 0.7837639617919921 0.2563165509700775 0.7837639617919921 0.2563165509700775 0.7928039640188218 0.2491829490661621 0.7928039640188218
0 0.4979224777221679 0.7816044616699219 0.5056989598274231 0.7816044616699219 0.5056989598274231 0.7910760587453842 0.4979224777221679 0.7910760587453842
0 0.7956571197509765 0.5337296676635742 0.8033082199096679 0.5337296676635742 0.8033082199096679 0.543326101899147 0.7956571197509765 0.543326101899147
0 0.28061279296875 0.36701805114746094 0.2889576947689057 0.36701805114746094 0.2889576947689057 0.37631927132606513 0.28061279296875 0.37631927132606513
0 0.4606903457641602 0.7930278778076172 0.46855625152587893 0.7930278778076172 0.46855625152587893 0.8021759569644928 0.4606903457641602 0.8021759569644928
0 0.5217198181152344 0.6871688842773438 0.5287144351005554 0.6871688842773438 0.5287144351005554 0.6970780843496323 0.5217198181152344 0.6970780843496323
0 0.8420000457763672 0.37575103759765627 0.8500061196088792 0.37575103759765627 0.8500061196088792 0.3850317019224167 0.8420000457763672 0.3850317019224167
0 0.6014446258544922 0.6858654022216797 0.6088634729385377 0.6858654022216797 0.6088634729385377 0.6945685255527496 0.6014446258544922 0.6945685255527496
0 0.7998428344726562 0.32307914733886717 0.8076524955034257 0.32307914733886717 0.8076524955034257 0.33318058371543885 0.7998428344726562 0.33318058371543885
0 0.522396240234375 0.3152191162109375 0.5306080710887909 0.3152191162109375 0.5306080710887909 0.32527685165405273 0.522396240234375 0.32527685165405273
0 0.20911197662353515 0.366489601135254 0.21722885370254516 0.366489601135254 0.21722885370254516 0.37603670120239263 0.20911197662353515 0.37603670120239263
0 0.5621721649169922 0.6323702239990234 0.571046569943428 0.6323702239990234 0.571046569943428 0.6420917326211929 0.5621721649169922 0.6420917326211929
0 0.47127906799316405 0.3766829299926758 0.47919660508632655 0.3766829299926758 0.47919660508632655 0.38695415019989016 0.47127906799316405 0.38695415019989016
0 0.7791579437255859 0.6250506973266602 0.7859091299772262 0.6250506973266602 0.7859091299772262 0.634526207447052 0.7791579437255859 0.634526207447052
0 0.7734957122802735 0.5144255828857421 0.7815821605920792 0.5144255828857421 0.7815821605920792 0.5236944669485092 0.7734957122802735 0.5236944669485092
0 0.49477474212646483 0.31454729080200194 0.5025865918397904 0.31454729080200194 0.5025865918397904 0.32485399007797244 0.49477474212646483 0.32485399007797244
0 0.5145774841308594 0.5331097030639649 0.5224831926822661 0.5331097030639649 0.5224831926822661 0.5422652530670167 0.5145774841308594 0.5422652530670167
0 0.46595527648925783 0.8345086669921875 0.4735700333118439 0.8345086669921875 0.4735700333118439 0.8450121688842774 0.46595527648925783 0.8450121688842774
0 0.7863551330566406 0.16762710571289063 0.7942849719524384 0.16762710571289063 0.7942849719524384 0.17760415971279142 0.7863551330566406 0.17760415971279142
0 0.8273172760009766 0.47267066955566406 0.8355870664119721 0.47267066955566406 0.8355870664119721 0.482052531838417 0.8273172760009766 0.482052531838417
0 0.5270155715942383 0.6347619247436523 0.53601447224617 0.6347619247436523 0.53601447224617 0.6461549425125123 0.5270155715942383 0.6461549425125123
0 0.8462137603759765 0.16769775390625 0.8539711987972259 0.16769775390625 0.8539711987972259 0.1773762536048889 0.8462137603759765 0.1773762536048889
0 0.5506979751586915 0.31723405838012697 0.5579612767696382 0.31723405838012697 0.5579612767696382 0.327233190536499 0.5506979751586915 0.327233190536499
0 0.4581212615966797 0.3138308334350586 0.4658787888288498 0.3138308334350586 0.4658787888288498 0.3235498124361038 0.4581212615966797 0.3235498124361038
0 0.8501102447509765 0.3221995162963867 0.8579692310094834 0.3221995162963867 0.8579692310094834 0.3320053637027741 0.8501102447509765 0.3320053637027741
0 0.20842670440673827 0.5259063339233399 0.21590862691402432 0.5259063339233399 0.21590862691402432 0.5353933870792389 0.20842670440673827 0.5353933870792389
0 0.584044075012207 0.3183747291564941 0.5919470632076262 0.3183747291564941 0.5919470632076262 0.32921135544776914 0.584044075012207 0.32921135544776914
0 0.23376667022705078 0.8278634643554688 0.24161481857299805 0.8278634643554688 0.24161481857299805 0.8364937722682952 0.23376667022705078 0.8364937722682952
0 0.2231963348388672 0.30382360458374025 0.2313647401332855 0.30382360458374025 0.2313647401332855 0.31492658734321594 0.2231963348388672 0.31492658734321594
0 0.5526745223999023 0.7860643768310547 0.5602602696418763 0.7860643768310547 0.5602602696418763 0.7949676823616026 0.5526745223999023 0.7949676823616026
0 0.7627669525146484 0.16903701782226563 0.770395873785019 0.16903701782226563 0.770395873785019 0.17867580890655518 0.7627669525146484 0.17867580890655518
0 0.2091168975830078 0.476262435913086 0.2162854826450348 0.476262435913086 0.2162854826450348 0.48657105207443235 0.2091168975830078 0.48657105207443235
0 0.5275214767456055 0.784002914428711 0.5362152016162872 0.784002914428711 0.5362152016162872 0.7939914125204087 0.5275214767456055 0.7939914125204087
0 0.7716748046875 0.3158831787109375 0.7790694624185562 0.3158831787109375 0.7790694624185562 0.32497970998287207 0.7716748046875 0.32497970998287207
0 0.8785474395751953 0.172230281829834 0.8847832572460176 0.172230281829834 0.8847832572460176 0.18063965320587158 0.8785474395751953 0.18063965320587158
0 0.8342961120605469 0.6788573455810547 0.8411377865076065 0.6788573455810547 0.8411377865076065 0.6877427834272386 0.8342961120605469 0.6877427834272386
0 0.9125254821777343 0.5317754745483398 0.9195590740442274 0.5317754745483398 0.9195590740442274 0.5407036447525024 0.9125254821777343 0.5407036447525024
0 0.44208560943603514 0.3816967391967773 0.4485802644491195 0.3816967391967773 0.4485802644491195 0.38991972446441653 0.44208560943603514 0.38991972446441653
0 0.26058332443237303 0.6215352630615234 0.26866870820522304 0.6215352630615234 0.26866870820522304 0.631982592344284 0.26058332443237303 0.631982592344284
0 0.4731589126586914 0.4652585220336914 0.48012120842933653 0.4652585220336914 0.48012120842933653 0.47387906610965735 0.4731589126586914 0.47387906610965735
0 0.18846551895141603 0.6679151916503906 0.19458083331584933 0.6679151916503906 0.19458083331584933 0.675879567861557 0.18846551895141603 0.675879567861557
0 0.8164297485351563 0.16814455032348632 0.823864386677742 0.16814455032348632 0.823864386677742 0.17791181564331054 0.8164297485351563 0.17791181564331054
0 0.16286359786987303 0.36489974975585937 0.16990393221378322 0.36489974975585937 0.16990393221378322 0.3740103536844253 0.16286359786987303 0.3740103536844253
0 0.7749134826660157 0.36862178802490236 0.7834283602237703 0.36862178802490236 0.7834283602237703 0.37930432438850403 0.7749134826660157 0.37930432438850403
0 0.7997944641113282 0.7847834014892578 0.8077218782901764 0.7847834014892578 0.8077218782901764 0.7943585681915283 0.7997944641113282 0.7943585681915283
0 0.44291152954101565 0.46603763580322266 0.44993474185466764 0.46603763580322266 0.44993474185466764 0.4745784068107605 0.44291152954101565 0.4745784068107605
0 0.16327247619628907 0.7722405242919922 0.1700486207008362 0.7722405242919922 0.1700486207008362 0.7804442977905274 0.16327247619628907 0.7804442977905274
0 0.7995906829833984 0.4729566955566406 0.8081626921892165 0.4729566955566406 0.8081626921892165 0.48310734748840334 0.7995906829833984 0.48310734748840334
0 0.9075908660888672 0.8235719299316406 0.9145638960599899 0.8235719299316406 0.9145638960599899 0.8315340924263 0.9075908660888672 0.8315340924263
0 0.5513682937622071 0.5353432083129883 0.5595610809326174 0.5353432083129883 0.5595610809326174 0.5458293163776398 0.5513682937622071 0.5458293163776398
0 0.5955638122558594 0.6319443893432617 0.6027190017700196 0.6319443893432617 0.6027190017700196 0.6405114483833313 0.5955638122558594 0.6405114483833313
0 0.5280376052856446 0.3787238693237305 0.5362383764982225 0.3787238693237305 0.5362383764982225 0.3895521152019501 0.5280376052856446 0.3895521152019501
0 0.9122949981689453 0.7763545227050782 0.9175101917982101 0.7763545227050782 0.9175101917982101 0.7833257335424423 0.9122949981689453 0.7833257335424423
0 0.18045387268066407 0.3154035186767578 0.18868176043033602 0.3154035186767578 0.18868176043033602 0.325053813457489 0.18045387268066407 0.325053813457489
0 0.5351374435424805 0.47126941680908196 0.5437497878074646 0.47126941680908196 0.5437497878074646 0.4806323838233947 0.5351374435424805 0.4806323838233947
0 0.23378278732299804 0.6183002090454102 0.24111623227596282 0.6183002090454102 0.24111623227596282 0.6278991734981537 0.23378278732299804 0.6278991734981537
0 0.2089535713195801 0.7832552337646485 0.21538192749023438 0.7832552337646485 0.21538192749023438 0.7926578104496003 0.2089535713195801 0.7926578104496003
0 0.14224227905273437 0.827744369506836 0.14906774818897248 0.827744369506836 0.14906774818897248 0.8367736196517945 0.14224227905273437 0.8367736196517945
0 0.7818435668945313 0.22257099151611331 0.7902366107702257 0.22257099151611331 0.7902366107702257 0.23384808659553527 0.7818435668945313 0.23384808659553527
0 0.4911576461791992 0.6317676162719726 0.4991977268457412 0.6317676162719726 0.4991977268457412 0.6412402015924454 0.4911576461791992 0.6412402015924454
0 0.8914527893066406 0.37586456298828125 0.8988284623622894 0.37586456298828125 0.8988284623622894 0.3846832340955734 0.8914527893066406 0.3846832340955734
0 0.8373037719726563 0.6290774154663086 0.8452097171545029 0.6290774154663086 0.8452097171545029 0.6376844793558121 0.8373037719726563 0.6376844793558121
0 0.15877923965454102 0.5207158660888672 0.16582665622234347 0.5207158660888672 0.16582665622234347 0.5287226587533952 0.15877923965454102 0.5287226587533952
0 0.7577189636230469 0.21228641510009766 0.7659115141630173 0.21228641510009766 0.7659115141630173 0.2230537247657776 0.7577189636230469 0.2230537247657776
0 0.5875936126708985 0.8309151458740235 0.5955918204784395 0.8309151458740235 0.5955918204784395 0.8402535247802735 0.5875936126708985 0.8402535247802735
0 0.4401305389404297 0.5379236602783203 0.4475675129890442 0.5379236602783203 0.4475675129890442 0.5481121826171874 0.4401305389404297 0.5481121826171874
0 0.8156179809570312 0.815848388671875 0.8227409374713897 0.815848388671875 0.8227409374713897 0.8247981822490692 0.8156179809570312 0.8247981822490692
0 0.77104736328125 0.47322090148925783 0.7788965910673142 0.47322090148925783 0.7788965910673142 0.48410658478736873 0.77104736328125 0.48410658478736873
0 0.8929939270019531 0.4806927490234375 0.9002837836742401 0.4806927490234375 0.9002837836742401 0.4899746781587601 0.8929939270019531 0.4899746781587601
0 0.8313182830810547 0.4302407455444336 0.8396705186367035 0.4302407455444336 0.8396705186367035 0.4402917420864105 0.8313182830810547 0.4402917420864105
0 0.5029954147338868 0.4730276870727539 0.5113843774795532 0.4730276870727539 0.5113843774795532 0.483564236164093 0.5029954147338868 0.483564236164093
0 0.27423295974731443 0.46410533905029294 0.28215123653411867 0.46410533905029294 0.28215123653411867 0.47523607254028316 0.27423295974731443 0.47523607254028316
0 0.47669937133789064 0.5253766250610351 0.48546054840087893 0.5253766250610351 0.48546054840087893 0.534795132279396 0.47669937133789064 0.534795132279396
0 0.7988492584228516 0.8281757354736328 0.8068782204389572 0.8281757354736328 0.8068782204389572 0.8391672027111053 0.7988492584228516 0.8391672027111053
0 0.14633044242858886 0.32237022399902343 0.15366634190082548 0.32237022399902343 0.15366634190082548 0.33155423641204834 0.14633044242858886 0.33155423641204834
0 0.18831974029541015 0.8302677917480469 0.19555267274379728 0.8302677917480469 0.19555267274379728 0.8398548966646194 0.18831974029541015 0.8398548966646194
0 0.7668341827392579 0.829766616821289 0.7748397833108902 0.829766616821289 0.7748397833108902 0.8398875427246094 0.7668341827392579 0.8398875427246094
0 0.18599096298217774 0.6240743255615234 0.19231746077537537 0.6240743255615234 0.19231746077537537 0.6325722062587739 0.18599096298217774 0.6325722062587739
0 0.8932125091552734 0.33054122924804685 0.9005546480417251 0.33054122924804685 0.9005546480417251 0.33950845599174495 0.8932125091552734 0.33950845599174495
0 0.1659630584716797 0.829761734008789 0.17270429372787474 0.829761734008789 0.17270429372787474 0.8399558699131012 0.1659630584716797 0.8399558699131012
0 0.2113040542602539 0.6746773529052734 0.2192286443710327 0.6746773529052734 0.2192286443710327 0.6835594701766967 0.2113040542602539 0.6835594701766967
0 0.45196685791015623 0.683651123046875 0.46002811193466187 0.683651123046875 0.46002811193466187 0.6936884021759033 0.45196685791015623 0.6936884021759033
0 0.8691262054443359 0.2222869110107422 0.8774877852201461 0.2222869110107422 0.8774877852201461 0.23161354959011077 0.8691262054443359 0.23161354959011077
0 0.1209052271482956 0.3132746050341618 0.13189661143450426 0.3132746050341618 0.13189661143450426 0.32613110763836706 0.1209052271482956 0.32613110763836706
0 0.12273712452933036 0.36776168749960314 0.13052268839872821 0.36776168749960314 0.13052268839872821 0.3824548333329806 0.12273712452933036 0.3824548333329806
0 0.14655179048278252 0.36592504427043093 0.15525330304269772 0.36592504427043093 0.15525330304269772 0.3812304045135324 0.14655179048278252 0.3812304045135324
0 0.13052268839872821 0.4644915642360045 0.14609381613752384 0.4644915642360045 0.14609381613752384 0.4791847100693819 0.13052268839872821 0.4791847100693819
0 0.13235458577976297 0.5263252196181344 0.14105609833967817 0.5263252196181344 0.14105609833967817 0.5367328645834434 0.13235458577976297 0.5367328645834434
0 0.1602910208405434 0.6132596657989507 0.1676186103646825 0.6132596657989507 0.1676186103646825 0.6248917395837079 0.1602910208405434 0.6248917395837079
0 0.21433199358106944 0.6187695954864673 0.22165958310520859 0.6187695954864673 0.22165958310520859 0.6279528116323282 0.21433199358106944 0.6279528116323282
0 0.15616925173321514 0.6640734618060476 0.16487076429313033 0.6640734618060476 0.16487076429313033 0.6757055355908049 0.15616925173321514 0.6757055355908049
0 0.14243002137545427 0.7736598411466542 0.1511315339353695 0.7736598411466542 0.1511315339353695 0.7865163437508595 0.14243002137545427 0.7865163437508595
0 0.1813578407224434 0.7754964843758265 0.190975301972876 0.7754964843758265 0.190975301972876 0.7895774157994798 0.1813578407224434 0.7895774157994798
0 0.451104730079815 0.627161424478048 0.4625540887112824 0.627161424478048 0.4625540887112824 0.6443034279503218 0.451104730079815 0.6443034279503218
0 0.8365031587426457 0.7783783836798907 0.8470365686835958 0.7783783836798907 0.8470365686835958 0.7900104574646477 0.8365031587426457 0.7900104574646477
0 0.8626076964223912 0.7789905980896148 0.8722251576728237 0.7789905980896148 0.8722251576728237 0.7924593151035441 0.8626076964223912 0.7924593151035441
0 0.8594018760055804 0.8218456067702989 0.8690193372560131 0.8218456067702989 0.8690193372560131 0.8353143237842282 0.8594018760055804 0.8353143237842282
0 0.8648975681486847 0.626549210068324 0.8758889524348935 0.626549210068324 0.8758889524348935 0.6430789991308736 0.8648975681486847 0.6430789991308736
0 0.8667294655297195 0.6718530763879044 0.8749730037443761 0.6718530763879044 0.8749730037443761 0.6883828654504539 0.8667294655297195 0.6883828654504539
0 0.8960398236262761 0.6779752204851449 0.9029094388051565 0.6779752204851449 0.9029094388051565 0.6883828654504539 0.8960398236262761 0.6883828654504539
0 0.9061152592219673 0.6198148515613593 0.9129848744008476 0.6198148515613593 0.9129848744008476 0.6326713541655645 0.9061152592219673 0.6326713541655645
0 0.8667294655297195 0.5328804053805429 0.8754309780896348 0.5328804053805429 0.8754309780896348 0.5420636215264039 0.8667294655297195 0.5420636215264039
0 0.8626076964223912 0.4765566796859294 0.8717671833275653 0.4765566796859294 0.8717671833275653 0.4894131822901347 0.8626076964223912 0.4894131822901347
0 0.49393834848914137 0.37799015972035604 0.5040137840848329 0.37799015972035604 0.5040137840848329 0.39145887673428525 0.49393834848914137 0.39145887673428525
0 0.8703932602917892 0.3792145885398041 0.879552747196963 0.3792145885398041 0.879552747196963 0.38656116145649283 0.8703932602917892 0.38656116145649283
0 0.8960398236262761 0.21942662760182463 0.9029094388051565 0.21942662760182463 0.9029094388051565 0.23167091579630578 0.8960398236262761 0.23167091579630578
