0 0.5006348800659179 0.5313589477539062 0.5083248364925385 0.5313589477539062 0.5083248364925385 0.5405895662307739 0.5006348800659179 0.5405895662307739
0 0.5168046951293945 0.687239990234375 0.5246713107824326 0.687239990234375 0.5246713107824326 0.6969338279962539 0.5168046951293945 0.6969338279962539
0 0.54006591796875 0.2267567253112793 0.5478419268131256 0.2267567253112793 0.5478419268131256 0.23733264684677124 0.54006591796875 0.23733264684677124
0 0.5480450057983398 0.8442658233642578 0.5561771124601365 0.8442658233642578 0.5561771124601365 0.8549813675880432 0.5480450057983398 0.8549813675880432
0 0.5217412948608399 0.3735467529296875 0.5302239990234376 0.3735467529296875 0.5302239990234376 0.38379053950309755 0.5217412948608399 0.38379053950309755
0 0.4695359420776367 0.3739708709716797 0.4770017778873443 0.3739708709716797 0.4770017778873443 0.38460759043693543 0.4695359420776367 0.38460759043693543
0 0.4692621994018555 0.8433952331542969 0.4769689822196961 0.8433952331542969 0.4769689822196961 0.853277314901352 0.4692621994018555 0.853277314901352
0 0.5782123565673828 0.8444937133789062 0.5869422173500061 0.8444937133789062 0.5869422173500061 0.8543330234289169 0.5782123565673828 0.8543330234289169
0 0.579080810546875 0.7706935119628907 0.5871205365657807 0.7706935119628907 0.5871205365657807 0.7805816024541856 0.579080810546875 0.7805816024541856
0 0.5074978637695312 0.22751605987548829 0.5153189396858214 0.22751605987548829 0.5153189396858214 0.23770290255546572 0.5074978637695312 0.23770290255546572
0 0.45348434448242186 0.1445616054534912 0.4616602754592895 0.1445616054534912 0.4616602754592895 0.15502075433731077 0.45348434448242186 0.15502075433731077
0 0.5072969818115234 0.8448802947998046 0.5150736415386199 0.8448802947998046 0.5150736415386199 0.854744034409523 0.5072969818115234 0.854744034409523
0 0.43768115997314455 0.22713626861572267 0.4461757516860962 0.22713626861572267 0.4461757516860962 0.23752805709838867 0.43768115997314455 0.23752805709838867
0 0.5622182083129883 0.5329594421386719 0.5706181716918945 0.5329594421386719 0.5706181716918945 0.5436651039123535 0.5622182083129883 0.5436651039123535
0 0.7740181732177734 0.763316650390625 0.7825651061534882 0.763316650390625 0.7825651061534882 0.773172168135643 0.7740181732177734 0.773172168135643
0 0.44623470306396484 0.3730224227905274 0.45413624227046967 0.3730224227905274 0.45413624227046967 0.38216895997524264 0.44623470306396484 0.38216895997524264
0 0.5481482315063476 0.6223481369018554 0.5561847043037413 0.6223481369018554 0.5561847043037413 0.6321970528364181 0.5481482315063476 0.6321970528364181
0 0.4984701538085937 0.3744586563110352 0.505636875629425 0.3744586563110352 0.505636875629425 0.38434473097324373 0.4984701538085937 0.38434473097324373
0 0.48513790130615236 0.7736898040771485 0.4930785042047501 0.7736898040771485 0.4930785042047501 0.7848531496524811 0.48513790130615236 0.7848531496524811
0 0.5800354385375976 0.6862207794189453 0.5872044670581816 0.6862207794189453 0.5872044670581816 0.6970105612277985 0.5800354385375976 0.6970105612277985
0 0.5845345687866211 0.6251646423339844 0.5925883704423905 0.6251646423339844 0.5925883704423905 0.6344333291053772 0.5845345687866211 0.6344333291053772
0 0.4621638107299805 0.4714464950561523 0.46934179961681366 0.4714464950561523 0.46934179961681366 0.48124010741710666 0.4621638107299805 0.48124010741710666
0 0.529072380065918 0.4681425094604492 0.5369799810647963 0.4681425094604492 0.5369799810647963 0.4777780395746231 0.529072380065918 0.4777780395746231
0 0.5697953033447266 0.47042686462402344 0.5782260209321978 0.47042686462402344 0.5782260209321978 0.47945860505104065 0.5697953033447266 0.47945860505104065
0 0.5246736526489257 0.14670692443847655 0.532409148812294 0.14670692443847655 0.532409148812294 0.1579620599746704 0.5246736526489257 0.1579620599746704
0 0.21775579452514648 0.7736369323730469 0.2255578851699829 0.7736369323730469 0.2255578851699829 0.7829290604591369 0.21775579452514648 0.7829290604591369
0 0.6018575668334961 0.76942138671875 0.6095384156703949 0.76942138671875 0.6095384156703949 0.7781500464677811 0.6018575668334961 0.7781500464677811
0 0.5375747680664062 0.30821733474731444 0.5450981789827346 0.30821733474731444 0.5450981789827346 0.3184323036670685 0.5375747680664062 0.3184323036670685
0 0.5446247482299804 0.6860263061523438 0.5517069554328918 0.6860263061523438 0.5517069554328918 0.6954287242889404 0.5446247482299804 0.6954287242889404
0 0.5283980941772461 0.5337912368774415 0.5370544999837876 0.5337912368774415 0.5370544999837876 0.5438550007343292 0.5283980941772461 0.5438550007343292
0 0.4666812515258789 0.30399423599243164 0.47429920196533204 0.30399423599243164 0.47429920196533204 0.3141961395740509 0.4666812515258789 0.3141961395740509
0 0.18889972686767578 0.7715039825439454 0.1961283415555954 0.7715039825439454 0.1961283415555954 0.7805695217847824 0.18889972686767578 0.7805695217847824
0 0.8198013305664062 0.8381259155273438 0.8278420025110245 0.8381259155273438 0.8278420025110245 0.8479707598686219 0.8198013305664062 0.8479707598686219
0 0.5126040267944336 0.3090224838256836 0.5202703857421875 0.3090224838256836 0.5202703857421875 0.3201004433631897 0.5126040267944336 0.3201004433631897
0 0.4360224151611328 0.47176620483398435 0.4436386799812317 0.47176620483398435 0.4436386799812317 0.4804229980707168 0.4360224151611328 0.4804229980707168
0 0.5104236221313476 0.7701139831542969 0.5184841072559356 0.7701139831542969 0.5184841072559356 0.78021324634552 0.5104236221313476 0.78021324634552
0 0.5677417373657226 0.2253868865966797 0.5754843902587891 0.2253868865966797 0.5754843902587891 0.2353524178266525 0.5677417373657226 0.2353524178266525
0 0.7696009826660156 0.8372232055664063 0.7783679848909378 0.8372232055664063 0.7783679848909378 0.847371723651886 0.7696009826660156 0.847371723651886
0 0.12754011154174805 0.8333931732177734 0.13537907779216768 0.8333931732177734 0.13537907779216768 0.8425594359636306 0.12754011154174805 0.8425594359636306
0 0.4858660125732422 0.30570182800292967 0.49327427268028257 0.30570182800292967 0.49327427268028257 0.3149964070320129 0.4858660125732422 0.3149964070320129
0 0.2589138221740723 0.7737870788574219 0.26754361391067505 0.7737870788574219 0.26754361391067505 0.7842183196544648 0.2589138221740723 0.7842183196544648
0 0.5531106948852539 0.368473014831543 0.5616284704208373 0.368473014831543 0.5616284704208373 0.378435383439064 0.5531106948852539 0.378435383439064
0 0.4563033676147461 0.7710983276367187 0.46410264909267424 0.7710983276367187 0.46410264909267424 0.781519684791565 0.4563033676147461 0.781519684791565
0 0.22495513916015625 0.8425682067871094 0.23238096475601194 0.8425682067871094 0.23238096475601194 0.8522670251131058 0.22495513916015625 0.8522670251131058
0 0.80304443359375 0.7670245361328125 0.8115059053897858 0.7670245361328125 0.8115059053897858 0.7774369597434998 0.80304443359375 0.7774369597434998
0 0.43626773834228516 0.8411699676513672 0.44353949785232544 0.8411699676513672 0.44353949785232544 0.8507100313901902 0.43626773834228516 0.8507100313901902
0 0.48585575103759765 0.1478426170349121 0.49410348117351527 0.1478426170349121 0.49410348117351527 0.15844765305519104 0.48585575103759765 0.15844765305519104
0 0.16305822372436524 0.8381336212158204 0.17010306775569917 0.8381336212158204 0.17010306775569917 0.8474451982975006 0.16305822372436524 0.8474451982975006
0 0.28437578201293945 0.8521131134033203 0.2929526704549789 0.8521131134033203 0.2929526704549789 0.8625439584255218 0.28437578201293945 0.8625439584255218
0 0.48763694763183596 0.6861611938476563 0.49543569684028627 0.6861611938476563 0.49543569684028627 0.6961801302433014 0.48763694763183596 0.6961801302433014
0 0.4732490921020508 0.2238422966003418 0.481772101521492 0.2238422966003418 0.481772101521492 0.23474106431007385 0.4732490921020508 0.23474106431007385
0 0.47955810546875 0.5348308944702148 0.4867469173669815 0.5348308944702148 0.4867469173669815 0.5440577179193496 0.47955810546875 0.5440577179193496
0 0.51874755859375 0.6210818099975586 0.5278475338220596 0.6210818099975586 0.5278475338220596 0.6321547102928162 0.51874755859375 0.6321547102928162
0 0.8479563903808593 0.8402983093261719 0.8537799251079559 0.8402983093261719 0.8537799251079559 0.8477205640077592 0.8479563903808593 0.8477205640077592
0 0.49800163269042963 0.4641481018066406 0.505629962682724 0.4641481018066406 0.505629962682724 0.47448371767997743 0.49800163269042963 0.47448371767997743
0 0.8366002655029297 0.7740011596679688 0.8448788684606552 0.7740011596679688 0.8448788684606552 0.7831150841712952 0.8366002655029297 0.7831150841712952
0 0.4504829406738281 0.6179900360107422 0.45813809156417845 0.6179900360107422 0.45813809156417845 0.6277098846435547 0.4504829406738281 0.6277098846435547
0 0.5639386367797852 0.30610065460205077 0.573106980919838 0.30610065460205077 0.573106980919838 0.3178370153903961 0.5639386367797852 0.3178370153903961
0 0.4559685516357422 0.6838440704345703 0.4638359063863754 0.6838440704345703 0.4638359063863754 0.6943693149089812 0.4559685516357422 0.6943693149089812
0 0.4871803283691406 0.6188836288452149 0.4959800070524215 0.6188836288452149 0.4959800070524215 0.6292651391029358 0.4871803283691406 0.6292651391029358
0 0.4503411102294922 0.5354881668090821 0.4585614281892777 0.5354881668090821 0.4585614281892777 0.5445250070095062 0.4503411102294922 0.5445250070095062
0 0.6059903717041015 0.15611702919006348 0.6143760818243026 0.15611702919006348 0.6143760818243026 0.16686378240585328 0.6059903717041015 0.16686378240585328
0 0.5811466979980469 0.3699237823486329 0.5900370717048645 0.3699237823486329 0.5900370717048645 0.3808015203475953 0.5811466979980469 0.3808015203475953
0 0.12313189841494342 0.7669507895079813 0.12983710080387598 0.7669507895079813 0.12983710080387598 0.7783587928187794 0.12313189841494342 0.7783587928187794
0 0.18225959220825783 0.8402879536488264 0.1907934861578084 0.8402879536488264 0.1907934861578084 0.8476216700629107 0.18225959220825783 0.8476216700629107
0 0.8814293322178622 0.7661359321286387 0.8887440984603342 0.7661359321286387 0.8887440984603342 0.779988507577465 0.8814293322178622 0.779988507577465
0 0.8972779924098847 0.8296948077173708 0.9045927586523564 0.8296948077173708 0.9045927586523564 0.8402879536488264 0.8972779924098847 0.8402879536488264
