0 0.19723133087158204 0.21682920455932614 0.2050723820924759 0.21682920455932614 0.2050723820924759 0.22626429498195647 0.19723133087158204 0.22626429498195647
0 0.7890713500976563 0.3136588478088379 0.7968885225057603 0.3136588478088379 0.7968885225057603 0.3224816691875458 0.7890713500976563 0.3224816691875458
0 0.5615816497802735 0.685605239868164 0.5696237415075304 0.685605239868164 0.5696237415075304 0.6967258131504058 0.5615816497802735 0.6967258131504058
0 0.21046867370605468 0.8240570068359376 0.21638932049274442 0.8240570068359376 0.21638932049274442 0.8324691849946976 0.21046867370605468 0.8324691849946976
0 0.18713668823242188 0.8224433135986328 0.19341019451618194 0.8224433135986328 0.19341019451618194 0.8308917808532714 0.18713668823242188 0.8308917808532714
0 0.47803215026855467 0.5193439483642578 0.4864228284358978 0.5193439483642578 0.4864228284358978 0.5295543313026428 0.47803215026855467 0.5295543313026428
0 0.5543684005737305 0.8330635833740234 0.5621112895011903 0.8330635833740234 0.5621112895011903 0.8432581150531768 0.5543684005737305 0.8432581150531768
0 0.8195561218261719 0.314177131652832 0.8274210810661315 0.314177131652832 0.8274210810661315 0.32377404034137724 0.8195561218261719 0.32377404034137724
0 0.7731517791748047 0.2158636093139648 0.7808543330430986 0.2158636093139648 0.7808543330430986 0.22496399462223052 0.7731517791748047 0.22496399462223052
0 0.5249135971069336 0.8336466979980469 0.5324943172931671 0.8336466979980469 0.5324943172931671 0.8435284638404846 0.5249135971069336 0.8435284638404846
0 0.7651829528808594 0.3147443199157715 0.7731165766716004 0.3147443199157715 0.7731165766716004 0.3243819451332093 0.7651829528808594 0.3243819451332093
0 0.17076948165893555 0.21805286407470703 0.17715665996074678 0.21805286407470703 0.17715665996074678 0.2263059914112091 0.17076948165893555 0.2263059914112091
0 0.4846706008911133 0.14698729515075684 0.4917963373661042 0.14698729515075684 0.4917963373661042 0.15595601439476012 0.4846706008911133 0.15595601439476012
0 0.5799628829956055 0.20871246337890625 0.5883890467882156 0.20871246337890625 0.5883890467882156 0.21916192770004272 0.5799628829956055 0.21916192770004272
0 0.5618127822875977 0.6333629608154296 0.570087481737137 0.6333629608154296 0.570087481737137 0.6424619430303573 0.5618127822875977 0.6424619430303573
0 0.25560918807983396 0.31189083099365233 0.26333956837654104 0.31189083099365233 0.26333956837654104 0.32142836451530454 0.25560918807983396 0.32142836451530454
0 0.8306230926513671 0.5304243087768554 0.837820273041725 0.5304243087768554 0.837820273041725 0.53952317237854 0.8306230926513671 0.53952317237854
0 0.5262050628662109 0.6359057235717773 0.5345814281702042 0.6359057235717773 0.5345814281702042 0.6463882744312286 0.5262050628662109 0.6463882744312286
0 0.7993011474609375 0.7835727691650389 0.8070010989904404 0.7835727691650389 0.8070010989904404 0.7930838966369629 0.7993011474609375 0.7930838966369629
0 0.280041389465332 0.3665364456176758 0.2878776055574417 0.3665364456176758 0.2878776055574417 0.3754654067754746 0.280041389465332 0.3754654067754746
0 0.6005370712280274 0.6867864227294922 0.6077741140127183 0.6867864227294922 0.6077741140127183 0.695591613650322 0.6005370712280274 0.695591613650322
0 0.810528564453125 0.6266601181030274 0.8178813493251801 0.6266601181030274 0.8178813493251801 0.6361052292585373 0.810528564453125 0.6361052292585373
0 0.5839931869506836 0.7833202362060547 0.592141734957695 0.7833202362060547 0.592141734957695 0.792538046836853 0.5839931869506836 0.792538046836853
0 0.1646822738647461 0.8220075988769531 0.1712096643447876 0.8220075988769531 0.1712096643447876 0.8304793894290923 0.1646822738647461 0.8304793894290923
0 0.7952680969238282 0.5341082000732422 0.8025670617818833 0.5341082000732422 0.8025670617818833 0.5437386304140092 0.7952680969238282 0.5437386304140092
0 0.25141185760498047 0.5237701416015625 0.2597690314054489 0.5237701416015625 0.2597690314054489 0.5337524729967118 0.25141185760498047 0.5337524729967118
0 0.27420671463012697 0.5132429885864258 0.2817643398046493 0.5132429885864258 0.2817643398046493 0.5236835181713104 0.27420671463012697 0.5236835181713104
0 0.7712132263183594 0.7814009857177734 0.7782233977317812 0.7814009857177734 0.7782233977317812 0.7908493387699127 0.7712132263183594 0.7908493387699127
0 0.5932239532470703 0.522637939453125 0.6014791947603227 0.522637939453125 0.6014791947603227 0.5319580554962158 0.5932239532470703 0.5319580554962158
0 0.8134375762939453 0.6809946441650391 0.821847534775734 0.6809946441650391 0.821847534775734 0.690002784729004 0.8134375762939453 0.690002784729004
0 0.5524890518188477 0.20786125183105467 0.5599353408813477 0.20786125183105467 0.5599353408813477 0.21745051145553587 0.5524890518188477 0.21745051145553587
0 0.49440353393554687 0.3820619583129883 0.5022846686840057 0.3820619583129883 0.5022846686840057 0.3917199021577835 0.49440353393554687 0.3917199021577835
0 0.497374267578125 0.7810098266601563 0.5050651705265045 0.7810098266601563 0.5050651705265045 0.7906551206111907 0.497374267578125 0.7906551206111907
0 0.5838356018066406 0.319768123626709 0.5911555033922196 0.319768123626709 0.5911555033922196 0.3300846862792969 0.5838356018066406 0.3300846862792969
0 0.5678884506225585 0.37638351440429685 0.576169005036354 0.37638351440429685 0.576169005036354 0.38591681838035585 0.5678884506225585 0.38591681838035585
0 0.4599247741699219 0.7924320983886718 0.4670944827795029 0.7924320983886718 0.4670944827795029 0.8014998513460159 0.4599247741699219 0.8014998513460159
0 0.2267129325866699 0.15134429931640625 0.2351776278018951 0.15134429931640625 0.2351776278018951 0.16143752336502076 0.2267129325866699 0.16143752336502076
0 0.5263042831420899 0.7836502838134766 0.5342190408706666 0.7836502838134766 0.5342190408706666 0.7929899275302887 0.5263042831420899 0.7929899275302887
0 0.5528374099731446 0.52810791015625 0.5606536948680878 0.52810791015625 0.5606536948680878 0.5382548463344574 0.5528374099731446 0.5382548463344574
0 0.49727714538574214 0.8336629486083984 0.5049061852693557 0.8336629486083984 0.5049061852693557 0.8432823896408081 0.49727714538574214 0.8432823896408081
0 0.20867013931274414 0.36616268157958987 0.2163492727279663 0.36616268157958987 0.2163492727279663 0.375573598742485 0.20867013931274414 0.375573598742485
0 0.22328386306762696 0.2133757019042969 0.23077569186687472 0.2133757019042969 0.23077569186687472 0.22288690805435182 0.22328386306762696 0.22288690805435182
0 0.770751953125 0.6803572082519531 0.7785370111465455 0.6803572082519531 0.7785370111465455 0.6902819830179214 0.770751953125 0.6902819830179214
0 0.7732107543945312 0.514551887512207 0.7809698486328125 0.514551887512207 0.7809698486328125 0.5240277534723282 0.7732107543945312 0.5240277534723282
0 0.2745078468322754 0.4593598175048828 0.2824403768777848 0.4593598175048828 0.2824403768777848 0.4703862690925598 0.2745078468322754 0.4703862690925598
0 0.8266580200195313 0.47294097900390625 0.8346082037687302 0.47294097900390625 0.8346082037687302 0.48254025936126704 0.8266580200195313 0.48254025936126704
0 0.5362596893310547 0.4632739639282227 0.5436196303367615 0.4632739639282227 0.5436196303367615 0.47240658640861516 0.5362596893310547 0.47240658640861516
0 0.2608822822570801 0.15142395973205566 0.2694638431072235 0.15142395973205566 0.2694638431072235 0.16234735488891602 0.2608822822570801 0.16234735488891602
0 0.521225700378418 0.21256378173828125 0.5285082238912583 0.21256378173828125 0.5285082238912583 0.2222437047958374 0.521225700378418 0.2222437047958374
0 0.5627896881103516 0.14773752212524413 0.5708069992065431 0.14773752212524413 0.5708069992065431 0.15725842297077178 0.5627896881103516 0.15725842297077178
0 0.47072662353515626 0.3783669662475586 0.4786780792474747 0.3783669662475586 0.4786780792474747 0.3877785950899124 0.47072662353515626 0.3877785950899124
0 0.24793428421020508 0.7747630310058594 0.2554116380214691 0.7747630310058594 0.2554116380214691 0.7842800086736679 0.24793428421020508 0.7842800086736679
0 0.47458126068115236 0.45875785827636717 0.48145389616489415 0.45875785827636717 0.48145389616489415 0.46757233917713165 0.47458126068115236 0.46757233917713165
0 0.8158204650878906 0.1697039222717285 0.8228612136840822 0.1697039222717285 0.8228612136840822 0.17986173033714298 0.8158204650878906 0.17986173033714298
0 0.867144546508789 0.2267717742919922 0.8752186340093612 0.2267717742919922 0.8752186340093612 0.2356121277809143 0.867144546508789 0.2356121277809143
0 0.5521204376220703 0.7859984588623047 0.5599826174974442 0.7859984588623047 0.5599826174974442 0.7949918150901794 0.5521204376220703 0.7949918150901794
0 0.536369972229004 0.1493524169921875 0.5430831295251847 0.1493524169921875 0.5430831295251847 0.15814202368259428 0.536369972229004 0.15814202368259428
0 0.5051169586181641 0.46702320098876954 0.51235222697258 0.46702320098876954 0.51235222697258 0.4763022840023041 0.5051169586181641 0.4763022840023041
0 0.4664982986450195 0.14574727058410644 0.4734976768493653 0.14574727058410644 0.4734976768493653 0.1557505226135254 0.4664982986450195 0.1557505226135254
0 0.8469069671630859 0.16986835479736329 0.8538896375894545 0.16986835479736329 0.8538896375894545 0.17919627785682682 0.8469069671630859 0.17919627785682682
0 0.5498743057250977 0.3189531326293945 0.5571448820829391 0.3189531326293945 0.5571448820829391 0.32891708254814145 0.5498743057250977 0.32891708254814145
0 0.5732858276367188 0.46018070220947266 0.5811148875951767 0.46018070220947266 0.5811148875951767 0.4700257438421249 0.5732858276367188 0.4700257438421249
0 0.7786723327636719 0.6257556533813476 0.7856883001327515 0.6257556533813476 0.7856883001327515 0.6352225857973098 0.7786723327636719 0.6352225857973098
0 0.4434857177734375 0.45909385681152337 0.4505475503206252 0.45909385681152337 0.4505475503206252 0.4682812291383743 0.4434857177734375 0.4682812291383743
0 0.4450476837158203 0.21196027755737304 0.45349067330360415 0.21196027755737304 0.45349067330360415 0.22128559172153475 0.4450476837158203 0.22128559172153475
0 0.4904802322387695 0.6323581314086915 0.49873151123523707 0.6323581314086915 0.49873151123523707 0.64189100086689 0.4904802322387695 0.64189100086689
0 0.5938661956787109 0.6321661376953125 0.6024924385547638 0.6321661376953125 0.6024924385547638 0.6418031305074692 0.5938661956787109 0.6418031305074692
0 0.5208106994628906 0.68703369140625 0.5279599153995513 0.68703369140625 0.5279599153995513 0.6978062379360198 0.5208106994628906 0.6978062379360198
0 0.8514569091796875 0.309112548828125 0.8593967431783677 0.309112548828125 0.8593967431783677 0.3185086226463318 0.8514569091796875 0.3185086226463318
0 0.1989472007751465 0.15188437461853027 0.20780426263809207 0.15188437461853027 0.20780426263809207 0.16258368134498596 0.1989472007751465 0.16258368134498596
0 0.20763393402099609 0.7753070068359375 0.21348723232746122 0.7753070068359375 0.21348723232746122 0.783284744620323 0.20763393402099609 0.783284744620323
0 0.7659498596191406 0.8282167053222657 0.7740242427587509 0.8282167053222657 0.7740242427587509 0.8371150302886963 0.7659498596191406 0.8371150302886963
0 0.7983293151855468 0.8277266693115234 0.8057562643289564 0.8277266693115234 0.8057562643289564 0.8376916074752807 0.7983293151855468 0.8376916074752807
0 0.8148982238769531 0.815194091796875 0.8219259017705917 0.815194091796875 0.8219259017705917 0.8235485553741455 0.8148982238769531 0.8235485553741455
0 0.44162940979003906 0.38292407989501953 0.44789456188678745 0.38292407989501953 0.44789456188678745 0.39076543748378756 0.44162940979003906 0.39076543748378756
0 0.45772251129150393 0.31575754165649417 0.46446385025978093 0.31575754165649417 0.46446385025978093 0.324050555229187 0.45772251129150393 0.324050555229187
0 0.16290380477905272 0.3643968963623047 0.1693849754333496 0.3643968963623047 0.1693849754333496 0.37311073243618015 0.16290380477905272 0.37311073243618015
0 0.25768064498901366 0.21177248001098634 0.2651395905017853 0.21177248001098634 0.2651395905017853 0.222061311006546 0.25768064498901366 0.222061311006546
0 0.5161219787597656 0.5249018859863281 0.5239452427625656 0.5249018859863281 0.5239452427625656 0.5341559463739395 0.5161219787597656 0.5341559463739395
0 0.20900732040405273 0.4695550918579102 0.21593639254570007 0.4695550918579102 0.21593639254570007 0.4795682966709137 0.20900732040405273 0.4795682966709137
0 0.4942244338989258 0.31605709075927735 0.5016069674491882 0.31605709075927735 0.5016069674491882 0.3260823523998261 0.4942244338989258 0.3260823523998261
0 0.796894302368164 0.1702870750427246 0.8048657774925232 0.1702870750427246 0.8048657774925232 0.18001911878585816 0.796894302368164 0.18001911878585816
0 0.8922919464111329 0.48090309143066406 0.8999937903881073 0.48090309143066406 0.8999937903881073 0.49057815194129945 0.8922919464111329 0.49057815194129945
0 0.799171371459961 0.47323841094970703 0.8076468008756639 0.47323841094970703 0.8076468008756639 0.4829741901159286 0.799171371459961 0.4829741901159286
0 0.20764541625976562 0.5188473510742188 0.21528684616088867 0.5188473510742188 0.21528684616088867 0.5298431670665741 0.20764541625976562 0.5298431670665741
0 0.7647652435302734 0.5980828094482422 0.7724815773963929 0.5980828094482422 0.7724815773963929 0.607456528544426 0.7647652435302734 0.607456528544426
0 0.7686402893066406 0.16206769943237304 0.7760211664438248 0.16206769943237304 0.7760211664438248 0.17215510249137878 0.7686402893066406 0.17215510249137878
0 0.18268976211547852 0.7703949737548829 0.18904725074768067 0.7703949737548829 0.18904725074768067 0.7788248616456986 0.18268976211547852 0.7788248616456986
0 0.5221996688842774 0.3163986015319824 0.5302791976928711 0.3163986015319824 0.5302791976928711 0.32742975711822503 0.5221996688842774 0.32742975711822503
0 0.8339009857177735 0.6797416687011719 0.8408177709579469 0.6797416687011719 0.8408177709579469 0.6887985903024673 0.8339009857177735 0.6887985903024673
0 0.44176353454589845 0.5299623489379883 0.44922579228878023 0.5299623489379883 0.44922579228878023 0.5398291325569153 0.44176353454589845 0.5398291325569153
0 0.9123076629638672 0.5322746658325195 0.9190532302856446 0.5322746658325195 0.9190532302856446 0.5411837035417556 0.9123076629638672 0.5411837035417556
0 0.1867490005493164 0.6587358093261719 0.1930397319793701 0.6587358093261719 0.1930397319793701 0.6670238620042801 0.1867490005493164 0.6670238620042801
0 0.5106482696533203 0.14916383743286132 0.5185826033353805 0.14916383743286132 0.5185826033353805 0.1597927403450012 0.5106482696533203 0.1597927403450012
0 0.7596198272705078 0.3597163009643555 0.7666226649284363 0.3597163009643555 0.7666226649284363 0.36997894287109373 0.7596198272705078 0.36997894287109373
0 0.25884605407714845 0.6108869934082031 0.2665933495759964 0.6108869934082031 0.2665933495759964 0.6206097275018692 0.25884605407714845 0.6206097275018692
0 0.21063262939453126 0.6654218292236328 0.21787870585918426 0.6654218292236328 0.21787870585918426 0.6735678088665008 0.21063262939453126 0.6735678088665008
0 0.8387042999267578 0.22248830795288083 0.846916840672493 0.22248830795288083 0.846916840672493 0.23244488537311553 0.8387042999267578 0.23244488537311553
0 0.13350793838500977 0.5195244598388672 0.14072417736053466 0.5195244598388672 0.14072417736053466 0.5275377357006074 0.13350793838500977 0.5275377357006074
0 0.15735547065734865 0.5125313186645508 0.16527540326118473 0.5125313186645508 0.16527540326118473 0.5210848581790924 0.15735547065734865 0.5210848581790924
0 0.46950450897216794 0.21215248107910156 0.4764401018619537 0.21215248107910156 0.4764401018619537 0.2218744444847107 0.46950450897216794 0.2218744444847107
0 0.4978598022460937 0.21394718170166016 0.50475736618042 0.21394718170166016 0.50475736618042 0.22400813937187197 0.4978598022460937 0.22400813937187197
0 0.17032508850097655 0.15242314338684082 0.17686276972293855 0.15242314338684082 0.17686276972293855 0.16123979806900024 0.17032508850097655 0.16123979806900024
0 0.8394050598144531 0.37171737670898436 0.8471100980043411 0.37171737670898436 0.8471100980043411 0.382209929227829 0.8394050598144531 0.382209929227829
0 0.18026180267333985 0.3152840805053711 0.18788588941097262 0.3152840805053711 0.18788588941097262 0.3238514757156372 0.18026180267333985 0.3238514757156372
0 0.2226161003112793 0.3033913803100586 0.2310770100355148 0.3033913803100586 0.2310770100355148 0.31470098972320554 0.2226161003112793 0.31470098972320554
0 0.5867528915405273 0.8306548309326173 0.5948636478185654 0.8306548309326173 0.5948636478185654 0.8401148849725724 0.5867528915405273 0.8401148849725724
0 0.889583969116211 0.18051210403442383 0.896501523256302 0.18051210403442383 0.896501523256302 0.18931672155857088 0.889583969116211 0.18931672155857088
0 0.836626205444336 0.6298651885986328 0.8442757678031921 0.6298651885986328 0.8442757678031921 0.6384545427560806 0.836626205444336 0.6384545427560806
0 0.14778971672058105 0.36801868438720703 0.1537146955728531 0.36801868438720703 0.1537146955728531 0.3761304700374603 0.14778971672058105 0.3761304700374603
0 0.8820718383789062 0.318528938293457 0.8883737182617187 0.318528938293457 0.8883737182617187 0.326380118727684 0.8820718383789062 0.326380118727684
0 0.7842822265625 0.3680791473388672 0.7927656400203704 0.3680791473388672 0.7927656400203704 0.38051620721817014 0.7842822265625 0.38051620721817014
0 0.7713858795166015 0.47502601623535157 0.7782606738805771 0.47502601623535157 0.7782606738805771 0.4848450469970703 0.7713858795166015 0.4848450469970703
0 0.861962661743164 0.4788859558105469 0.8703938525915146 0.4788859558105469 0.8703938525915146 0.4889748620986939 0.861962661743164 0.4889748620986939
0 0.4650690841674805 0.833650131225586 0.47313557207584384 0.833650131225586 0.47313557207584384 0.8447386062145235 0.4650690841674805 0.8447386062145235
0 0.14592840194702147 0.32072689056396486 0.15227199196815489 0.32072689056396486 0.15227199196815489 0.32987409949302676 0.14592840194702147 0.32987409949302676
0 0.9071184539794922 0.8221878814697265 0.9141563040018081 0.8221878814697265 0.9141563040018081 0.8300347727537155 0.9071184539794922 0.8300347727537155
0 0.526724967956543 0.38064529418945314 0.5348648220300674 0.38064529418945314 0.5348648220300674 0.39167486906051635 0.526724967956543 0.39167486906051635
0 0.9116734313964844 0.7747808074951172 0.9171508634090423 0.7747808074951172 0.9171508634090423 0.7828752392530441 0.9116734313964844 0.7828752392530441
0 0.15806052207946777 0.6074940872192383 0.1651631337404251 0.6074940872192383 0.1651631337404251 0.6162962740659713 0.15806052207946777 0.6162962740659713
0 0.21181154251098633 0.6089926147460938 0.21898604154586793 0.6089926147460938 0.21898604154586793 0.6177193772792817 0.21181154251098633 0.6177193772792817
0 0.2328389549255371 0.817972412109375 0.2412058573961258 0.817972412109375 0.2412058573961258 0.8288853716850281 0.2328389549255371 0.8288853716850281
0 0.8635652160644531 0.780577163696289 0.8703069984912872 0.780577163696289 0.8703069984912872 0.7894224387407301 0.8635652160644531 0.7894224387407301
0 0.13464445750605647 0.15250934382077017 0.14151407268493688 0.15250934382077017 0.14151407268493688 0.16475363201525134 0.13464445750605647 0.16475363201525134
0 0.1396821753039021 0.2161796424320723 0.14792571351855863 0.2161796424320723 0.14792571351855863 0.22658728739738132 0.1396821753039021 0.22658728739738132
0 0.12182117583881298 0.3147461623976458 0.1296067397082108 0.3147461623976458 0.1296067397082108 0.32454159295323076 0.12182117583881298 0.32454159295323076
0 0.12227915018407169 0.36862103045336314 0.1314386370892456 0.36862103045336314 0.1314386370892456 0.38086531864784423 0.12227915018407169 0.38086531864784423
0 0.13556040619657386 0.4592287630925238 0.14563584179226513 0.4592287630925238 0.14563584179226513 0.4702486224675567 0.13556040619657386 0.4702486224675567
0 0.18227378941296077 0.6104457222943663 0.1896013789370999 0.6104457222943663 0.1896013789370999 0.6257510825374678 0.18227378941296077 0.6257510825374678
0 0.2308190700103825 0.605548007016574 0.2395205825702977 0.605548007016574 0.2395205825702977 0.6190167240305032 0.2308190700103825 0.6190167240305032
0 0.15387938000692164 0.6563618030236708 0.16212291822157815 0.6563618030236708 0.16212291822157815 0.6692183056278759 0.15387938000692164 0.6692183056278759
0 0.14151407268493688 0.7659481823642774 0.14975761089959336 0.7659481823642774 0.14975761089959336 0.7739069696906901 0.14151407268493688 0.7739069696906901
0 0.1602910208405434 0.7616626814962089 0.16899253340045858 0.7616626814962089 0.16899253340045858 0.771458112051794 0.1602910208405434 0.771458112051794
0 0.1392242009586434 0.8149253351422021 0.14700976482804123 0.8149253351422021 0.14700976482804123 0.8308429097950276 0.1392242009586434 0.8308429097950276
0 0.4515627044250737 0.6293564131963327 0.45797434525869535 0.6293564131963327 0.45797434525869535 0.6416007013908139 0.4515627044250737 0.6416007013908139
0 0.45064675573455626 0.68323128125205 0.45843231960395414 0.68323128125205 0.45843231960395414 0.695475569446531 0.45064675573455626 0.695475569446531
0 0.8365031587426457 0.7796028124993386 0.8429147995762676 0.7796028124993386 0.8429147995762676 0.7875615998257515 0.8365031587426457 0.7875615998257515
0 0.8594018760055804 0.8212333923605748 0.8685613629107544 0.8212333923605748 0.8685613629107544 0.8359265381939524 0.8594018760055804 0.8359265381939524
0 0.8658135168392022 0.6296102821169443 0.8735990807085998 0.6296102821169443 0.8735990807085998 0.6436912135405977 0.8658135168392022 0.6436912135405977
0 0.866271491184461 0.6767507916656968 0.8740570550538588 0.6767507916656968 0.8740570550538588 0.6914439374990743 0.866271491184461 0.6914439374990743
0 0.8937499518999826 0.6798118637143172 0.9047413361861912 0.6798118637143172 0.9047413361861912 0.6883828654504539 0.8937499518999826 0.6883828654504539
0 0.9070312079124847 0.6210392803808075 0.9125269000555891 0.6210392803808075 0.9125269000555891 0.6320591397558406 0.9070312079124847 0.6320591397558406
0 0.8681033885654956 0.5347170486097151 0.8745150293991174 0.5347170486097151 0.8745150293991174 0.5451246935750241 0.8681033885654956 0.5451246935750241
0 0.8717671833275652 0.3657458715258748 0.8800107215422217 0.3657458715258748 0.8800107215422217 0.37921458853980405 0.8717671833275652 0.37921458853980405
0 0.8987876696978282 0.36207258506753043 0.9047413361861912 0.36207258506753043 0.9047413361861912 0.3761535164911839 0.8987876696978282 0.3761535164911839
0 0.8887122341021371 0.2243243428796171 0.8951238749357586 0.2243243428796171 0.8951238749357586 0.23350755902547798 0.8887122341021371 0.23350755902547798
