0 0.15497948982992277 0.16149059067577057 0.16265737281232262 0.16149059067577057 0.16265737281232262 0.1683330563388419 0.15497948982992277 0.1683330563388419
0 0.1891034141961443 0.16301113860089753 0.1945063688874627 0.16301113860089753 0.1945063688874627 0.17365497407678637 0.1891034141961443 0.17365497407678637
0 0.1546951237935376 0.21242894616752409 0.15981371244847078 0.21242894616752409 0.15981371244847078 0.22307278164341288 0.1546951237935376 0.22307278164341288
0 0.1765913085951964 0.21623031598034143 0.18227862932289998 0.21623031598034143 0.18227862932289998 0.22573374051238498 0.1765913085951964 0.22573374051238498
0 0.2178243838710474 0.16795291935756018 0.22351170459875103 0.16795291935756018 0.22351170459875103 0.17669606992704023 0.2178243838710474 0.17669606992704023
0 0.20758720656118096 0.2147097680552145 0.21384325936165488 0.2147097680552145 0.21384325936165488 0.22269264466213107 0.20758720656118096 0.22269264466213107
0 0.2351707120905434 0.21280908314880576 0.24114239885463215 0.21280908314880576 0.24114239885463215 0.22041182277444057 0.2351707120905434 0.22041182277444057
0 0.24370169318209875 0.16301113860089753 0.2485359158006468 0.16301113860089753 0.2485359158006468 0.17023374124525062 0.24370169318209875 0.17023374124525062
0 0.2729913949297722 0.1607303167132071 0.2792474477302462 0.1607303167132071 0.2792474477302462 0.1690933303014054 0.2729913949297722 0.1690933303014054
0 0.26588224402014277 0.21128853522367883 0.27213829682061663 0.21128853522367883 0.27213829682061663 0.22117209673700414 0.26588224402014277 0.22117209673700414
0 0.14559541062921186 0.3135453831884675 0.15071399928414506 0.3135453831884675 0.15071399928414506 0.3238090816830746 0.14559541062921186 0.3238090816830746
0 0.13990808990150827 0.3717063413245741 0.14559541062921186 0.3717063413245741 0.14559541062921186 0.38120976585661753 0.13990808990150827 0.38120976585661753
0 0.1728945501221891 0.3663844235866297 0.17943496895904823 0.3663844235866297 0.17943496895904823 0.3766481220812367 0.1728945501221891 0.3766481220812367
0 0.1780131387771223 0.3097440133756501 0.1848379236503666 0.3097440133756501 0.1848379236503666 0.3192474379076936 0.1780131387771223 0.3192474379076936
0 0.1976343952876997 0.36676456056791146 0.20502791223371436 0.36676456056791146 0.20502791223371436 0.37626798509995496 0.1976343952876997 0.37626798509995496
0 0.20161551979709216 0.30594264356283263 0.2104308669250327 0.30594264356283263 0.2104308669250327 0.3139255201697493 0.20161551979709216 0.3139255201697493
0 0.23261141776307676 0.3070830545066779 0.23886747056355068 0.3070830545066779 0.23886747056355068 0.31772688998256665 0.23261141776307676 0.31772688998256665
0 0.22436480270790654 0.3603022318861218 0.2328957837994619 0.3603022318861218 0.2328957837994619 0.37094606736201063 0.22436480270790654 0.37094606736201063
0 0.2510952101281134 0.3568809990545861 0.2582043610377429 0.3568809990545861 0.2582043610377429 0.36676456056791146 0.2510952101281134 0.36676456056791146
0 0.25706689689220213 0.30746319148795964 0.2653135119473724 0.30746319148795964 0.2653135119473724 0.3154460680948762 0.25706689689220213 0.3154460680948762
0 0.1586762483029301 0.4678809975888548 0.16493230110340407 0.4678809975888548 0.16493230110340407 0.4758638741957715 0.1586762483029301 0.4758638741957715
0 0.1788662368862778 0.472062504382954 0.18682848590506285 0.472062504382954 0.18682848590506285 0.48004538098987065 0.1788662368862778 0.48004538098987065
0 0.20531227827009949 0.4625590798509105 0.2104308669250327 0.4625590798509105 0.2104308669250327 0.4743433262706445 0.20531227827009949 0.4743433262706445
0 0.22237424045321028 0.4602782579632201 0.2289146592900694 0.4602782579632201 0.2289146592900694 0.47168236740167224 0.22237424045321028 0.47168236740167224
0 0.2510952101281134 0.44811387456220414 0.2576356289649725 0.44811387456220414 0.2576356289649725 0.46027825796322 0.2510952101281134 0.46027825796322
0 0.1686290595764114 0.5245214077998346 0.1737476482313446 0.5245214077998346 0.1737476482313446 0.5340248323318781 0.1686290595764114 0.5340248323318781
0 0.18540665572313697 0.5245214077998346 0.19422200285107755 0.5245214077998346 0.19422200285107755 0.5321241474254694 0.18540665572313697 0.5321241474254694
0 0.21014650088864759 0.5199597640244537 0.21697128576189184 0.5199597640244537 0.21697128576189184 0.5275625036500885 0.21014650088864759 0.5275625036500885
0 0.2351707120905434 0.5222405859121442 0.24142676489101733 0.5222405859121442 0.24142676489101733 0.5325042844067511 0.2351707120905434 0.5325042844067511
0 0.25479196860112074 0.5176789421367632 0.2601949232924391 0.5176789421367632 0.2601949232924391 0.5302234625190607 0.25479196860112074 0.5302234625190607
0 0.14474231252005632 0.6225967489705241 0.15156709739330057 0.6225967489705241 0.15156709739330057 0.6328604474651311 0.14474231252005632 0.6328604474651311
0 0.168060327503641 0.627158392745905 0.17460074634050016 0.627158392745905 0.17460074634050016 0.6374220912405121 0.168060327503641 0.6374220912405121
0 0.18654411986867767 0.6229768859518059 0.19280017266915161 0.6229768859518059 0.19280017266915161 0.6324803104838492 0.18654411986867767 0.6324803104838492
0 0.22550226685344726 0.6275385297271867 0.23318014983584712 0.6275385297271867 0.23318014983584712 0.6336207214276945 0.22550226685344726 0.6336207214276945
0 0.2553607006738911 0.6267782557646233 0.2613323874379799 0.6267782557646233 0.2613323874379799 0.6374220912405121 0.2553607006738911 0.6374220912405121
0 0.14815470495667846 0.6666926387992064 0.15640132001184867 0.6666926387992064 0.15640132001184867 0.6769563372938133 0.14815470495667846 0.6769563372938133
0 0.17858187084989263 0.6701138716307419 0.18512228968675176 0.6701138716307419 0.18512228968675176 0.6780967482376584 0.17858187084989263 0.6780967482376584
0 0.20929340277949204 0.6701138716307419 0.21583382161635117 0.6701138716307419 0.21583382161635117 0.6784768852189401 0.20929340277949204 0.6784768852189401
0 0.23090522154476567 0.6746755154061229 0.24000493470909143 0.6746755154061229 0.24000493470909143 0.6830385289943213 0.23090522154476567 0.6830385289943213
0 0.25848872707412807 0.6720145565371506 0.2684415383476094 0.6720145565371506 0.2684415383476094 0.6811378440879124 0.25848872707412807 0.6811378440879124
0 0.1575387841573894 0.7764794550063355 0.16464793506701883 0.7764794550063355 0.16464793506701883 0.7871232904822244 0.1575387841573894 0.7871232904822244
0 0.17943496895904817 0.7738184961373632 0.18483792365036658 0.7738184961373632 0.18483792365036658 0.7837020576506887 0.17943496895904817 0.7837020576506887
0 0.21043086692503274 0.7692568523619825 0.21839311594381777 0.7692568523619825 0.21839311594381777 0.7783801399127444 0.21043086692503274 0.7783801399127444
0 0.23801437245439516 0.7738184961373632 0.24370169318209875 0.7738184961373632 0.24370169318209875 0.7844623316132521 0.23801437245439516 0.7844623316132521
0 0.27498195718446844 0.7696369893432642 0.2826598401668683 0.7696369893432642 0.2826598401668683 0.7802808248191528 0.27498195718446844 0.7802808248191528
0 0.1544107577571524 0.8270376735168075 0.16322610488509295 0.8270376735168075 0.16322610488509295 0.8384417829552595 0.1544107577571524 0.8384417829552595
0 0.17829750481350748 0.8315993172921882 0.18597538779590733 0.8315993172921882 0.18597538779590733 0.8399623308803865 0.17829750481350748 0.8399623308803865
0 0.20758720656118096 0.8224760297414264 0.2144119914344253 0.8224760297414264 0.2144119914344253 0.83197945427347 0.20758720656118096 0.83197945427347
0 0.23488634605415817 0.8201952078537359 0.2428485950729432 0.8201952078537359 0.2428485950729432 0.8266575365355255 0.23488634605415817 0.8266575365355255
0 0.2704321006023056 0.8239965776665534 0.27697251943916473 0.8239965776665534 0.27697251943916473 0.83197945427347 0.2704321006023056 0.83197945427347
0 0.12765475739367088 0.9139864052453802 0.1369449958023747 0.9139864052453802 0.1369449958023747 0.9250255831818018 0.12765475739367088 0.9250255831818018
0 0.1465793171151046 0.9627427744645765 0.15552547261978233 0.9627427744645765 0.15552547261978233 0.9770017126324546 0.1465793171151046 0.9770017126324546
0 0.16240713070030371 0.9093867477718711 0.1686006229727729 0.9093867477718711 0.1686006229727729 0.9218058229503457 0.16240713070030371 0.9218058229503457
0 0.1672242913566686 0.9622828087172255 0.1768586126693985 0.9622828087172255 0.1768586126693985 0.975621815390402 0.1672242913566686 0.975621815390402
0 0.18064352461368524 0.9116865765086256 0.1871810997901805 0.9116865765086256 0.1871810997901805 0.9236456859397493 0.18064352461368524 0.9236456859397493
0 0.20232074756732746 0.9181260969715384 0.21057873726395304 0.9181260969715384 0.21057873726395304 0.9282453434132585 0.20232074756732746 0.9282453434132585
0 0.19853583562304075 0.9668824661907345 0.20300891337537957 0.9668824661907345 0.20300891337537957 0.9756218153904019 0.19853583562304075 0.9756218153904019
0 0.21470773211226585 0.9691822949274891 0.2236538876169436 0.9691822949274891 0.2236538876169436 0.975621815390402 0.21470773211226585 0.975621815390402
0 0.2391376182981166 0.9714821236642436 0.24601927637863794 0.9714821236642436 0.24601927637863794 0.9825213016006655 0.2391376182981166 0.9825213016006655
0 0.23707312087396024 0.9218058229503456 0.24533111057058582 0.9218058229503456 0.24533111057058582 0.9319250693920657 0.23707312087396024 0.9319250693920657
0 0.2604707583477328 0.9756218153904019 0.2697609967564366 0.9756218153904019 0.2697609967564366 0.9843611645900691 0.2604707583477328 0.9843611645900691
0 0.2831802300134532 0.979301541369209 0.2897178051899485 0.979301541369209 0.2897178051899485 0.9917206165476836 0.2831802300134532 0.9917206165476836
