0 0.5544045639038085 0.6865910339355469 0.5629862135648727 0.6865910339355469 0.5629862135648727 0.6968512654304504 0.5544045639038085 0.6968512654304504
0 0.4924678039550781 0.6887818145751953 0.5007018131017685 0.6887818145751953 0.5007018131017685 0.6978735226392746 0.4924678039550781 0.6978735226392746
0 0.4671302795410156 0.6876395416259765 0.47437237858772274 0.6876395416259765 0.47437237858772274 0.6971579426527024 0.4671302795410156 0.6971579426527024
0 0.5847448348999024 0.44938812255859373 0.5928717958927154 0.44938812255859373 0.5928717958927154 0.4594233453273773 0.5847448348999024 0.4594233453273773
0 0.5457247543334961 0.37441711425781243 0.5540707206726073 0.37441711425781243 0.5540707206726073 0.38487033367156975 0.5457247543334961 0.38487033367156975
0 0.529282341003418 0.28827083587646485 0.5376420283317566 0.28827083587646485 0.5376420283317566 0.29988226056098943 0.529282341003418 0.29988226056098943
0 0.4547539520263672 0.7708287811279297 0.4621092796325683 0.7708287811279297 0.4621092796325683 0.7803255194425583 0.4547539520263672 0.7803255194425583
0 0.5628279495239258 0.6064310836791992 0.5713955229520797 0.6064310836791992 0.5713955229520797 0.6171997570991516 0.5628279495239258 0.6171997570991516
0 0.4449303436279297 0.8473115539550782 0.4515962165594101 0.8473115539550782 0.4515962165594101 0.8555484539270402 0.4449303436279297 0.8555484539270402
0 0.4831780242919922 0.7714241790771484 0.4903684920072556 0.7714241790771484 0.4903684920072556 0.7812852305173874 0.4831780242919922 0.7812852305173874
0 0.5549740982055664 0.45013301849365234 0.5640597015619278 0.45013301849365234 0.5640597015619278 0.4604902184009552 0.5549740982055664 0.4604902184009552
0 0.5397280502319336 0.76840576171875 0.547290968298912 0.76840576171875 0.547290968298912 0.778686865568161 0.5397280502319336 0.778686865568161
0 0.44576171875 0.6847075653076172 0.4534895265102386 0.6847075653076172 0.4534895265102386 0.6945175433158874 0.44576171875 0.6945175433158874
0 0.49233673095703123 0.352178955078125 0.500470404624939 0.352178955078125 0.500470404624939 0.36209823548793796 0.49233673095703123 0.36209823548793796
0 0.4457598876953125 0.3783372497558594 0.4527726322412491 0.3783372497558594 0.4527726322412491 0.38771832168102266 0.4457598876953125 0.38771832168102266
0 0.5936530685424805 0.6838548278808594 0.6017047411203383 0.6838548278808594 0.6017047411203383 0.6946417641639709 0.5936530685424805 0.6946417641639709
0 0.5058898544311523 0.2946501350402832 0.5148278379440308 0.2946501350402832 0.5148278379440308 0.30521569967269896 0.5058898544311523 0.30521569967269896
0 0.5065849685668945 0.8488224029541016 0.5151034539937973 0.8488224029541016 0.5151034539937973 0.8581462347507477 0.5065849685668945 0.8581462347507477
0 0.537496223449707 0.6100765609741211 0.544417622089386 0.6100765609741211 0.544417622089386 0.6195372867584228 0.537496223449707 0.6195372867584228
0 0.47574459075927733 0.2944070816040039 0.4850743645429611 0.2944070816040039 0.4850743645429611 0.3045675575733185 0.47574459075927733 0.3045675575733185
0 0.5534524154663086 0.5215539169311524 0.5607581818103791 0.5215539169311524 0.5607581818103791 0.5309970515966416 0.5534524154663086 0.5309970515966416
0 0.4462257385253906 0.45120704650878907 0.45355868101119995 0.45120704650878907 0.45355868101119995 0.4613352453708649 0.4462257385253906 0.4613352453708649
0 0.6037003707885742 0.2874975395202637 0.6109254074096679 0.2874975395202637 0.6109254074096679 0.29871019959449774 0.6037003707885742 0.29871019959449774
0 0.4632798004150391 0.3762434005737304 0.4706918752193451 0.3762434005737304 0.4706918752193451 0.38653545379638665 0.4632798004150391 0.38653545379638665
0 0.44329105377197264 0.5247445678710938 0.44941399753093714 0.5247445678710938 0.44941399753093714 0.5328723633289337 0.44329105377197264 0.5328723633289337
0 0.47364501953125 0.607494125366211 0.48221176505088803 0.607494125366211 0.48221176505088803 0.6174397724866867 0.47364501953125 0.6174397724866867
0 0.5292826843261719 0.5266457366943359 0.5371936565637588 0.5266457366943359 0.5371936565637588 0.53740891456604 0.5292826843261719 0.53740891456604
0 0.5382398223876953 0.8483483123779297 0.5464469218254089 0.8483483123779297 0.5464469218254089 0.8591364347934723 0.5382398223876953 0.8591364347934723
0 0.5133318328857421 0.6946566772460937 0.5205314975976943 0.6946566772460937 0.5205314975976943 0.7045935487747191 0.5133318328857421 0.7045935487747191
0 0.5642521667480469 0.765713882446289 0.5721180725097657 0.765713882446289 0.5721180725097657 0.7750743985176085 0.5642521667480469 0.7750743985176085
0 0.8282881927490234 0.0 0.8354490005970002 0.0 0.8354490005970002 0.007675316333770752 0.8282881927490234 0.007675316333770752
0 0.5143698883056641 0.6102768325805664 0.5225626158714295 0.6102768325805664 0.5225626158714295 0.6206012213230133 0.5143698883056641 0.6206012213230133
0 0.4799180603027344 0.8521756744384765 0.4873201107978821 0.8521756744384765 0.4873201107978821 0.8622747790813446 0.4799180603027344 0.8622747790813446
0 0.5626934814453125 0.28640697479248045 0.5707210832834243 0.28640697479248045 0.5707210832834243 0.29682943940162654 0.5626934814453125 0.29682943940162654
0 0.61264892578125 0.3676337432861328 0.6207997804880141 0.3676337432861328 0.6207997804880141 0.3772163814306259 0.61264892578125 0.3772163814306259
0 0.46210010528564455 0.8494210815429688 0.4691345250606537 0.8494210815429688 0.4691345250606537 0.8587412762641907 0.46210010528564455 0.8587412762641907
0 0.4685711495052623 0.4518493366752026 0.4779916817872337 0.4518493366752026 0.4779916817872337 0.4644425870832265 0.4685711495052623 0.4644425870832265
0 0.5821716858466817 0.28369240475629526 0.5893756222976011 0.28369240475629526 0.5893756222976011 0.2962856551643192 0.5821716858466817 0.2962856551643192
0 0.5084698744641998 0.7637174791327355 0.5189987046616971 0.7637174791327355 0.5189987046616971 0.7763107295407594 0.5084698744641998 0.7763107295407594
