0 0.7653428649902344 0.8346543884277344 0.7733546757698059 0.8346543884277344 0.7733546757698059 0.8435263067483902 0.7653428649902344 0.8435263067483902
0 0.5939098358154297 0.6367569351196289 0.6023677587509154 0.6367569351196289 0.6023677587509154 0.6462935203313828 0.5939098358154297 0.6462935203313828
0 0.4901821517944336 0.6352066802978515 0.4987201541662216 0.6352066802978515 0.4987201541662216 0.6453821969032287 0.4901821517944336 0.6453821969032287
0 0.5609211730957031 0.6898381042480469 0.5690478974580765 0.6898381042480469 0.5690478974580765 0.6998065209388733 0.5609211730957031 0.6998065209388733
0 0.583856201171875 0.3203015899658203 0.5916959065198898 0.3203015899658203 0.5916959065198898 0.3311762249469757 0.583856201171875 0.3311762249469757
0 0.7975198364257813 0.8342831420898437 0.8050335478782654 0.8342831420898437 0.8050335478782654 0.8434682214260101 0.7975198364257813 0.8434682214260101
0 0.5238396072387695 0.8354466247558593 0.5319118613004684 0.8354466247558593 0.5319118613004684 0.8450955557823181 0.5238396072387695 0.8450955557823181
0 0.5373273086547852 0.4700882339477539 0.5455906528234482 0.4700882339477539 0.5455906528234482 0.4787359350919723 0.5373273086547852 0.4787359350919723
0 0.4850199890136719 0.6894583129882812 0.4938362276554108 0.6894583129882812 0.4938362276554108 0.6997318267822266 0.4850199890136719 0.6997318267822266
0 0.5939224243164063 0.5304975509643555 0.602351189851761 0.5304975509643555 0.602351189851761 0.5403686040639878 0.5939224243164063 0.5403686040639878
0 0.5611305236816406 0.6369764328002929 0.5696015173196792 0.6369764328002929 0.5696015173196792 0.6461442768573761 0.5611305236816406 0.6461442768573761
0 0.5167951965332032 0.5319173431396484 0.5244232898950578 0.5319173431396484 0.5244232898950578 0.541471084356308 0.5167951965332032 0.541471084356308
0 0.4632223129272461 0.8361192321777344 0.4710842859745025 0.8361192321777344 0.4710842859745025 0.8458639061450959 0.4632223129272461 0.8458639061450959
0 0.5531216430664062 0.5349229431152344 0.5615219610929488 0.5349229431152344 0.5615219610929488 0.5449326694011688 0.5531216430664062 0.5449326694011688
0 0.5679092788696289 0.3775150680541992 0.5760785859823229 0.3775150680541992 0.5760785859823229 0.3870412963628768 0.5679092788696289 0.3870412963628768
0 0.21000703811645507 0.8326325988769532 0.2160581684112549 0.8326325988769532 0.2160581684112549 0.8407724118232727 0.21000703811645507 0.8407724118232727
0 0.4949401092529297 0.3818608093261719 0.5021584630012512 0.3818608093261719 0.5021584630012512 0.39208965301513665 0.4949401092529297 0.39208965301513665
0 0.5532896423339844 0.8350678253173828 0.5608901751041412 0.8350678253173828 0.5608901751041412 0.8447153329849244 0.5532896423339844 0.8447153329849244
0 0.5859324645996093 0.8329493713378907 0.5932653182744979 0.8329493713378907 0.5932653182744979 0.8414819598197938 0.5859324645996093 0.8414819598197938
0 0.52548828125 0.6395610427856445 0.5344523465633393 0.6395610427856445 0.5344523465633393 0.6501870107650758 0.52548828125 0.6501870107650758
0 0.5499964904785156 0.31987648010253905 0.5576144707202911 0.31987648010253905 0.5576144707202911 0.3295647633075714 0.5499964904785156 0.3295647633075714
0 0.45047554016113284 0.6867682647705079 0.45817972064018253 0.6867682647705079 0.45817972064018253 0.6968259418010713 0.45047554016113284 0.6968259418010713
0 0.599845085144043 0.690714569091797 0.6071037149429321 0.690714569091797 0.6071037149429321 0.6996710830926895 0.599845085144043 0.6996710830926895
0 0.24733591079711914 0.7831405639648439 0.25459177553653717 0.7831405639648439 0.25459177553653717 0.7927924990653993 0.24733591079711914 0.7927924990653993
0 0.5754273605346679 0.4668353652954102 0.582864127755165 0.4668353652954102 0.582864127755165 0.47735566735267637 0.5754273605346679 0.47735566735267637
0 0.4511147689819336 0.6341083908081054 0.4580152606964111 0.6341083908081054 0.4580152606964111 0.6441950035095214 0.4511147689819336 0.6441950035095214
0 0.5251490020751953 0.7858741760253907 0.5333872103691101 0.7858741760253907 0.5333872103691101 0.7950586229562759 0.5251490020751953 0.7950586229562759
0 0.4951859283447266 0.7828984832763672 0.5032041853666306 0.7828984832763672 0.5032041853666306 0.7929839098453523 0.4951859283447266 0.7929839098453523
0 0.5199852371215821 0.6908348083496094 0.5275764846801758 0.6908348083496094 0.5275764846801758 0.7001832282543183 0.5199852371215821 0.7001832282543183
0 0.47881954193115234 0.5246630477905273 0.48732661247253417 0.5246630477905273 0.48732661247253417 0.5346043467521667 0.47881954193115234 0.5346043467521667
0 0.5828128814697265 0.7856452178955079 0.5911454224586485 0.7856452178955079 0.5911454224586485 0.7950368839502334 0.5828128814697265 0.7950368839502334
0 0.232359619140625 0.8278250885009766 0.2395438915491104 0.8278250885009766 0.2395438915491104 0.8363545936346055 0.232359619140625 0.8363545936346055
0 0.4580850601196289 0.31608047485351565 0.46512879490852355 0.31608047485351565 0.46512879490852355 0.3245966184139252 0.4580850601196289 0.3245966184139252
0 0.470869140625 0.3785514831542969 0.4787170374393463 0.3785514831542969 0.4787170374393463 0.38814289689064024 0.470869140625 0.38814289689064024
0 0.4416909408569336 0.38326358795166016 0.4482035756111145 0.38326358795166016 0.4482035756111145 0.3912870621681213 0.4416909408569336 0.3912870621681213
0 0.45867568969726563 0.7956356048583986 0.4664800870418549 0.7956356048583986 0.4664800870418549 0.8048053467273714 0.45867568969726563 0.8048053467273714
0 0.2062034797668457 0.7835939025878906 0.21321554362773892 0.7835939025878906 0.21321554362773892 0.7931907320022583 0.2062034797668457 0.7931907320022583
0 0.5265375137329101 0.3810596466064453 0.5349274820089339 0.3810596466064453 0.5349274820089339 0.39239506840705873 0.5265375137329101 0.39239506840705873
0 0.9096326446533203 0.7797451019287109 0.9149790757894516 0.7797451019287109 0.9149790757894516 0.7861643081903458 0.9096326446533203 0.7861643081903458
0 0.5056979751586914 0.4729257583618164 0.5141959381103517 0.4729257583618164 0.5141959381103517 0.48246649384498597 0.5056979751586914 0.48246649384498597
0 0.5226081466674805 0.3178762626647949 0.5304411691427231 0.3178762626647949 0.5304411691427231 0.3274407362937927 0.5226081466674805 0.3274407362937927
0 0.49614894866943354 0.8363552093505859 0.5045305776596068 0.8363552093505859 0.5045305776596068 0.8462754780054093 0.49614894866943354 0.8462754780054093
0 0.47570213317871096 0.4628983306884766 0.4837651908397675 0.4628983306884766 0.4837651908397675 0.4726512664556503 0.47570213317871096 0.4726512664556503
0 0.14007100105285644 0.8278195190429688 0.14708801865577698 0.8278195190429688 0.14708801865577698 0.8367626714706421 0.14007100105285644 0.8367626714706421
0 0.9057306671142578 0.8267563629150391 0.9130589669942856 0.8267563629150391 0.9130589669942856 0.8342583107948304 0.9057306671142578 0.8342583107948304
0 0.44272068023681643 0.5352120590209961 0.4500828683376313 0.5352120590209961 0.4500828683376313 0.5451911091804504 0.44272068023681643 0.5451911091804504
0 0.1863134002685547 0.8302687072753906 0.19309170305728915 0.8302687072753906 0.19309170305728915 0.8398774749040604 0.1863134002685547 0.8398774749040604
0 0.49469642639160155 0.3164248275756836 0.5025854569673538 0.3164248275756836 0.5025854569673538 0.3270137357711792 0.49469642639160155 0.3270137357711792
0 0.44464893341064454 0.46299049377441404 0.4529556286334992 0.46299049377441404 0.4529556286334992 0.4728944361209869 0.44464893341064454 0.4728944361209869
0 0.18187612533569336 0.7776264953613281 0.18880238831043245 0.7776264953613281 0.18880238831043245 0.7880597913265228 0.18187612533569336 0.7880597913265228
0 0.7983057403564453 0.7882378387451171 0.8061046373844146 0.7882378387451171 0.8061046373844146 0.7981215018033981 0.7983057403564453 0.7981215018033981
0 0.8141309356689453 0.8205504608154297 0.8205195778608322 0.8205504608154297 0.8205195778608322 0.8293312221765519 0.8141309356689453 0.8293312221765519
0 0.16226285934448242 0.7721964263916016 0.16864435970783234 0.7721964263916016 0.16864435970783234 0.7805088293552399 0.16226285934448242 0.7805088293552399
0 0.7697342681884766 0.7861817169189452 0.7781347048282623 0.7861817169189452 0.7781347048282623 0.795752614736557 0.7697342681884766 0.795752614736557
0 0.16413648605346678 0.8284825134277344 0.17132569730281827 0.8284825134277344 0.17132569730281827 0.8388259172439576 0.16413648605346678 0.8388259172439576
0 0.5506011199951172 0.7864083099365234 0.5595253825187683 0.7864083099365234 0.5595253825187683 0.7973380303382873 0.5506011199951172 0.7973380303382873
0 0.13853723944075536 0.7740622720913357 0.14740362276496372 0.7740622720913357 0.14740362276496372 0.7844331841920614 0.13853723944075536 0.7844331841920614
0 0.8564754199393773 0.828879950338028 0.8686666970101636 0.828879950338028 0.8686666970101636 0.8392508624387536 0.8564754199393773 0.8392508624387536
0 0.8603544626437184 0.7799885075774646 0.8692208459679268 0.7799885075774646 0.8692208459679268 0.7977672140358514 0.8603544626437184 0.7977672140358514
0 0.8343094616288563 0.782951625320529 0.8442841428685909 0.782951625320529 0.8442841428685909 0.7925817579854885 0.8343094616288563 0.7925817579854885
