0 0.7654052734375 0.8346243286132813 0.7733324509859085 0.8346243286132813 0.7733324509859085 0.8435606026649475 0.7654052734375 0.8435606026649475
0 0.49018550872802735 0.6350418090820312 0.4987922048568726 0.6350418090820312 0.4987922048568726 0.6453255999088287 0.49018550872802735 0.6453255999088287
0 0.5939385986328125 0.6367272186279297 0.6024589765071869 0.6367272186279297 0.6024589765071869 0.6462673217058182 0.5939385986328125 0.6462673217058182
0 0.5838377761840821 0.32018505096435546 0.591768501996994 0.32018505096435546 0.591768501996994 0.3312657582759857 0.5838377761840821 0.3312657582759857
0 0.560913200378418 0.6898528289794922 0.569024429321289 0.6898528289794922 0.569024429321289 0.6998012429475784 0.560913200378418 0.6998012429475784
0 0.7975014495849609 0.8343169403076173 0.805084357857704 0.8343169403076173 0.805084357857704 0.8435466104745865 0.7975014495849609 0.8435466104745865
0 0.5373207473754883 0.47011020660400393 0.5455617946386337 0.47011020660400393 0.5455617946386337 0.4787956595420838 0.5373207473754883 0.4787956595420838
0 0.5238033676147461 0.8354557037353516 0.5317758482694626 0.8354557037353516 0.5317758482694626 0.8449993252754211 0.5238033676147461 0.8449993252754211
0 0.5940170288085938 0.5304025650024414 0.6024781453609467 0.5304025650024414 0.6024781453609467 0.5403359574079514 0.5940170288085938 0.5403359574079514
0 0.4850043869018555 0.6893897247314453 0.4938418579101563 0.6893897247314453 0.4938418579101563 0.6995900273323059 0.4850043869018555 0.6995900273323059
0 0.5167446517944336 0.531845703125 0.5245292365550996 0.531845703125 0.5245292365550996 0.541605240702629 0.5167446517944336 0.541605240702629
0 0.561119155883789 0.6369442749023437 0.5696733629703521 0.6369442749023437 0.5696733629703521 0.6461772656440735 0.561119155883789 0.6461772656440735
0 0.4632087707519531 0.836181640625 0.4710532373189926 0.836181640625 0.4710532373189926 0.8458246421813965 0.4632087707519531 0.8458246421813965
0 0.5531367492675782 0.5349971771240234 0.5614012759923935 0.5349971771240234 0.5614012759923935 0.5450470662117004 0.5531367492675782 0.5450470662117004
0 0.5678504943847656 0.37751678466796873 0.5760969233512879 0.37751678466796873 0.5760969233512879 0.3870474797487259 0.5678504943847656 0.3870474797487259
0 0.49491741180419924 0.38200313568115235 0.5021458196640014 0.38200313568115235 0.5021458196640014 0.3921884560585022 0.49491741180419924 0.3921884560585022
0 0.20993452072143554 0.8325193023681641 0.21604208767414093 0.8325193023681641 0.21604208767414093 0.8407824504375457 0.20993452072143554 0.8407824504375457
0 0.55330810546875 0.8350875854492188 0.5608991163969038 0.8350875854492188 0.5608991163969038 0.8447545421123505 0.55330810546875 0.8447545421123505
0 0.5255230331420898 0.6394551086425782 0.534443274140358 0.6394551086425782 0.534443274140358 0.6499305438995362 0.5255230331420898 0.6499305438995362
0 0.5997977447509766 0.6908059692382813 0.6070549547672272 0.6908059692382813 0.6070549547672272 0.6998639976978303 0.5997977447509766 0.6998639976978303
0 0.450540771484375 0.6867889404296876 0.45813890933990475 0.6867889404296876 0.45813890933990475 0.6966967964172365 0.450540771484375 0.6966967964172365
0 0.550038948059082 0.3198814392089844 0.5576523739099503 0.3198814392089844 0.5576523739099503 0.329580494761467 0.550038948059082 0.329580494761467
0 0.49516494750976564 0.7828429412841796 0.5032468122243882 0.7828429412841796 0.5032468122243882 0.7930526518821717 0.49516494750976564 0.7930526518821717
0 0.2472779655456543 0.7830830383300781 0.25466014385223384 0.7830830383300781 0.25466014385223384 0.7929848855733871 0.2472779655456543 0.7929848855733871
0 0.5858940887451172 0.8329167175292969 0.5931751924753189 0.8329167175292969 0.5931751924753189 0.8414059805870056 0.5858940887451172 0.8414059805870056
0 0.5199456024169922 0.6908860778808594 0.5275132519006729 0.6908860778808594 0.5275132519006729 0.7002012127637863 0.5199456024169922 0.7002012127637863
0 0.4788505935668945 0.5246163558959961 0.48730073928833006 0.5246163558959961 0.48730073928833006 0.534558761715889 0.4788505935668945 0.534558761715889
0 0.5753643417358398 0.4670359420776367 0.5828061360120772 0.4670359420776367 0.5828061360120772 0.47731249928474423 0.5753643417358398 0.47731249928474423
0 0.45107795715332033 0.634182357788086 0.45793249487876897 0.634182357788086 0.45793249487876897 0.6441312068700791 0.45107795715332033 0.6441312068700791
0 0.5827883911132813 0.7855883026123047 0.5910968017578125 0.7855883026123047 0.5910968017578125 0.7950608479976654 0.5827883911132813 0.7950608479976654
0 0.5252553176879883 0.78589111328125 0.5334290605783463 0.78589111328125 0.5334290605783463 0.7949656653404237 0.5252553176879883 0.7949656653404237
0 0.458017463684082 0.31590784072875977 0.46510289430618285 0.31590784072875977 0.46510289430618285 0.3244795244932175 0.458017463684082 0.3244795244932175
0 0.23238229751586914 0.8277924346923827 0.23959476649761202 0.8277924346923827 0.23959476649761202 0.8363907229900359 0.23238229751586914 0.8363907229900359
0 0.44173583984375 0.3831696319580078 0.4482040286064148 0.3831696319580078 0.4482040286064148 0.3911546039581299 0.44173583984375 0.3911546039581299
0 0.47084259033203124 0.3785441589355469 0.47867487370967865 0.3785441589355469 0.47867487370967865 0.3880434268712997 0.47084259033203124 0.3880434268712997
0 0.4586633682250977 0.7957804870605468 0.4664562034606934 0.7957804870605468 0.4664562034606934 0.8047671234607696 0.4586633682250977 0.8047671234607696
0 0.5264933776855468 0.38108417510986325 0.5348069930076598 0.38108417510986325 0.5348069930076598 0.3923387968540191 0.5264933776855468 0.3923387968540191
0 0.9098050689697266 0.7797699737548828 0.9150540924072266 0.7797699737548828 0.9150540924072266 0.7861812740564347 0.9098050689697266 0.7861812740564347
0 0.5057509613037109 0.4729112243652344 0.5142143255472182 0.4729112243652344 0.5142143255472182 0.48247188329696655 0.5057509613037109 0.48247188329696655
0 0.4961766052246093 0.8363040924072267 0.504565686583519 0.8363040924072267 0.504565686583519 0.8461584240198137 0.4961766052246093 0.8461584240198137
0 0.20628747940063477 0.7835693359375 0.21321180522441865 0.7835693359375 0.21321180522441865 0.7931140643358231 0.20628747940063477 0.7931140643358231
0 0.47568443298339846 0.46278751373291016 0.48376789450645447 0.46278751373291016 0.48376789450645447 0.47259053468704226 0.47568443298339846 0.47259053468704226
0 0.5226430892944336 0.3177696418762207 0.5305642932653427 0.3177696418762207 0.5305642932653427 0.3274390691518783 0.5226430892944336 0.3274390691518783
0 0.14006839752197264 0.8278319549560548 0.14709271907806395 0.8278319549560548 0.14709271907806395 0.8368050718307495 0.14006839752197264 0.8368050718307495
0 0.18635574340820313 0.8303504180908203 0.1931011188030243 0.8303504180908203 0.1931011188030243 0.8398841571807862 0.18635574340820313 0.8398841571807862
0 0.44262256622314455 0.5351858139038086 0.45008976221084596 0.5351858139038086 0.45008976221084596 0.5453184795379639 0.44262256622314455 0.5453184795379639
0 0.4946021270751953 0.3164241790771484 0.50255588889122 0.3164241790771484 0.50255588889122 0.3269913649559021 0.4946021270751953 0.3269913649559021
0 0.9057715606689453 0.8267794799804687 0.9129873120784759 0.8267794799804687 0.9129873120784759 0.8341724026203156 0.9057715606689453 0.8341724026203156
0 0.7984342956542969 0.7883312225341796 0.8062039172649385 0.7883312225341796 0.8062039172649385 0.7981578034162521 0.7984342956542969 0.7981578034162521
0 0.4443343734741211 0.4624629592895508 0.45243826925754543 0.4624629592895508 0.45243826925754543 0.4726043224334716 0.4443343734741211 0.4726043224334716
0 0.18189361572265625 0.7776154327392578 0.18879397451877594 0.7776154327392578 0.18879397451877594 0.7879781270027161 0.18189361572265625 0.7879781270027161
0 0.16218656539916992 0.7719474792480467 0.1686289530992508 0.7719474792480467 0.1686289530992508 0.7803357809782028 0.16218656539916992 0.7803357809782028
0 0.8141278076171875 0.820573959350586 0.8205683767795562 0.820573959350586 0.8205683767795562 0.8293099719285965 0.8141278076171875 0.8293099719285965
0 0.377606201171875 0.8876798248291016 0.383195087313652 0.8876798248291016 0.383195087313652 0.8959696167707444 0.377606201171875 0.8959696167707444
0 0.7697577667236328 0.7861904144287111 0.7780804896354675 0.7861904144287111 0.7780804896354675 0.795752536058426 0.7697577667236328 0.795752536058426
0 0.16415115356445312 0.8284928131103516 0.17139964044094083 0.8284928131103516 0.17139964044094083 0.8389248442649841 0.16415115356445312 0.8389248442649841
0 0.5506174850463867 0.7863303375244141 0.5594968581199646 0.7863303375244141 0.5594968581199646 0.7972444033622742 0.5506174850463867 0.7972444033622742
0 0.1411493682861328 0.7741329193115234 0.14864075362682344 0.7741329193115234 0.14864075362682344 0.7831193971633911 0.1411493682861328 0.7831193971633911
0 0.8367945969623557 0.783436944379874 0.8417906807288141 0.783436944379874 0.8417906807288141 0.7940115569114713 0.8367945969623557 0.7940115569114713
0 0.8617750157946482 0.7851066200427578 0.8705181623859506 0.7851066200427578 0.8705181623859506 0.7945681154657659 0.8617750157946482 0.7945681154657659
0 0.859276973911419 0.8296769030778514 0.8663547592472353 0.8296769030778514 0.8663547592472353 0.8408080741637433 0.859276973911419 0.8408080741637433
