0 0.78861083984375 0.31314352035522464 0.7965607869625092 0.31314352035522464 0.7965607869625092 0.3218567830324173 0.78861083984375 0.3218567830324173
0 0.1969318962097168 0.21590761184692384 0.20471429288387297 0.21590761184692384 0.20471429288387297 0.22529431700706481 0.1969318962097168 0.22529431700706481
0 0.8291609191894531 0.5308525085449218 0.8369538432359694 0.5308525085449218 0.8369538432359694 0.5403992927074432 0.8291609191894531 0.5403992927074432
0 0.8191469573974609 0.3133821678161621 0.826936805844307 0.3133821678161621 0.826936805844307 0.32258717060089115 0.8191469573974609 0.32258717060089115
0 0.21060440063476563 0.823167724609375 0.2166310602426529 0.823167724609375 0.2166310602426529 0.8316037791967391 0.21060440063476563 0.8316037791967391
0 0.8129570770263672 0.6797629547119141 0.8213220870494843 0.6797629547119141 0.8213220870494843 0.689184980392456 0.8129570770263672 0.689184980392456
0 0.2516229820251465 0.5227773666381836 0.2598995739221573 0.5227773666381836 0.2598995739221573 0.5334480834007264 0.2516229820251465 0.5334480834007264
0 0.2740848731994629 0.5124997329711914 0.28191727459430693 0.5124997329711914 0.28191727459430693 0.5233006632328033 0.2740848731994629 0.5233006632328033
0 0.7647150421142578 0.31417062759399417 0.7724910509586334 0.31417062759399417 0.7724910509586334 0.3238773322105408 0.7647150421142578 0.3238773322105408
0 0.48437255859375 0.14673372268676757 0.49159570276737213 0.14673372268676757 0.49159570276737213 0.15566515445709228 0.48437255859375 0.15566515445709228
0 0.5249348449707031 0.8325331115722656 0.5324786603450775 0.8325331115722656 0.5324786603450775 0.8423396110534667 0.5249348449707031 0.8423396110534667
0 0.7990135192871094 0.7825835418701171 0.8068007653951645 0.7825835418701171 0.8068007653951645 0.792115541100502 0.7990135192871094 0.792115541100502
0 0.5929341888427735 0.5218726348876953 0.6015184402465821 0.5218726348876953 0.6015184402465821 0.5313384997844696 0.5929341888427735 0.5313384997844696
0 0.5797510528564453 0.20825252532958988 0.5880993849039078 0.20825252532958988 0.5880993849039078 0.21850358486175542 0.5797510528564453 0.21850358486175542
0 0.5259580612182617 0.6350296401977539 0.5344784390926361 0.6350296401977539 0.5344784390926361 0.6455442106723785 0.5259580612182617 0.6455442106723785
0 0.25559669494628906 0.3115537643432617 0.2632215648889542 0.3115537643432617 0.2632215648889542 0.32109127819538114 0.25559669494628906 0.32109127819538114
0 0.5541986083984375 0.8317921447753905 0.5618568646907807 0.8317921447753905 0.5618568646907807 0.8422643387317656 0.5541986083984375 0.8422643387317656
0 0.1870811653137207 0.8213980102539062 0.19372274518013002 0.8213980102539062 0.19372274518013002 0.8300434976816178 0.1870811653137207 0.8300434976816178
0 0.5523931884765625 0.20710447311401367 0.559667609333992 0.20710447311401367 0.559667609333992 0.21706417322158814 0.5523931884765625 0.21706417322158814
0 0.5614153671264649 0.6843770599365234 0.5694739001989365 0.6843770599365234 0.5694739001989365 0.6951214611530303 0.5614153671264649 0.6951214611530303
0 0.5262066268920899 0.782859878540039 0.5339690333604813 0.782859878540039 0.5339690333604813 0.7918544995784759 0.5262066268920899 0.7918544995784759
0 0.81011962890625 0.6255960083007812 0.8173160403966904 0.6255960083007812 0.8173160403966904 0.6353705275058745 0.81011962890625 0.6353705275058745
0 0.279626350402832 0.36626079559326175 0.2876692992448806 0.36626079559326175 0.2876692992448806 0.37527763307094575 0.279626350402832 0.37527763307094575
0 0.24804603576660156 0.7737442016601561 0.25547543942928314 0.7737442016601561 0.25547543942928314 0.7833808779716491 0.24804603576660156 0.7833808779716491
0 0.17018243789672852 0.21666296005249022 0.17679484605789184 0.21666296005249022 0.17679484605789184 0.22547560274600983 0.17018243789672852 0.22547560274600983
0 0.7947868347167969 0.5331553649902344 0.8023013150691987 0.5331553649902344 0.8023013150691987 0.5434571826457978 0.7947868347167969 0.5434571826457978
0 0.47771663665771485 0.5183942413330078 0.48617447078228 0.5183942413330078 0.48617447078228 0.528183742761612 0.47771663665771485 0.528183742761612
0 0.5678682708740235 0.37570423126220703 0.5759286963939667 0.37570423126220703 0.5759286963939667 0.38511293470859526 0.5678682708740235 0.38511293470859526
0 0.20844114303588868 0.36546218872070313 0.21654916405677793 0.36546218872070313 0.21654916405677793 0.37510906398296356 0.20844114303588868 0.37510906398296356
0 0.18704879760742188 0.6580638122558594 0.19343627154827117 0.6580638122558594 0.19343627154827117 0.6663297671079637 0.18704879760742188 0.6663297671079637
0 0.583960189819336 0.7823688507080078 0.5922185069322586 0.7823688507080078 0.5922185069322586 0.7917096012830733 0.583960189819336 0.7917096012830733
0 0.7724868774414062 0.21509189605712892 0.7801369124650955 0.21509189605712892 0.7801369124650955 0.22433737814426424 0.7724868774414062 0.22433737814426424
0 0.4705320358276367 0.377161636352539 0.47840426981449125 0.377161636352539 0.47840426981449125 0.3872119998931885 0.4705320358276367 0.3872119998931885
0 0.4897048187255859 0.6885800170898437 0.4980070489645004 0.6885800170898437 0.4980070489645004 0.6984079420566558 0.4897048187255859 0.6984079420566558
0 0.826342544555664 0.4725995635986328 0.8341052466630934 0.4725995635986328 0.8341052466630934 0.48206562638282774 0.826342544555664 0.48206562638282774
0 0.5625444030761719 0.14709457397460937 0.5705791020393373 0.14709457397460937 0.5705791020393373 0.15699360489845277 0.5625444030761719 0.15699360489845277
0 0.5519287490844726 0.7845947265625 0.5600197517871857 0.7845947265625 0.5600197517871857 0.7940254485607147 0.5519287490844726 0.7940254485607147
0 0.4598323059082031 0.7917158508300781 0.46699500620365136 0.7917158508300781 0.46699500620365136 0.800638289451599 0.4598323059082031 0.800638289451599
0 0.6002472686767578 0.6855406951904297 0.6076088064908981 0.6855406951904297 0.6076088064908981 0.6945092260837555 0.6002472686767578 0.6945092260837555
0 0.49669189453124996 0.7793588256835937 0.505241133570671 0.7793588256835937 0.505241133570671 0.7893530952930451 0.49669189453124996 0.7893530952930451
0 0.7725523376464843 0.5143134307861328 0.780511570572853 0.5143134307861328 0.780511570572853 0.5237418204545974 0.7725523376464843 0.5237418204545974
0 0.5835912704467774 0.3186843490600586 0.5911831092834473 0.3186843490600586 0.5911831092834473 0.3293711745738983 0.5835912704467774 0.3293711745738983
0 0.7985295104980469 0.4727146911621094 0.8070222091674804 0.4727146911621094 0.8070222091674804 0.48205670714378357 0.7985295104980469 0.48205670714378357
0 0.1645198631286621 0.8205161285400391 0.17158289313316344 0.8205161285400391 0.17158289313316344 0.8298743516206741 0.1645198631286621 0.8298743516206741
0 0.4970317459106445 0.8331359100341796 0.5048133140802383 0.8331359100341796 0.5048133140802383 0.8424545234441757 0.4970317459106445 0.8424545234441757
0 0.5730845642089843 0.45933162689208984 0.5809869611263275 0.45933162689208984 0.5809869611263275 0.4692806339263916 0.5730845642089843 0.4692806339263916
0 0.7709158325195312 0.7804912567138673 0.7781052058935166 0.7804912567138673 0.7781052058935166 0.7893219053745271 0.7709158325195312 0.7893219053745271
0 0.7978673553466797 0.8269178009033203 0.8055713880062104 0.8269178009033203 0.8055713880062104 0.8367245376110077 0.7978673553466797 0.8367245376110077
0 0.8671894073486328 0.22680669784545898 0.8752548599243164 0.22680669784545898 0.8752548599243164 0.2365254199504852 0.8671894073486328 0.2365254199504852
0 0.22312835693359376 0.21252672195434572 0.2302201747894287 0.21252672195434572 0.2302201747894287 0.2216688317060471 0.22312835693359376 0.2216688317060471
0 0.20873239517211914 0.4684524917602539 0.21620031535625459 0.4684524917602539 0.21620031535625459 0.4789087152481079 0.20873239517211914 0.4789087152481079
0 0.44351089477539063 0.4586490631103516 0.4505707460641861 0.4586490631103516 0.4505707460641861 0.4677875757217408 0.44351089477539063 0.4677875757217408
0 0.17991622924804687 0.31451265335083006 0.1878443086147308 0.31451265335083006 0.1878443086147308 0.32362958192825314 0.17991622924804687 0.32362958192825314
0 0.8510762023925781 0.30930557250976565 0.859101378917694 0.30930557250976565 0.859101378917694 0.3183823382854462 0.8510762023925781 0.3183823382854462
0 0.7655049133300781 0.8279106903076171 0.7737123674154281 0.8279106903076171 0.7737123674154281 0.8367043381929397 0.7655049133300781 0.8367043381929397
0 0.5362207412719726 0.4625887680053711 0.543511307835579 0.4625887680053711 0.543511307835579 0.47149859607219696 0.5362207412719726 0.47149859607219696
0 0.8389404296875 0.3714598083496094 0.8462095272541047 0.3714598083496094 0.8462095272541047 0.3818338477611542 0.8389404296875 0.3818338477611542
0 0.5497642135620118 0.3181866455078125 0.5567521476745606 0.3181866455078125 0.5567521476745606 0.3277451503276825 0.5497642135620118 0.3277451503276825
0 0.504492301940918 0.4661985397338867 0.5121710211038589 0.4661985397338867 0.5121710211038589 0.47534812092781065 0.504492301940918 0.47534812092781065
0 0.20782148361206054 0.517894287109375 0.21551481127738953 0.517894287109375 0.21551481127738953 0.5286060750484467 0.20782148361206054 0.5286060750484467
0 0.47454769134521485 0.4584017181396484 0.4815554082393646 0.4584017181396484 0.4815554082393646 0.46730802834033963 0.47454769134521485 0.46730802834033963
0 0.521076431274414 0.2121981620788574 0.5283546370267868 0.2121981620788574 0.5283546370267868 0.2219364124536514 0.521076431274414 0.2219364124536514
0 0.8145298004150391 0.8140676879882812 0.8217212438583374 0.8140676879882812 0.8217212438583374 0.8224853217601777 0.8145298004150391 0.8224853217601777
0 0.49422149658203124 0.3152607917785645 0.5018507432937622 0.3152607917785645 0.5018507432937622 0.32496219933032994 0.49422149658203124 0.32496219933032994
0 0.25770998001098633 0.21141302108764648 0.26480676591396335 0.21141302108764648 0.26480676591396335 0.22117263734340664 0.25770998001098633 0.22117263734340664
0 0.5614711761474609 0.6323024749755859 0.5700039738416671 0.6323024749755859 0.5700039738416671 0.6417530810832978 0.5614711761474609 0.6417530810832978
0 0.2744687271118164 0.45884716033935546 0.2827804791927338 0.45884716033935546 0.2827804791927338 0.469472416639328 0.2744687271118164 0.469472416639328
0 0.19820140838623046 0.15115118026733398 0.20699311733245848 0.15115118026733398 0.20699311733245848 0.1622830593585968 0.19820140838623046 0.1622830593585968
0 0.26076292037963866 0.15099993705749512 0.2692963981628418 0.15099993705749512 0.2692963981628418 0.1619004738330841 0.26076292037963866 0.1619004738330841
0 0.8149093627929688 0.16979284286499025 0.8227533268928529 0.16979284286499025 0.8227533268928529 0.17921982944011688 0.8149093627929688 0.17921982944011688
0 0.4452359390258789 0.21182783126831053 0.45342091917991634 0.21182783126831053 0.45342091917991634 0.2210386848449707 0.4452359390258789 0.2210386848449707
0 0.5526037979125976 0.5273628616333008 0.560368155837059 0.5273628616333008 0.560368155837059 0.5375872385501862 0.5526037979125976 0.5375872385501862
0 0.18256824493408202 0.7687936401367188 0.18916243731975554 0.7687936401367188 0.18916243731975554 0.7785602140426636 0.18256824493408202 0.7785602140426636
0 0.5158105850219726 0.5242576599121094 0.523969069123268 0.5242576599121094 0.523969069123268 0.533795826435089 0.5158105850219726 0.533795826435089
0 0.7704214477539062 0.6787065887451171 0.7780204427242279 0.6787065887451171 0.7780204427242279 0.689516452550888 0.7704214477539062 0.689516452550888
0 0.7964905548095703 0.17009613037109375 0.8042772686481475 0.17009613037109375 0.8042772686481475 0.17958541691303254 0.7964905548095703 0.17958541691303254
0 0.5361493301391601 0.1486760902404785 0.5429879289865492 0.1486760902404785 0.5429879289865492 0.15749576926231384 0.5361493301391601 0.15749576926231384
0 0.5210676574707032 0.6868933868408204 0.5279946744441987 0.6868933868408204 0.5279946744441987 0.6968435406684876 0.5210676574707032 0.6968435406684876
0 0.8384307098388671 0.22213226318359375 0.8464689570665359 0.22213226318359375 0.8464689570665359 0.2316914004087448 0.8384307098388671 0.2316914004087448
0 0.4412670516967773 0.38240650177001956 0.4475816178321838 0.38240650177001956 0.4475816178321838 0.3904494255781174 0.4412670516967773 0.3904494255781174
0 0.8460498046875 0.1692530632019043 0.8534341120719909 0.1692530632019043 0.8534341120719909 0.17891080915927887 0.8460498046875 0.17891080915927887
0 0.16263629913330077 0.3631843185424805 0.1692339068651199 0.3631843185424805 0.1692339068651199 0.3725598168373108 0.16263629913330077 0.3725598168373108
0 0.5950725555419922 0.6321304321289063 0.602485014796257 0.6321304321289063 0.602485014796257 0.6405690562725068 0.5950725555419922 0.6405690562725068
0 0.20750722885131836 0.7737261962890626 0.213861021399498 0.7737261962890626 0.213861021399498 0.7829657489061356 0.20750722885131836 0.7829657489061356
0 0.5216947937011719 0.3161884117126465 0.5296472251415253 0.3161884117126465 0.5296472251415253 0.3269326150417328 0.5216947937011719 0.3269326150417328
0 0.8893855285644531 0.18017824172973632 0.896681832075119 0.18017824172973632 0.896681832075119 0.18865327358245848 0.8893855285644531 0.18865327358245848
0 0.49055633544921873 0.6319070434570313 0.49792207241058345 0.6319070434570313 0.49792207241058345 0.6407464283704758 0.49055633544921873 0.6407464283704758
0 0.4664165496826172 0.14521368980407715 0.47329941689968114 0.14521368980407715 0.47329941689968114 0.1553014099597931 0.4664165496826172 0.1553014099597931
0 0.758909912109375 0.35837005615234374 0.766657532453537 0.35837005615234374 0.766657532453537 0.3686659836769104 0.758909912109375 0.3686659836769104
0 0.469404296875 0.21198890686035157 0.47626823842525484 0.21198890686035157 0.47626823842525484 0.22137756884098053 0.469404296875 0.22137756884098053
0 0.51028076171875 0.14900676727294923 0.5182362687587738 0.14900676727294923 0.5182362687587738 0.15918313384056093 0.51028076171875 0.15918313384056093
0 0.45723609924316405 0.31487403869628905 0.4639439928531646 0.31487403869628905 0.4639439928531646 0.3236972159147262 0.45723609924316405 0.3236972159147262
0 0.15830758094787598 0.6067120742797851 0.16536190271377563 0.6067120742797851 0.16536190271377563 0.616023730635643 0.15830758094787598 0.616023730635643
0 0.15760043144226074 0.5122476959228516 0.1650160849094391 0.5122476959228516 0.1650160849094391 0.5204505997896194 0.15760043144226074 0.5204505997896194
0 0.2328498649597168 0.817877426147461 0.24097923636436464 0.817877426147461 0.24097923636436464 0.8274873006343842 0.2328498649597168 0.8274873006343842
0 0.7777586364746094 0.6242121887207032 0.7855900031328201 0.6242121887207032 0.7855900031328201 0.634719249010086 0.7777586364746094 0.634719249010086
0 0.4415504837036133 0.5297906875610352 0.44893227756023407 0.5297906875610352 0.44893227756023407 0.539348776936531 0.4415504837036133 0.539348776936531
0 0.21203956604003907 0.6088189315795899 0.21955871880054476 0.6088189315795899 0.21955871880054476 0.6175404363870621 0.21203956604003907 0.6175404363870621
0 0.4947595977783203 0.38062923431396484 0.5019173300266265 0.38062923431396484 0.5019173300266265 0.39138387441635125 0.4947595977783203 0.39138387441635125
0 0.881879653930664 0.31716989517211913 0.8887689971923828 0.31716989517211913 0.8887689971923828 0.32597670674324036 0.881879653930664 0.32597670674324036
0 0.768333969116211 0.16171276092529296 0.7754028695821763 0.16171276092529296 0.7754028695821763 0.17196590662002564 0.768333969116211 0.17196590662002564
0 0.22577272415161131 0.14959938049316407 0.2349573469161987 0.14959938049316407 0.2349573469161987 0.1604742920398712 0.22577272415161131 0.1604742920398712
0 0.46427059173583984 0.8327603149414062 0.4721587944030762 0.8327603149414062 0.4721587944030762 0.8433365535736083 0.46427059173583984 0.8433365535736083
0 0.9119412994384766 0.5316730117797852 0.9187959259748459 0.5316730117797852 0.9187959259748459 0.540994787812233 0.9119412994384766 0.540994787812233
0 0.7840404510498047 0.36994995117187496 0.7915310972929 0.36994995117187496 0.7915310972929 0.3807840466499328 0.7840404510498047 0.3807840466499328
0 0.8916587829589844 0.4804470825195313 0.8997201550006866 0.4804470825195313 0.8997201550006866 0.48997331082820894 0.8916587829589844 0.48997331082820894
0 0.16249717712402345 0.7629705047607422 0.16911091566085817 0.7629705047607422 0.16911091566085817 0.7715940135717393 0.16249717712402345 0.7715940135717393
0 0.8972020721435547 0.3668857955932617 0.9046063107252121 0.3668857955932617 0.9046063107252121 0.3760020130872726 0.8972020721435547 0.3760020130872726
0 0.23188692092895508 0.6071392440795899 0.23893719136714933 0.6071392440795899 0.23893719136714933 0.6169626629352569 0.23188692092895508 0.6169626629352569
0 0.22259775161743164 0.3028558158874512 0.23101780891418458 0.3028558158874512 0.23101780891418458 0.3142356908321381 0.22259775161743164 0.3142356908321381
0 0.5269012069702148 0.37868972778320314 0.5358490675687789 0.37868972778320314 0.5358490675687789 0.39021031141281126 0.5269012069702148 0.39021031141281126
0 0.21052764892578124 0.6640245819091797 0.218337886929512 0.6640245819091797 0.218337886929512 0.6730234724283218 0.21052764892578124 0.6730234724283218
0 0.836236572265625 0.6290913772583008 0.8443571460247039 0.6290913772583008 0.8443571460247039 0.637519012093544 0.836236572265625 0.637519012093544
0 0.12310106277465821 0.3683112716674805 0.13065004587173462 0.3683112716674805 0.13065004587173462 0.3775128746032715 0.12310106277465821 0.3775128746032715
0 0.7699260711669922 0.47307849884033204 0.7780829584598542 0.47307849884033204 0.7780829584598542 0.48378127455711367 0.7699260711669922 0.48378127455711367
0 0.8618058013916016 0.4782349014282226 0.8702479332685471 0.4782349014282226 0.8702479332685471 0.48837511777877807 0.8618058013916016 0.48837511777877807
0 0.18300683975219725 0.6153451919555664 0.1901363909244537 0.6153451919555664 0.1901363909244537 0.6242945510149002 0.18300683975219725 0.6242945510149002
0 0.8336250305175781 0.6788169097900391 0.8407919889688492 0.6788169097900391 0.8407919889688492 0.6884210920333862 0.8336250305175781 0.6884210920333862
0 0.16977300643920898 0.1511164665222168 0.17681425750255583 0.1511164665222168 0.17681425750255583 0.16115244030952455 0.16977300643920898 0.16115244030952455
0 0.2587787437438965 0.6092499160766601 0.26693397521972656 0.6092499160766601 0.26693397521972656 0.6188724011182785 0.2587787437438965 0.6188724011182785
0 0.49693359375 0.21198371887207032 0.5049325704574585 0.21198371887207032 0.5049325704574585 0.2231472623348236 0.49693359375 0.2231472623348236
0 0.15487181663513183 0.6587389373779297 0.16214359045028687 0.6587389373779297 0.16214359045028687 0.6668381524085999 0.15487181663513183 0.6668381524085999
0 0.8718754577636719 0.36759296417236326 0.8800167316198351 0.36759296417236326 0.8800167316198351 0.3775158417224884 0.8718754577636719 0.3775158417224884
0 0.1407720947265625 0.8176975250244141 0.14827501296997067 0.8176975250244141 0.14827501296997067 0.8270630216598511 0.1407720947265625 0.8270630216598511
0 0.1476770496368408 0.3680018615722656 0.15364118099212645 0.3680018615722656 0.15364118099212645 0.3759150063991547 0.1476770496368408 0.3759150063991547
0 0.13371550559997558 0.5185334777832031 0.14122308135032655 0.5185334777832031 0.14122308135032655 0.5271383279561996 0.13371550559997558 0.5271383279561996
0 0.45044296264648437 0.629553451538086 0.4585326933860779 0.629553451538086 0.4585326933860779 0.6404513108730315 0.45044296264648437 0.6404513108730315
0 0.9071045684814453 0.821656723022461 0.9147446680068969 0.821656723022461 0.9147446680068969 0.82910704433918 0.9071045684814453 0.82910704433918
0 0.5861639022827149 0.8285044860839844 0.5948329055309296 0.8285044860839844 0.5948329055309296 0.8385637438297272 0.5861639022827149 0.8385637438297272
0 0.8630870819091797 0.7799136352539063 0.8699705702066421 0.7799136352539063 0.8699705702066421 0.7890807676315309 0.8630870819091797 0.7890807676315309
0 0.13327053447028037 0.1485889288183899 0.1419720470301956 0.1485889288183899 0.1419720470301956 0.16328207465176733 0.13327053447028037 0.16328207465176733
0 0.14059812399441948 0.2128714418394161 0.1483836878638173 0.2128714418394161 0.1483836878638173 0.2269523732630695 0.14059812399441948 0.2269523732630695
0 0.12227915018407169 0.31266239062443774 0.1309806627439869 0.31266239062443774 0.1309806627439869 0.3267433220480911 0.12227915018407169 0.3267433220480911
0 0.14563584179226513 0.3163356770827821 0.15433735435218035 0.3163356770827821 0.15433735435218035 0.33102882291615954 0.14563584179226513 0.33102882291615954
0 0.13739230357760865 0.4577572057290398 0.14517786744700645 0.4577572057290398 0.14517786744700645 0.4693892795137969 0.13739230357760865 0.4693892795137969
0 0.13922420095864338 0.7650888394105173 0.1483836878638173 0.7650888394105173 0.1483836878638173 0.77304762673693 0.13922420095864338 0.77304762673693
0 0.4501887813892976 0.6806032508685972 0.4588902939492129 0.6806032508685972 0.4588902939492129 0.6946841822922506 0.4501887813892976 0.6946841822922506
0 0.8875542811113517 0.21856054427148908 0.8953398449807495 0.21856054427148908 0.8953398449807495 0.23325369010486652 0.8875542811113517 0.23325369010486652
0 0.866271491184461 0.5314021076404833 0.8740570550538588 0.5314021076404833 0.8740570550538588 0.5460952534738609 0.866271491184461 0.5460952534738609
0 0.8648975681486847 0.6275197699671605 0.8722251576728238 0.6275197699671605 0.8722251576728238 0.6409884869810899 0.8648975681486847 0.6409884869810899
0 0.866271491184461 0.6764969227450854 0.8740570550538588 0.6764969227450854 0.8740570550538588 0.6893534253492907 0.866271491184461 0.6893534253492907
0 0.8942079262452413 0.6795579947937057 0.9038253874956741 0.6795579947937057 0.9038253874956741 0.6887412109395666 0.8942079262452413 0.6887412109395666
0 0.9056572848767087 0.6195609826407478 0.9129848744008477 0.6195609826407478 0.9129848744008477 0.6348663428838494 0.9056572848767087 0.6348663428838494
0 0.836045184397387 0.7756756571203829 0.8461206199930783 0.7756756571203829 0.8461206199930783 0.787919945314864 0.836045184397387 0.787919945314864
0 0.8575699786245456 0.8203673090302392 0.8671874398749781 0.8203673090302392 0.8671874398749781 0.8356726692733407 0.8575699786245456 0.8356726692733407
0 0.9079471566030022 0.7720023706620384 0.9184805665439523 0.7720023706620384 0.9184805665439523 0.7824100156273477 0.9079471566030022 0.7824100156273477
