0 0.5543865203857422 0.6864762115478515 0.5630780565738678 0.6864762115478515 0.5630780565738678 0.6968755900859832 0.5543865203857422 0.6968755900859832
0 0.4924410629272461 0.6887242126464844 0.5006240618228913 0.6887242126464844 0.5006240618228913 0.6978205066919327 0.4924410629272461 0.6978205066919327
0 0.5849258422851562 0.4494565582275391 0.5928277659416198 0.4494565582275391 0.5928277659416198 0.45940734446048737 0.5849258422851562 0.45940734446048737
0 0.4671302795410156 0.6875719451904296 0.4743317180871963 0.6875719451904296 0.4743317180871963 0.697075719833374 0.4671302795410156 0.697075719833374
0 0.4546712875366211 0.7707371520996094 0.4621056592464447 0.7707371520996094 0.4621056592464447 0.7802188688516616 0.4546712875366211 0.7802188688516616
0 0.5458612442016602 0.3745931625366211 0.5540322077274322 0.3745931625366211 0.5540322077274322 0.3849685060977936 0.5458612442016602 0.3849685060977936
0 0.5293338394165039 0.28830427169799805 0.5376124423742296 0.28830427169799805 0.5376124423742296 0.2997936260700226 0.5293338394165039 0.2997936260700226
0 0.44492515563964846 0.8472318267822265 0.451616844534874 0.8472318267822265 0.451616844534874 0.8555377471446991 0.44492515563964846 0.8555377471446991
0 0.5628235244750976 0.6064341735839843 0.5713648980855942 0.6064341735839843 0.5713648980855942 0.6172899317741394 0.5628235244750976 0.6172899317741394
0 0.48324840545654296 0.7714073181152343 0.49035929679870605 0.7714073181152343 0.49035929679870605 0.7812420427799225 0.48324840545654296 0.7812420427799225
0 0.5550405883789062 0.45025627136230467 0.5640654522180556 0.45025627136230467 0.5640654522180556 0.4605042481422424 0.5550405883789062 0.4605042481422424
0 0.5397847366333007 0.7683158874511717 0.5473885816335677 0.7683158874511717 0.5473885816335677 0.7785995995998382 0.5397847366333007 0.7785995995998382
0 0.4457860946655273 0.6847298431396484 0.45351342916488646 0.6847298431396484 0.45351342916488646 0.6944332468509674 0.4457860946655273 0.6944332468509674
0 0.4924042892456055 0.3522148132324219 0.5005813145637513 0.3522148132324219 0.5005813145637513 0.36210733115673066 0.4924042892456055 0.36210733115673066
0 0.5936980438232422 0.6837765502929688 0.6018179076910019 0.6837765502929688 0.6018179076910019 0.6946715629100799 0.5936980438232422 0.6946715629100799
0 0.4457920837402344 0.3783600997924805 0.4527685737609864 0.3783600997924805 0.4527685737609864 0.38775184512138366 0.4457920837402344 0.38775184512138366
0 0.5059556579589843 0.2946885108947754 0.5148272836208343 0.2946885108947754 0.5148272836208343 0.3051510393619537 0.5059556579589843 0.3051510393619537
0 0.506557731628418 0.8488284301757812 0.5150501942634583 0.8488284301757812 0.5150501942634583 0.8580882221460342 0.506557731628418 0.8580882221460342
0 0.5375072860717773 0.6100232696533203 0.5443982851505279 0.6100232696533203 0.5443982851505279 0.619577761888504 0.5375072860717773 0.619577761888504
0 0.44628616333007814 0.4511642837524414 0.4535259854793549 0.4511642837524414 0.4535259854793549 0.46134849786758425 0.44628616333007814 0.46134849786758425
0 0.47575836181640624 0.29442317962646486 0.48512906193733213 0.29442317962646486 0.48512906193733213 0.30461022019386297 0.47575836181640624 0.30461022019386297
0 0.4632089996337891 0.37619010925292967 0.4707234507799149 0.37619010925292967 0.4707234507799149 0.3865575861930847 0.4632089996337891 0.3865575861930847
0 0.6037594223022461 0.28751697540283205 0.6109104126691818 0.28751697540283205 0.6109104126691818 0.2986446249485016 0.6037594223022461 0.2986446249485016
0 0.47360198974609374 0.6074131774902344 0.48225975573062896 0.6074131774902344 0.48225975573062896 0.6175139033794403 0.47360198974609374 0.6175139033794403
0 0.5534082412719726 0.5214960098266601 0.5606955552101134 0.5214960098266601 0.5606955552101134 0.5309508854150772 0.5534082412719726 0.5309508854150772
0 0.44342521667480467 0.524664535522461 0.4496602356433868 0.524664535522461 0.4496602356433868 0.5329497414827347 0.44342521667480467 0.5329497414827347
0 0.5293126678466797 0.5266043853759765 0.5373002892732621 0.5266043853759765 0.5373002892732621 0.5373745608329772 0.5293126678466797 0.5373745608329772
0 0.8268767547607422 0.0005368131771683693 0.8353675609827041 0.0005368131771683693 0.8353675609827041 0.011840636171400546 0.8268767547607422 0.011840636171400546
0 0.5382272338867188 0.8483403778076172 0.5464705282449722 0.8483403778076172 0.5464705282449722 0.8590990889072417 0.5382272338867188 0.8590990889072417
0 0.5132079696655274 0.6945390319824218 0.5205119615793229 0.6945390319824218 0.5205119615793229 0.7046161580085754 0.5132079696655274 0.7046161580085754
0 0.5642040634155273 0.7657108306884766 0.5721839368343353 0.7657108306884766 0.5721839368343353 0.7750654172897339 0.5642040634155273 0.7750654172897339
0 0.5627275085449219 0.28648111343383786 0.570644690990448 0.28648111343383786 0.570644690990448 0.2968416535854339 0.5627275085449219 0.2968416535854339
0 0.5143519210815429 0.6102239990234375 0.5225473099946976 0.6102239990234375 0.5225473099946976 0.6205592989921569 0.5143519210815429 0.6205592989921569
0 0.47992271423339844 0.852272415161133 0.48729616940021514 0.852272415161133 0.48729616940021514 0.8623881220817566 0.47992271423339844 0.8623881220817566
0 0.6126599502563477 0.36762332916259766 0.6207798737287521 0.36762332916259766 0.6207798737287521 0.37717616140842436 0.6126599502563477 0.37717616140842436
0 0.4620801544189453 0.8494261169433593 0.4691621249914169 0.8494261169433593 0.4691621249914169 0.8587858420610428 0.4620801544189453 0.8587858420610428
0 0.5827430439835936 0.28243307971549286 0.5906673740796049 0.28243307971549286 0.5906673740796049 0.2962856551643192 0.5827430439835936 0.2962856551643192
0 0.46936416722527935 0.4543679867568074 0.4791171888819085 0.4543679867568074 0.4791171888819085 0.46822056220563374 0.46936416722527935 0.46822056220563374
0 0.5089858177053354 0.7631989335276996 0.5199579670690433 0.7631989335276996 0.5199579670690433 0.779496081114554 0.5089858177053354 0.779496081114554
