0 0.28279977798461914 0.9797486114501953 0.2893669712543488 0.9797486114501953 0.2893669712543488 0.988822135925293 0.28279977798461914 0.988822135925293
0 0.20213691711425782 0.9189048004150391 0.20912782311439515 0.9189048004150391 0.20912782311439515 0.9276638197898867 0.20213691711425782 0.9276638197898867
0 0.1561826515197754 0.4674654006958008 0.16364118337631225 0.4674654006958008 0.16364118337631225 0.4760664165019989 0.1561826515197754 0.4760664165019989
0 0.23551132202148437 0.20922672271728515 0.24164641976356505 0.20922672271728515 0.24164641976356505 0.21668783545494077 0.23551132202148437 0.21668783545494077
0 0.23338863372802734 0.522127799987793 0.2399636787176132 0.522127799987793 0.2399636787176132 0.5314538055658341 0.23338863372802734 0.5314538055658341
0 0.44606403350830076 0.3027352333068848 0.45345381200313567 0.3027352333068848 0.45345381200313567 0.31218273639678956 0.44606403350830076 0.31218273639678956
0 0.5387119293212891 0.3529857254028321 0.5463131719827653 0.3529857254028321 0.5463131719827653 0.362992091178894 0.5387119293212891 0.362992091178894
0 0.47716049194335936 0.3625221252441406 0.4847268110513687 0.3625221252441406 0.4847268110513687 0.371400882601738 0.47716049194335936 0.371400882601738
0 0.4444985580444336 0.7730672454833984 0.4514608538150788 0.7730672454833984 0.4514608538150788 0.7813254916667939 0.4444985580444336 0.7813254916667939
0 0.21007566452026366 0.7716931915283203 0.2165411329269409 0.7716931915283203 0.2165411329269409 0.780320258140564 0.21007566452026366 0.780320258140564
0 0.2247183609008789 0.6257773208618164 0.23306354343891142 0.6257773208618164 0.23306354343891142 0.6346371036767959 0.2247183609008789 0.6346371036767959
0 0.19684267044067383 0.36726993560791016 0.2043290728330612 0.36726993560791016 0.2043290728330612 0.3754685306549072 0.19684267044067383 0.3754685306549072
0 0.24150699615478516 0.1576613712310791 0.24814289867877964 0.1576613712310791 0.24814289867877964 0.16611725032329558 0.24150699615478516 0.16611725032329558
0 0.4701565170288086 0.8149221801757812 0.47813293099403387 0.8149221801757812 0.47813293099403387 0.8235747039318084 0.4701565170288086 0.8235747039318084
0 0.17772624969482423 0.47021488189697264 0.18486941814422608 0.47021488189697264 0.18486941814422608 0.4793275809288025 0.17772624969482423 0.4793275809288025
0 0.5081222534179688 0.36193553924560545 0.5155205780267716 0.36193553924560545 0.5155205780267716 0.37136333644390107 0.5081222534179688 0.37136333644390107
0 0.2651860237121582 0.20779712677001952 0.27260836005210876 0.20779712677001952 0.27260836005210876 0.2170932477712631 0.2651860237121582 0.2170932477712631
0 0.14784287452697753 0.6677664947509766 0.15533810436725615 0.6677664947509766 0.15533810436725615 0.6760345447063446 0.14784287452697753 0.6760345447063446
0 0.5405878448486328 0.30436506271362307 0.5491030770540236 0.30436506271362307 0.5491030770540236 0.3136214154958725 0.5405878448486328 0.3136214154958725
0 0.2364975929260254 0.7746348571777344 0.2426789253950119 0.7746348571777344 0.2426789253950119 0.7835254341363908 0.2364975929260254 0.7835254341363908
0 0.2490253829956055 0.44912052154541016 0.25625195741653445 0.44912052154541016 0.25625195741653445 0.4589804267883301 0.2490253829956055 0.4589804267883301
0 0.1720172119140625 0.3673926544189453 0.17896803379058837 0.3673926544189453 0.17896803379058837 0.3754802078008651 0.1720172119140625 0.3754802078008651
0 0.2725930404663086 0.7695717620849609 0.2806887149810791 0.7695717620849609 0.2806887149810791 0.7790189290046692 0.2725930404663086 0.7790189290046692
0 0.5535670852661133 0.8226795959472656 0.5605572664737701 0.8226795959472656 0.5605572664737701 0.8313986891508103 0.5535670852661133 0.8313986891508103
0 0.17642473220825194 0.2140934944152832 0.1841525989770889 0.2140934944152832 0.1841525989770889 0.22339548528194425 0.17642473220825194 0.22339548528194425
0 0.18520938873291015 0.5228434753417969 0.19263839364051819 0.5228434753417969 0.19263839364051819 0.5318443822860718 0.18520938873291015 0.5318443822860718
0 0.20164646148681642 0.3053700065612793 0.2089102363586426 0.3053700065612793 0.2089102363586426 0.3139680576324463 0.20164646148681642 0.3139680576324463
0 0.2713285446166992 0.15464887619018555 0.278668732047081 0.15464887619018555 0.278668732047081 0.16395628273487092 0.2713285446166992 0.16395628273487092
0 0.15413009643554687 0.15787954330444337 0.16160106301307678 0.15787954330444337 0.16160106301307678 0.1668148785829544 0.15413009643554687 0.1668148785829544
0 0.2524349594116211 0.5187364959716797 0.25927329242229463 0.5187364959716797 0.25927329242229463 0.5281715667247772 0.2524349594116211 0.5281715667247772
0 0.47534324645996096 0.29799570083618165 0.48226538419723514 0.29799570083618165 0.48226538419723514 0.3078500521183014 0.47534324645996096 0.3078500521183014
0 0.24994943618774415 0.3575558090209961 0.2568394297361374 0.3575558090209961 0.2568394297361374 0.3669621014595032 0.24994943618774415 0.3669621014595032
0 0.52082763671875 0.7746828460693359 0.528292260169983 0.7746828460693359 0.528292260169983 0.7833993303775787 0.52082763671875 0.7833993303775787
0 0.17741226196289062 0.3092202186584473 0.18455114245414733 0.3092202186584473 0.18455114245414733 0.3185876524448395 0.17741226196289062 0.3185876524448395
0 0.1859062957763672 0.6231529998779297 0.1922771209478378 0.6231529998779297 0.1922771209478378 0.631784138083458 0.1859062957763672 0.631784138083458
0 0.2166145133972168 0.16352010726928712 0.2234205985069275 0.16352010726928712 0.2234205985069275 0.17290851235389712 0.2166145133972168 0.17290851235389712
0 0.22392353057861328 0.36147029876708986 0.2315292978286743 0.36147029876708986 0.2315292978286743 0.3706875562667846 0.22392353057861328 0.3706875562667846
0 0.2063252067565918 0.8228767395019532 0.2135288482904434 0.8228767395019532 0.2135288482904434 0.8324291366338731 0.2063252067565918 0.8324291366338731
0 0.5032062149047851 0.8140409088134766 0.5104110246896743 0.8140409088134766 0.5104110246896743 0.8236643028259277 0.5032062149047851 0.8236643028259277
0 0.26860824584960935 0.8234577178955078 0.2763058906793594 0.8234577178955078 0.2763058906793594 0.8328747624158859 0.26860824584960935 0.8328747624158859
0 0.14368582725524903 0.6235049057006836 0.15106750309467318 0.6235049057006836 0.15106750309467318 0.6323816072940827 0.14368582725524903 0.6323816072940827
0 0.1464128589630127 0.9664695739746094 0.1528727972507477 0.9664695739746094 0.1528727972507477 0.9744126039743423 0.1464128589630127 0.9744126039743423
0 0.17700733184814454 0.7736256408691405 0.18434663176536562 0.7736256408691405 0.18434663176536562 0.7834484273195266 0.17700733184814454 0.7834484273195266
0 0.13879809379577637 0.3719980239868165 0.14534608066082003 0.3719980239868165 0.14534608066082003 0.3811436915397644 0.13879809379577637 0.3811436915397644
0 0.44667999267578123 0.3610245895385742 0.45461474061012264 0.3610245895385742 0.45461474061012264 0.3702604657411575 0.44667999267578123 0.3702604657411575
0 0.5048493957519531 0.30404708862304686 0.5124769568443298 0.30404708862304686 0.5124769568443298 0.3144201600551605 0.5048493957519531 0.3144201600551605
0 0.2075094223022461 0.2110746192932129 0.21444216132164 0.2110746192932129 0.21444216132164 0.22004064023494718 0.2075094223022461 0.22004064023494718
0 0.2561519241333008 0.3059350395202637 0.2635962909460068 0.3059350395202637 0.2635962909460068 0.3154364025592804 0.2561519241333008 0.3154364025592804
0 0.18757301330566406 0.1598176383972168 0.19447374165058134 0.1598176383972168 0.19447374165058134 0.16982237458229066 0.18757301330566406 0.16982237458229066
0 0.208633975982666 0.6695726013183594 0.21563960850238797 0.6695726013183594 0.21563960850238797 0.6790910023450852 0.208633975982666 0.6790910023450852
0 0.16729278564453126 0.6286308288574218 0.17412156701087952 0.6286308288574218 0.17412156701087952 0.6370305550098418 0.16729278564453126 0.6370305550098418
0 0.20266595840454102 0.46262550354003906 0.20977476477622986 0.46262550354003906 0.20977476477622986 0.4726586318016052 0.20266595840454102 0.4726586318016052
0 0.1782284164428711 0.6707844543457031 0.1844164764881134 0.6707844543457031 0.1844164764881134 0.6781582444906233 0.1782284164428711 0.6781582444906233
0 0.14364048957824707 0.31487110137939456 0.15065697491168975 0.31487110137939456 0.15065697491168975 0.3237946861982346 0.14364048957824707 0.3237946861982346
0 0.20920276641845703 0.5194654083251953 0.21558796346187592 0.5194654083251953 0.21558796346187592 0.5271456390619277 0.20920276641845703 0.5271456390619277
0 0.5735499572753906 0.3116608619689941 0.5814077603816986 0.3116608619689941 0.5814077603816986 0.3225109672546387 0.5735499572753906 0.3225109672546387
0 0.23724489212036132 0.9217591094970703 0.24424843966960907 0.9217591094970703 0.24424843966960907 0.9305501484870911 0.23724489212036132 0.9305501484870911
0 0.4797732543945312 0.7637247467041015 0.4875236845016479 0.7637247467041015 0.4875236845016479 0.7725203710794448 0.4797732543945312 0.7725203710794448
0 0.15604008674621583 0.77602783203125 0.16333563625812533 0.77602783203125 0.16333563625812533 0.7853991001844405 0.15604008674621583 0.7853991001844405
0 0.5285143661499023 0.816517105102539 0.5358340901136398 0.816517105102539 0.5358340901136398 0.8261971068382262 0.5285143661499023 0.8261971068382262
0 0.21432348251342773 0.9682250213623047 0.2219053113460541 0.9682250213623047 0.2219053113460541 0.9765800386667252 0.21432348251342773 0.9765800386667252
0 0.15423712730407715 0.8279878997802734 0.16130697369575503 0.8279878997802734 0.16130697369575503 0.8372586816549301 0.15423712730407715 0.8372586816549301
0 0.16671688079833985 0.5252387619018555 0.17299408316612244 0.5252387619018555 0.17299408316612244 0.5331074345111847 0.16671688079833985 0.5331074345111847
0 0.23320558547973633 0.8179468536376953 0.24131923973560335 0.8179468536376953 0.24131923973560335 0.8279215162992477 0.23320558547973633 0.8279215162992477
0 0.17765668869018555 0.831395263671875 0.18453918635845185 0.831395263671875 0.18453918635845185 0.8400515824556349 0.17765668869018555 0.8400515824556349
0 0.19787120819091797 0.9681740570068359 0.20333867490291596 0.9681740570068359 0.20333867490291596 0.9758551573753357 0.19787120819091797 0.9758551573753357
0 0.12825053215026855 0.9153262329101562 0.1356970578432083 0.9153262329101562 0.1356970578432083 0.9246972638368606 0.12825053215026855 0.9246972638368606
0 0.25371805191040037 0.6265833282470703 0.2606877994537353 0.6265833282470703 0.2606877994537353 0.6367086815834044 0.25371805191040037 0.6367086815834044
0 0.22220144271850586 0.4599635696411133 0.22916746437549593 0.4599635696411133 0.22916746437549593 0.4699218267202378 0.22220144271850586 0.4699218267202378
0 0.4453609848022461 0.8179907989501953 0.45265075325965887 0.8179907989501953 0.45265075325965887 0.8278808659315109 0.4453609848022461 0.8278808659315109
0 0.5744095993041992 0.3548553848266602 0.5826109617948532 0.3548553848266602 0.5826109617948532 0.36467038333415985 0.5744095993041992 0.36467038333415985
0 0.2311939811706543 0.6736953735351563 0.2391396999359131 0.6736953735351563 0.2391396999359131 0.6834334063529969 0.2311939811706543 0.6834334063529969
0 0.258353271484375 0.6717957305908203 0.26674936115741726 0.6717957305908203 0.26674936115741726 0.6811791741847992 0.258353271484375 0.6811791741847992
0 0.17967559814453124 0.9130803680419922 0.18682774126529691 0.9130803680419922 0.18682774126529691 0.9233616292476654 0.17967559814453124 0.9233616292476654
0 0.5607857513427734 0.7681238555908203 0.5673694455623627 0.7681238555908203 0.5673694455623627 0.7771704202890396 0.5607857513427734 0.7771704202890396
0 0.23121376037597657 0.3075568199157715 0.23895988762378695 0.3075568199157715 0.23895988762378695 0.3179650926589966 0.23121376037597657 0.3179650926589966
0 0.15496949195861817 0.21218345642089845 0.16115227341651917 0.21218345642089845 0.16115227341651917 0.22110291063785553 0.15496949195861817 0.22110291063785553
0 0.16182329177856444 0.910670166015625 0.1683461284637451 0.910670166015625 0.1683461284637451 0.9188140112161637 0.16182329177856444 0.9188140112161637
0 0.5425209808349609 0.7712225341796874 0.5503592669963837 0.7712225341796874 0.5503592669963837 0.781175217628479 0.5425209808349609 0.781175217628479
0 0.16569053837114342 0.9659241459547586 0.17621936856864084 0.9659241459547586 0.17621936856864084 0.975554278619718 0.16569053837114342 0.975554278619718
0 0.23939234975362528 0.9703688225693553 0.24548798828901852 0.9703688225693553 0.24548798828901852 0.9822212935416131 0.23939234975362528 0.9822212935416131
0 0.26100415910638314 0.9733319403124198 0.2687622445150654 0.9733319403124198 0.2687622445150654 0.9844436318489113 0.26100415910638314 0.9844436318489113
