0 0.4432552313861884 0.150994716937307 0.4523265079468756 0.150994716937307 0.4523265079468756 0.16144848392255493 0.4432552313861884 0.16144848392255493
0 0.48298116666919805 0.15141286761671693 0.489237219469672 0.15141286761671693 0.489237219469672 0.15768512780786567 0.48298116666919805 0.15768512780786567
0 0.5023749303506673 0.15224916897553678 0.5101949963512598 0.15224916897553678 0.5101949963512598 0.16103033324314497 0.5023749303506673 0.16103033324314497
0 0.543977681473819 0.15559437441081608 0.549295326354222 0.15559437441081608 0.549295326354222 0.1631210866401946 0.543977681473819 0.1631210866401946
0 0.44294242874616474 0.20117279846649705 0.4507624947467572 0.20117279846649705 0.4507624947467572 0.2107902640929251 0.44294242874616474 0.2107902640929251
0 0.4817299561091033 0.20242725050472676 0.4886116141896246 0.20242725050472676 0.4886116141896246 0.21120841477233498 0.4817299561091033 0.21120841477233498
0 0.5123846148314256 0.20451800390177635 0.5186406676318995 0.20451800390177635 0.5186406676318995 0.21246286681056475 0.5123846148314256 0.21246286681056475
0 0.5467929052340323 0.20451800390177635 0.5546129712346247 0.20451800390177635 0.5546129712346247 0.21329916816938457 0.5467929052340323 0.21329916816938457
0 0.5818268009166864 0.20451800390177635 0.5896468669172789 0.20451800390177635 0.5896468669172789 0.21162656545174494 0.5818268009166864 0.21162656545174494
0 0.44419363930625955 0.3048741669601563 0.4513881000268046 0.3048741669601563 0.4513881000268046 0.31532793394540426 0.44419363930625955 0.31532793394540426
0 0.4795403376289373 0.2969293040513679 0.4867347983494824 0.2969293040513679 0.4867347983494824 0.3044560162807464 0.4795403376289373 0.3044560162807464
0 0.5202046808320181 0.30780122171602575 0.5283375494726341 0.30780122171602575 0.5283375494726341 0.3170005366630439 0.5202046808320181 0.3170005366630439
0 0.5452288920339138 0.3023652628836968 0.5499209316342691 0.3023652628836968 0.5499209316342691 0.3128190298689447 0.5452288920339138 0.3128190298689447
0 0.5658738662754779 0.2923296465778588 0.5715043137959045 0.2923296465778588 0.5715043137959045 0.30152896152487696 0.5658738662754779 0.30152896152487696
0 0.44481924458630695 0.35296149509229674 0.452013705306852 0.35296149509229674 0.452013705306852 0.3625789607187249 0.44481924458630695 0.3625789607187249
0 0.46984345578820275 0.34836183761878764 0.4770379165087478 0.34836183761878764 0.4770379165087478 0.35756115256580584 0.46984345578820275 0.35756115256580584
0 0.5030005356307147 0.34836183761878764 0.5095693910712125 0.34836183761878764 0.5095693910712125 0.3571430018863958 0.5030005356307147 0.3571430018863958
0 0.5280247468326105 0.35087074169524707 0.5358448128332028 0.35087074169524707 0.5358448128332028 0.36007005664226516 0.5280247468326105 0.36007005664226516
0 0.5539873659545773 0.35672485120698594 0.5608690240350986 0.35672485120698594 0.5608690240350986 0.3650878647951843 0.5539873659545773 0.3650878647951843
0 0.45138810002680463 0.4591717676624155 0.4595209686674208 0.4591717676624155 0.4595209686674208 0.46962553464766343 0.45138810002680463 0.46962553464766343
0 0.47641231122870037 0.4587536169830056 0.4851707851493639 0.4587536169830056 0.4851707851493639 0.46878923328884364 0.47641231122870037 0.46878923328884364
0 0.5048773514708569 0.4608443703800551 0.5114462069113546 0.4608443703800551 0.5114462069113546 0.47338889076235263 0.5048773514708569 0.47338889076235263
0 0.5427264709137243 0.4612625210594651 0.5505465369143167 0.4612625210594651 0.5505465369143167 0.4725525894035329 0.5427264709137243 0.4725525894035329
0 0.5805755903565917 0.46251697309769485 0.5877700510771365 0.46251697309769485 0.5877700510771365 0.47213443872412303 0.5805755903565917 0.47213443872412303
0 0.45326491586694684 0.5189673148180336 0.4620233897876103 0.5189673148180336 0.4620233897876103 0.5269121777268221 0.45326491586694684 0.5269121777268221
0 0.48454517986931656 0.521894369573903 0.4911140353098142 0.521894369573903 0.4911140353098142 0.5331844379179709 0.48454517986931656 0.5331844379179709
0 0.5173894570718047 0.5181310134592138 0.5239583125123024 0.5181310134592138 0.5239583125123024 0.5273303284062321 0.5173894570718047 0.5273303284062321
0 0.5530489580345063 0.5118587532680651 0.5633714451552884 0.5118587532680651 0.5633714451552884 0.5198036161768534 0.5530489580345063 0.5198036161768534
0 0.5793243797964969 0.5093498491916055 0.5855804325969709 0.5093498491916055 0.5855804325969709 0.5198036161768534 0.5793243797964969 0.5198036161768534
0 0.45952096866742076 0.6197416285558235 0.4676538373080369 0.6197416285558235 0.4676538373080369 0.627268340785202 0.45952096866742076 0.627268340785202
0 0.48923721946967197 0.6218323819528732 0.49737008811028804 0.6218323819528732 0.49737008811028804 0.6310316968998912 0.48923721946967197 0.6310316968998912
0 0.5173894570718047 0.6235049846705127 0.5233327072322549 0.6235049846705127 0.5233327072322549 0.6318679982587111 0.5173894570718047 0.6318679982587111
0 0.5568025897147907 0.6239231353499227 0.562433037235217 0.6239231353499227 0.562433037235217 0.6356313543734003 0.5568025897147907 0.6356313543734003
0 0.5896468669172789 0.6235049846705127 0.5965285249978002 0.6235049846705127 0.5965285249978002 0.6318679982587111 0.5896468669172789 0.6318679982587111
0 0.4504496921067335 0.6682471073673739 0.45889536338737336 0.6682471073673739 0.45889536338737336 0.6787008743526219 0.4504496921067335 0.6787008743526219
0 0.48298116666919805 0.6899909426966896 0.4901756273897431 0.6899909426966896 0.4901756273897431 0.6987721069642977 0.48298116666919805 0.6987721069642977
0 0.5130102201114725 0.6778645729938019 0.5211430887520887 0.6778645729938019 0.5211430887520887 0.6879001892996397 0.5130102201114725 0.6879001892996397
0 0.5417880629936531 0.6895727920172796 0.5511721421943638 0.6895727920172796 0.5511721421943638 0.6991902576437076 0.5417880629936531 0.6991902576437076
0 0.5805755903565916 0.6879001892996398 0.5883956563571842 0.6879001892996398 0.5883956563571842 0.6996084083231175 0.5805755903565916 0.6996084083231175
0 0.7899836109942665 0.30943263470676685 0.7959657665305437 0.30943263470676685 0.7959657665305437 0.31714390329775644 0.7899836109942665 0.31714390329775644
0 0.8145531783754052 0.30943263470676685 0.8220308727957518 0.30943263470676685 0.8220308727957518 0.31714390329775644 0.8145531783754052 0.31714390329775644
0 0.7899836109942665 0.36055548943962323 0.7968203601785834 0.36055548943962323 0.7968203601785834 0.36940916819224084 0.7899836109942665 0.36940916819224084
0 0.8226718180317825 0.36483952754572857 0.8284403251560488 0.36483952754572857 0.8284403251560488 0.373122001217532 0.8226718180317825 0.373122001217532
0 0.8421138235246824 0.31257426265124405 0.8483096274729696 0.31257426265124405 0.8483096274729696 0.3217135439442686 0.8421138235246824 0.3217135439442686
0 0.8566419155413557 0.3705515783538689 0.863051367901653 0.3705515783538689 0.863051367901653 0.3796908596468935 0.8566419155413557 0.3796908596468935
0 0.8773658115063163 0.3182863134593844 0.8839889122786233 0.3182863134593844 0.8839889122786233 0.326854389671595 0.8773658115063163 0.326854389671595
0 0.8854844511626926 0.37911965456607954 0.8914666066989698 0.37911965456607954 0.8914666066989698 0.3888301409399182 0.8854844511626926 0.3888301409399182
0 0.8989443011193164 0.371693988515497 0.906421995539663 0.371693988515497 0.906421995539663 0.3802620647277076 0.8989443011193164 0.3802620647277076
0 0.7716098475614149 0.46051637858207983 0.7775920030976922 0.46051637858207983 0.7775920030976922 0.4705124674963256 0.7716098475614149 0.4705124674963256
0 0.7987431958866725 0.4573747506376027 0.8053662966589794 0.4573747506376027 0.8053662966589794 0.4662284293902203 0.7987431958866725 0.4662284293902203
0 0.8271584346839893 0.4633724039861501 0.8335678870442864 0.4633724039861501 0.8335678870442864 0.4730828903599888 0.8271584346839893 0.4730828903599888
0 0.8607012353695438 0.46422921160737113 0.8681789297898904 0.46422921160737113 0.8681789297898904 0.47194048019836077 0.8607012353695438 0.47194048019836077
0 0.8861253963987222 0.46137318620330103 0.8927484971710291 0.46137318620330103 0.8927484971710291 0.4699412624155116 0.8861253963987222 0.4699412624155116
0 0.7718234959734248 0.5184936942847047 0.7801557840418109 0.5184936942847047 0.7801557840418109 0.5276329755777294 0.7718234959734248 0.5276329755777294
0 0.8010933284187813 0.521349719688775 0.808357374427118 0.521349719688775 0.808357374427118 0.5299177959009856 0.8010933284187813 0.5299177959009856
0 0.8307904576881576 0.5204929120675539 0.8365589648124249 0.5204929120675539 0.8365589648124249 0.5290609882797647 0.8307904576881576 0.5290609882797647
0 0.8602739385455241 0.5116392333149363 0.8647605551977321 0.5116392333149363 0.8647605551977321 0.5204929120675538 0.8602739385455241 0.5204929120675538
0 0.8921075519349995 0.5142096561785995 0.9000125431793657 0.5142096561785995 0.9000125431793657 0.5219209247695891 0.8921075519349995 0.5219209247695891
0 0.7737463316815139 0.6158841605634983 0.779728487217791 0.6158841605634983 0.779728487217791 0.6253090443969299 0.7737463316815139 0.6253090443969299
0 0.8055799450709893 0.6167409681847194 0.8113484521952565 0.6167409681847194 0.8113484521952565 0.6267370570989649 0.8055799450709893 0.6267370570989649
0 0.8399773394045834 0.6201681986696036 0.8459594949408606 0.6201681986696036 0.8459594949408606 0.626737057098965 0.8399773394045834 0.626737057098965
0 0.8722382496180788 0.6167409681847194 0.8786477019783758 0.6167409681847194 0.8786477019783758 0.6241666342353018 0.8722382496180788 0.6241666342353018
0 0.9124041510759402 0.610457712295765 0.9177453613761879 0.610457712295765 0.9177453613761879 0.6210250062908246 0.9124041510759402 0.6210250062908246
0 0.7722507927974447 0.6692918356196109 0.7788738935697517 0.6692918356196109 0.7788738935697517 0.6790023219934492 0.7722507927974447 0.6790023219934492
0 0.8060072418950093 0.6684350279983897 0.8115621006072665 0.6684350279983897 0.8115621006072665 0.6778599118318214 0.8060072418950093 0.6778599118318214
0 0.8474550338249301 0.6750038864277512 0.8547190798332667 0.6750038864277512 0.8547190798332667 0.6827151550187408 0.8474550338249301 0.6827151550187408
0 0.8809978345104846 0.6655790025943196 0.8880482321068113 0.6655790025943196 0.8880482321068113 0.673004668644902 0.8809978345104846 0.673004668644902
0 0.9160361740801085 0.6615805670286214 0.9213773843803562 0.6615805670286214 0.9213773843803562 0.6710054508620531 0.9160361740801085 0.6710054508620531
