0 0.15515010945175386 0.1604992818802945 0.16328297809237002 0.1604992818802945 0.16328297809237002 0.16886229546849277 0.15515010945175386 0.16886229546849277
0 0.18955839985436057 0.1613355832391143 0.1945632420947397 0.1613355832391143 0.1945632420947397 0.1738801036214118 0.18955839985436057 0.1738801036214118
0 0.21833624273654073 0.16718969275085313 0.2227154796968725 0.16718969275085313 0.2227154796968725 0.17722530905669112 0.21833624273654073 0.17722530905669112
0 0.24336045393843653 0.16175373391852424 0.24867809881883937 0.16175373391852424 0.24867809881883937 0.1701167475067225 0.24336045393843653 0.1701167475067225
0 0.27307670474068774 0.1604992818802945 0.2793327575411617 0.1604992818802945 0.2793327575411617 0.16844414478908287 0.27307670474068774 0.16844414478908287
0 0.15515010945175386 0.21402256884476378 0.1595293464120856 0.21402256884476378 0.1595293464120856 0.2223855824329621 0.15515010945175386 0.2223855824329621
0 0.1770462942534127 0.2165314729212233 0.18298954441386292 0.2165314729212233 0.18298954441386292 0.22573078786824147 0.1770462942534127 0.22573078786824147
0 0.20676254505566394 0.21527702088299353 0.21333140049616156 0.21527702088299353 0.21333140049616156 0.22238558243296214 0.20676254505566394 0.22238558243296214
0 0.23428917737774932 0.2136044181653539 0.24148363809829435 0.2136044181653539 0.24148363809829435 0.21987667835650265 0.23428917737774932 0.21987667835650265
0 0.26588224402014277 0.21193181544771417 0.27213829682061663 0.21193181544771417 0.27213829682061663 0.22071297971532244 0.26588224402014277 0.22071297971532244
0 0.14576603025104296 0.313124279864914 0.15108367513144583 0.313124279864914 0.15108367513144583 0.3239961975295718 0.14576603025104296 0.3239961975295718
0 0.17735909689343635 0.30852462239140493 0.1851791628940288 0.30852462239140493 0.1851791628940288 0.31814208801783306 0.17735909689343635 0.31814208801783306
0 0.20269611073535587 0.3055975676355355 0.2092649661758535 0.3055975676355355 0.2092649661758535 0.31270612918550406 0.20269611073535587 0.31270612918550406
0 0.2320995588975834 0.3064338689943554 0.23835561169805738 0.3064338689943554 0.23835561169805738 0.3168876359796033 0.2320995588975834 0.3168876359796033
0 0.2581309946003556 0.30631762310547933 0.26437609930842876 0.30631762310547933 0.26437609930842876 0.31633567708278215 0.2581309946003556 0.31633567708278215
0 0.13989034546083787 0.37199153251224204 0.14571910985503944 0.37199153251224204 0.14571910985503944 0.3814530279352502 0.13989034546083787 0.3814530279352502
0 0.17319757057056118 0.36698250552359063 0.17944267527863428 0.36698250552359063 0.17944267527863428 0.37644400094659874 0.17319757057056118 0.37644400094659874
0 0.19734530877511056 0.36698250552359063 0.20442309411092677 0.36698250552359063 0.20442309411092677 0.37477432528371507 0.19734530877511056 0.37477432528371507
0 0.22399108886288918 0.36197347853493933 0.23231789514032003 0.36197347853493933 0.23231789514032003 0.37032185684935826 0.22399108886288918 0.37032185684935826
0 0.2514695495784109 0.35640789299199327 0.2568819736587409 0.35640789299199327 0.2568819736587409 0.3675390640778852 0.2514695495784109 0.3675390640778852
0 0.1573766386434426 0.46883272095950235 0.16570344492087338 0.46883272095950235 0.16570344492087338 0.47551142361103754 0.1573766386434426 0.47551142361103754
0 0.17902633496476272 0.4732851893938591 0.18693680092832202 0.4732851893938591 0.18693680092832202 0.4794073334910996 0.17902633496476272 0.4794073334910996
0 0.2060884553664129 0.4638236939708509 0.20983551819125681 0.4638236939708509 0.20983551819125681 0.4732851893938591 0.2060884553664129 0.4732851893938591
0 0.22274206792127457 0.4610409011993779 0.2294035129432192 0.4610409011993779 0.2294035129432192 0.4705023966223861 0.22274206792127457 0.4705023966223861
0 0.252302230206154 0.4499097301134858 0.2572983139726125 0.4499097301134858 0.2572983139726125 0.4604843426450833 0.252302230206154 0.4604843426450833
0 0.1694505077457173 0.5261582520518461 0.1731975705705612 0.5261582520518461 0.1731975705705612 0.5333935132576758 0.1694505077457173 0.5333935132576758
0 0.1856877799867074 0.5250451349432568 0.19484726689188134 0.5250451349432568 0.19484726689188134 0.531723837594792 0.1856877799867074 0.531723837594792
0 0.21150087944674292 0.5200361079546054 0.21649696321320144 0.5200361079546054 0.21649696321320144 0.5278279277147297 0.21150087944674292 0.5278279277147297
0 0.23564861765129233 0.5222623421717839 0.24106104173162238 0.5222623421717839 0.24106104173162238 0.5328369547033812 0.23564861765129233 0.5328369547033812
0 0.2543839317755117 0.5189229908460162 0.2610453767974564 0.5189229908460162 0.2610453767974564 0.5294976033776136 0.2543839317755117 0.5294976033776136
0 0.14280472765793864 0.6226533001882617 0.15196421456311257 0.6226533001882617 0.15196421456311257 0.6337844712741537 0.14280472765793864 0.6337844712741537
0 0.16820148680410266 0.6282188857312077 0.17486293182604734 0.6282188857312077 0.17486293182604734 0.6376803811542158 0.16820148680410266 0.6376803811542158
0 0.14780081142439716 0.6671779845318295 0.1557112773879564 0.6671779845318295 0.1557112773879564 0.6760829214005432 0.14780081142439716 0.6760829214005432
0 0.17819365433701964 0.6705173358575972 0.18443875904509274 0.6705173358575972 0.18443875904509274 0.6783091556177216 0.17819365433701964 0.6783091556177216
0 0.1865204606144505 0.6215401830796725 0.19193288469478054 0.6215401830796725 0.19193288469478054 0.6332279127198591 0.1865204606144505 0.6332279127198591
0 0.20858649724964218 0.6682911016404188 0.21649696321320144 0.6682911016404188 0.21649696321320144 0.679422272726311 0.20858649724964218 0.679422272726311
0 0.2302361935709623 0.6749698042919541 0.23897934016226471 0.6749698042919541 0.23897934016226471 0.6822050654977838 0.2302361935709623 0.6822050654977838
0 0.2585473349142271 0.6727435700747757 0.2668741411916579 0.6727435700747757 0.2668741411916579 0.6799788312806054 0.2585473349142271 0.6799788312806054
0 0.2543839317755117 0.6265492100683239 0.2610453767974564 0.6265492100683239 0.2610453767974564 0.6371238225999213 0.2543839317755117 0.6371238225999213
0 0.22648913074611843 0.6259926515140293 0.23315057576806308 0.6259926515140293 0.23315057576806308 0.6343410298284483 0.22648913074611843 0.6343410298284483
0 0.15904199989892875 0.7768200197278657 0.16403808366538725 0.7768200197278657 0.16403808366538725 0.7851683980422847 0.15904199989892875 0.7851683980422847
0 0.1786099946508912 0.7723675512935089 0.18485509935896433 0.7723675512935089 0.18485509935896433 0.7840552809336954 0.1786099946508912 0.7840552809336954
0 0.20941917787738526 0.7701413170763306 0.2177459841548161 0.7701413170763306 0.2177459841548161 0.7784896953907496 0.20941917787738526 0.7784896953907496
0 0.2389793401622647 0.7740372269563925 0.24272640298710857 0.7740372269563925 0.24272640298710857 0.7840552809336954 0.2389793401622647 0.7840552809336954
0 0.27353558621360263 0.7706978756306252 0.28186239249103345 0.7706978756306252 0.28186239249103345 0.7784896953907496 0.27353558621360263 0.7784896953907496
0 0.15654395801569948 0.8280234067229686 0.1619563820960295 0.8280234067229686 0.1619563820960295 0.8380414607002713 0.15654395801569948 0.8380414607002713
0 0.17777731402314811 0.8313627580487364 0.18693680092832204 0.8313627580487364 0.18693680092832204 0.8397111363631554 0.17777731402314811 0.8397111363631554
0 0.20775381662189907 0.8213447040714336 0.2139989213299722 0.8213447040714336 0.2139989213299722 0.8335889922659148 0.20775381662189907 0.8335889922659148
0 0.23356691608193464 0.8196750284085499 0.24272640298710854 0.8196750284085499 0.24272640298710854 0.8269102896143796 0.23356691608193464 0.8269102896143796
0 0.26978852338875875 0.8241274968429068 0.27811532966618957 0.8241274968429068 0.27811532966618957 0.8341455508202095 0.26978852338875875 0.8341455508202095
0 0.12823281667243472 0.9159596583015156 0.1365596229498655 0.9159596583015156 0.1365596229498655 0.9265342708331129 0.12823281667243472 0.9265342708331129
0 0.1623727224099011 0.9098375142042748 0.16736880617635957 0.9098375142042748 0.16736880617635957 0.9198555681815777 0.1623727224099011 0.9198555681815777
0 0.18027535590637736 0.9120637484214532 0.1856877799867074 0.9120637484214532 0.1856877799867074 0.9226383609530504 0.18027535590637736 0.9226383609530504
0 0.146135450168911 0.9649368110794402 0.15362957581859868 0.9649368110794402 0.15362957581859868 0.9766245407196267 0.146135450168911 0.9766245407196267
0 0.16695246586248802 0.9654933696337348 0.17486293182604729 0.9654933696337348 0.17486293182604729 0.9743983065024483 0.16695246586248802 0.9743983065024483
0 0.20234139254156905 0.9204121267358722 0.20983551819125681 0.9204121267358722 0.20983551819125681 0.9282039464959967 0.20234139254156905 0.9282039464959967
0 0.2381466595345216 0.9215252438444614 0.24355908361485168 0.9215252438444614 0.24355908361485168 0.9315432978217643 0.2381466595345216 0.9315432978217643
0 0.21441526164384375 0.9660499281880294 0.2227420679212746 0.9660499281880294 0.2227420679212746 0.9760679821653321 0.21441526164384375 0.9760679821653321
0 0.2389793401622647 0.9716155137309754 0.24564078518420931 0.9716155137309754 0.24564078518420931 0.981633567708278 0.2389793401622647 0.981633567708278
0 0.26021269616971326 0.9749548650567431 0.26978852338875875 0.9749548650567431 0.26978852338875875 0.984416360479751 0.26021269616971326 0.984416360479751
0 0.28227873280490495 0.980520450599689 0.2897728584545927 0.980520450599689 0.2897728584545927 0.9899819460226972 0.28227873280490495 0.9899819460226972
0 0.19776164908898208 0.9682761624052076 0.20359041348318366 0.9682761624052076 0.20359041348318366 0.9755114236110374 0.19776164908898208 0.9755114236110374
