0 0.14313848807484392 0.01885859564138724 0.1493319803473131 0.01885859564138724 0.1493319803473131 0.02897784208310722 0.14313848807484392 0.02897784208310722
0 0.164127545220434 0.020698458630790874 0.17204145201303356 0.020698458630790874 0.17204145201303356 0.028057910588405406 0.164127545220434 0.028057910588405406
0 0.19406275787070185 0.022998287367545417 0.20025625014317106 0.022998287367545417 0.20025625014317106 0.03173763656721267 0.19406275787070185 0.03173763656721267
0 0.21642814663239618 0.018398629894036334 0.22468613632902182 0.018398629894036334 0.22468613632902182 0.025298116104299953 0.21642814663239618 0.025298116104299953
0 0.24842785670682044 0.019778527136089057 0.25634176349941995 0.019778527136089057 0.25634176349941995 0.026678013346352683 0.24842785670682044 0.026678013346352683
0 0.14520298549900032 0.07267458808144352 0.15139647777146953 0.07267458808144352 0.15139647777146953 0.08187390302846168 0.14520298549900032 0.08187390302846168
0 0.1682565400687468 0.07267458808144352 0.17685861266939853 0.07267458808144352 0.17685861266939853 0.08187390302846168 0.1682565400687468 0.08187390302846168
0 0.19234234335057152 0.07497441681819807 0.19956808433511894 0.07497441681819807 0.19956808433511894 0.08417373176521621 0.19234234335057152 0.08417373176521621
0 0.21642814663239618 0.07313455382879443 0.2239979705209697 0.07313455382879443 0.2239979705209697 0.0827938345231635 0.21642814663239618 0.0827938345231635
0 0.24601927637863796 0.06945482784998716 0.25152460284305506 0.06945482784998716 0.25152460284305506 0.07957407429170715 0.24601927637863796 0.07957407429170715
0 0.13935357613055718 0.1596081143307652 0.1465793171151046 0.1596081143307652 0.1465793171151046 0.17110725801453788 0.13935357613055718 0.17110725801453788
0 0.17100920330095534 0.16190794306751977 0.1765145297653724 0.16190794306751977 0.1765145297653724 0.1715672237618888 0.17100920330095534 0.1715672237618888
0 0.1933745920626497 0.16052804582546704 0.20163258175927537 0.16052804582546704 0.20163258175927537 0.1697273607724852 0.1933745920626497 0.1697273607724852
0 0.22021305857668294 0.165587669046327 0.22743879956123036 0.165587669046327 0.22743879956123036 0.17616688123539792 0.22021305857668294 0.17616688123539792
0 0.24808377380279442 0.16328784030957247 0.2535891002672115 0.16328784030957247 0.2535891002672115 0.175706915488047 0.24808377380279442 0.175706915488047
0 0.1403858248426354 0.2194036614863833 0.1482997316352349 0.2194036614863833 0.1482997316352349 0.22584318194929598 0.1403858248426354 0.22584318194929598
0 0.1644716281244601 0.2152639697602251 0.17169736910900749 0.2152639697602251 0.17169736910900749 0.22584318194929598 0.1644716281244601 0.22584318194929598
0 0.20300891337537957 0.22492325045459416 0.21057873726395307 0.22492325045459416 0.21057873726395307 0.23504249689631412 0.20300891337537957 0.23504249689631412
0 0.2322559602175953 0.21756379849697965 0.23913761829811664 0.21756379849697965 0.23913761829811664 0.22906294218075238 0.2322559602175953 0.22906294218075238
0 0.26219117286786314 0.22216345597048878 0.2687287480443584 0.22216345597048878 0.2687287480443584 0.23596242839101597 0.26219117286786314 0.23596242839101597
0 0.13797724451445292 0.3192162286615304 0.1455470684030264 0.3192162286615304 0.1455470684030264 0.3316353038400049 0.13797724451445292 0.3316353038400049
0 0.16068671618017338 0.32289595464033766 0.16791245716472078 0.32289595464033766 0.16791245716472078 0.33025540659795216 0.16068671618017338 0.33025540659795216
0 0.18442843655797198 0.3164564341774249 0.19131009463849333 0.3164564341774249 0.19131009463849333 0.3279555778611976 0.18442843655797198 0.3279555778611976
0 0.21883672696057868 0.32381588613503953 0.22675063375317822 0.32381588613503953 0.22675063375317822 0.3366949270608649 0.21883672696057868 0.3366949270608649
0 0.25255685155513324 0.32197602314563584 0.25978259253968067 0.32197602314563584 0.25978259253968067 0.336234961313514 0.25255685155513324 0.336234961313514
0 0.13797724451445292 0.3670526663860249 0.14520298549900032 0.3670526663860249 0.14520298549900032 0.37901177581714846 0.13797724451445292 0.37901177581714846
0 0.16103079908419943 0.37073239236483213 0.16756837426069465 0.37073239236483213 0.16756837426069465 0.38269150179595574 0.16103079908419943 0.38269150179595574
0 0.18442843655797198 0.37119235811218304 0.1926864262545976 0.37119235811218304 0.1926864262545976 0.38223153604860494 0.18442843655797198 0.38223153604860494
0 0.20782607403174452 0.3675126321333758 0.21436364920823978 0.3675126321333758 0.21436364920823978 0.3785518100697976 0.20782607403174452 0.3785518100697976
0 0.22950329698538677 0.37119235811218304 0.23638495506590812 0.37119235811218304 0.23638495506590812 0.381311604553903 0.22950329698538677 0.381311604553903
0 0.1286870061057491 0.471464891034681 0.1369449958023747 0.471464891034681 0.1369449958023747 0.4820441032237518 0.1286870061057491 0.4820441032237518
0 0.15242872648354772 0.47054495953997916 0.15931038456406907 0.47054495953997916 0.15931038456406907 0.48066420598169923 0.15242872648354772 0.48066420598169923
0 0.17445003234121603 0.4696250280452773 0.18133169042173738 0.4696250280452773 0.18133169042173738 0.48158413747640094 0.17445003234121603 0.48158413747640094
0 0.19509500658278006 0.471464891034681 0.20232074756732746 0.471464891034681 0.20232074756732746 0.48296403471845367 0.19509500658278006 0.48296403471845367
0 0.22158939019278723 0.4742246855187864 0.23053554569746496 0.4742246855187864 0.23053554569746496 0.4829640347184536 0.22158939019278723 0.4829640347184536
0 0.1328160009540619 0.5243609519800355 0.14072990774666144 0.5243609519800355 0.14072990774666144 0.5344801984217554 0.1328160009540619 0.5344801984217554
0 0.15621363842783448 0.5308004724429481 0.16309529650835583 0.5308004724429481 0.16309529650835583 0.5413796846320191 0.15621363842783448 0.5413796846320191
0 0.17926719299758098 0.5252808834747372 0.18614885107810233 0.5252808834747372 0.18614885107810233 0.5367800271585101 0.17926719299758098 0.5367800271585101
0 0.199912167239145 0.5243609519800355 0.20748199112771845 0.5243609519800355 0.20748199112771845 0.5354001299164572 0.199912167239145 0.5354001299164572
0 0.2277828824652564 0.5280406779588428 0.2353527063538299 0.5280406779588428 0.2353527063538299 0.5376999586532119 0.2277828824652564 0.5376999586532119
0 0.13006333772185336 0.6195738616816735 0.13797724451445292 0.6195738616816735 0.13797724451445292 0.6292331423760426 0.13006333772185336 0.6292331423760426
0 0.15449322390770412 0.617274032944919 0.16034263327614726 0.617274032944919 0.16034263327614726 0.6287731766286917 0.15449322390770412 0.6287731766286917
0 0.17238553491705966 0.6200338274290245 0.18064352461368524 0.6200338274290245 0.18064352461368524 0.6292331423760426 0.17238553491705966 0.6292331423760426
0 0.2047293278955099 0.6250934506498844 0.21401956630421373 0.6250934506498844 0.21401956630421373 0.6333728341022006 0.2047293278955099 0.6333728341022006
0 0.23707312087396024 0.6241735191551826 0.2439547789544816 0.6241735191551826 0.2439547789544816 0.6347527313442535 0.23707312087396024 0.6347527313442535
0 0.13419233257016616 0.6743097856164316 0.14279440517081787 0.6743097856164316 0.14279440517081787 0.6844290320581516 0.13419233257016616 0.6844290320581516
0 0.15242872648354772 0.6586709502065007 0.15862221875601698 0.6586709502065007 0.15862221875601698 0.6692501623955717 0.15242872648354772 0.6692501623955717
0 0.18167577332576346 0.6692501623955717 0.1902778459264151 0.6692501623955717 0.1902778459264151 0.6789094430899407 0.18167577332576346 0.6789094430899407
0 0.21092282016797914 0.672009956879677 0.21711631244044835 0.672009956879677 0.21711631244044835 0.6835091005634497 0.21092282016797914 0.6835091005634497
0 0.23191187731356921 0.6706300596376245 0.23982578410616875 0.6706300596376245 0.23982578410616875 0.6807493060793444 0.23191187731356921 0.6807493060793444
0 0.13247191805003583 0.7727769208086513 0.13797724451445292 0.7727769208086513 0.13797724451445292 0.7828961672503713 0.13247191805003583 0.7828961672503713
0 0.14864381453926098 0.7787564755242133 0.15414914100367808 0.7787564755242133 0.15414914100367808 0.7907155849553368 0.14864381453926098 0.7907155849553368
0 0.169288788780825 0.7778365440295113 0.17651452976537244 0.7778365440295113 0.17651452976537244 0.7879557904712314 0.169288788780825 0.7879557904712314
0 0.19819175271901465 0.7769166125348093 0.20507341079953603 0.7769166125348093 0.20507341079953603 0.7851959959871259 0.19819175271901465 0.7851959959871259
0 0.22090122438473508 0.7787564755242133 0.2257183850411 0.7787564755242133 0.2257183850411 0.7907155849553368 0.22090122438473508 0.7907155849553368
0 0.1348804983782183 0.8242930845119532 0.14004174193860935 0.8242930845119532 0.14004174193860935 0.8325724679642694 0.1348804983782183 0.8325724679642694
0 0.15449322390770412 0.8279728104907602 0.16068671618017336 0.8279728104907602 0.16068671618017336 0.8380920569324805 0.15449322390770412 0.8380920569324805
0 0.17445003234121603 0.8325724679642694 0.18270802203784164 0.8325724679642694 0.18270802203784164 0.840391885669235 0.17445003234121603 0.840391885669235
0 0.1933745920626497 0.8348722967010238 0.2009444159512232 0.8348722967010238 0.2009444159512232 0.8431516801533402 0.1933745920626497 0.8431516801533402
0 0.2061056595116142 0.839011988427182 0.2136754834001877 0.839011988427182 0.2136754834001877 0.8468314061321476 0.2061056595116142 0.8468314061321476
0 0.2467074421866901 0.8362521939430767 0.2525568515551333 0.8362521939430767 0.2525568515551333 0.8477513376268493 0.2467074421866901 0.8477513376268493
