0 0.5006116485595703 0.5299648666381835 0.5083478546142578 0.5299648666381835 0.5083478546142578 0.5398893254995345 0.5006116485595703 0.5398893254995345
0 0.547853012084961 0.8425699615478516 0.5564797282218933 0.8425699615478516 0.5564797282218933 0.8538913500308991 0.547853012084961 0.8538913500308991
0 0.5166201400756836 0.686298599243164 0.5245671302080155 0.686298599243164 0.5245671302080155 0.695827357172966 0.5166201400756836 0.695827357172966
0 0.46918399810791017 0.37328998565673827 0.476788227558136 0.37328998565673827 0.476788227558136 0.3839613735675812 0.46918399810791017 0.3839613735675812
0 0.507039909362793 0.8435700988769531 0.5149992603063583 0.8435700988769531 0.5149992603063583 0.8540733635425567 0.507039909362793 0.8540733635425567
0 0.2178891372680664 0.772585220336914 0.22519043803215028 0.772585220336914 0.22519043803215028 0.7823901385068892 0.2178891372680664 0.7823901385068892
0 0.44591915130615234 0.3725324249267578 0.4541105484962463 0.3725324249267578 0.4541105484962463 0.38216684818267826 0.44591915130615234 0.38216684818267826
0 0.5216397857666015 0.3732954788208008 0.5300126028060912 0.3732954788208008 0.5300126028060912 0.38342185974121096 0.5216397857666015 0.38342185974121096
0 0.7736965942382813 0.7628099822998047 0.7820488888025284 0.7628099822998047 0.7820488888025284 0.7719771146774292 0.7736965942382813 0.7719771146774292
0 0.5780259323120117 0.843411865234375 0.5866078186035157 0.843411865234375 0.5866078186035157 0.8536145401000975 0.5780259323120117 0.8536145401000975
0 0.5398183822631836 0.22557260513305663 0.5476551896333693 0.22557260513305663 0.5476551896333693 0.2365846872329712 0.5398183822631836 0.2365846872329712
0 0.4532167053222656 0.1441827392578125 0.46148220777511595 0.1441827392578125 0.46148220777511595 0.15485029339790343 0.4532167053222656 0.15485029339790343
0 0.4373355484008789 0.2265792655944824 0.4458517271280289 0.2265792655944824 0.4458517271280289 0.2375292456150055 0.4373355484008789 0.2375292456150055
0 0.4690248489379883 0.8416630554199219 0.4769248503446579 0.8416630554199219 0.4769248503446579 0.8521371471881868 0.4690248489379883 0.8521371471881868
0 0.1889919090270996 0.7705827331542969 0.1963027173280716 0.7705827331542969 0.1963027173280716 0.7802639997005463 0.1889919090270996 0.7802639997005463
0 0.5070901489257813 0.22682313919067382 0.5150377303361894 0.22682313919067382 0.5150377303361894 0.23736132979393004 0.5070901489257813 0.23736132979393004
0 0.5694457244873047 0.4695947647094726 0.5781079852581025 0.4695947647094726 0.5781079852581025 0.47857756614685054 0.5694457244873047 0.47857756614685054
0 0.5620812225341797 0.5324516296386719 0.5707881361246109 0.5324516296386719 0.5707881361246109 0.543022609949112 0.5620812225341797 0.543022609949112
0 0.48506797790527345 0.7729975128173828 0.49297492861747744 0.7729975128173828 0.49297492861747744 0.7839465236663818 0.48506797790527345 0.7839465236663818
0 0.4981698989868164 0.37391441345214843 0.5053946989774704 0.37391441345214843 0.5053946989774704 0.38412946105003354 0.4981698989868164 0.38412946105003354
0 0.4618927001953125 0.470742301940918 0.46932041823863985 0.470742301940918 0.46932041823863985 0.48056046307086947 0.4618927001953125 0.48056046307086947
0 0.8193961334228516 0.8368343353271486 0.8276877474784852 0.8368343353271486 0.8276877474784852 0.846712859272957 0.8193961334228516 0.846712859272957
0 0.1625797653198242 0.8352527618408203 0.16987006604671476 0.8352527618408203 0.16987006604671476 0.8439626049995422 0.1625797653198242 0.8439626049995422
0 0.46632041931152346 0.3032101058959961 0.4741301101446152 0.3032101058959961 0.4741301101446152 0.3139345443248749 0.46632041931152346 0.3139345443248749
0 0.5785163497924805 0.7693548583984375 0.5869148939847946 0.7693548583984375 0.5869148939847946 0.7792397868633271 0.5785163497924805 0.7792397868633271
0 0.5289407730102539 0.4675825119018554 0.5368200451135635 0.4675825119018554 0.5368200451135635 0.4775254708528518 0.5289407730102539 0.4775254708528518
0 0.5842622756958008 0.6241562652587891 0.5922070187330247 0.6241562652587891 0.5922070187330247 0.633800255060196 0.5842622756958008 0.633800255060196
0 0.579561882019043 0.684512939453125 0.5869670671224595 0.684512939453125 0.5869670671224595 0.6958684039115907 0.579561882019043 0.6958684039115907
0 0.4854763031005859 0.3049051475524902 0.49259535610675803 0.3049051475524902 0.49259535610675803 0.31428357064723966 0.4854763031005859 0.31428357064723966
0 0.43585670471191407 0.4702865982055664 0.4435048180818558 0.4702865982055664 0.4435048180818558 0.47929062783718107 0.43585670471191407 0.47929062783718107
0 0.47925041198730467 0.5335346984863282 0.4864573216438293 0.5335346984863282 0.4864573216438293 0.5434642565250397 0.47925041198730467 0.5434642565250397
0 0.5243735885620118 0.14659101486206055 0.5321459901332856 0.14659101486206055 0.5321459901332856 0.15770914673805236 0.5243735885620118 0.15770914673805236
0 0.5283792114257813 0.5330461120605469 0.5369746410846711 0.5330461120605469 0.5369746410846711 0.5430759191513062 0.5283792114257813 0.5430759191513062
0 0.4559555435180664 0.770226058959961 0.4637350714206695 0.770226058959961 0.4637350714206695 0.7803654849529267 0.4559555435180664 0.7803654849529267
0 0.25927669525146485 0.7729043579101562 0.2678627508878708 0.7729043579101562 0.2678627508878708 0.7833585262298584 0.25927669525146485 0.7833585262298584
0 0.2250792694091797 0.8418905639648437 0.23288008868694304 0.8418905639648437 0.23288008868694304 0.8524135947227478 0.2250792694091797 0.8524135947227478
0 0.8358846282958985 0.7731134796142578 0.84445125579834 0.7731134796142578 0.84445125579834 0.7824374693632126 0.8358846282958985 0.7824374693632126
0 0.5526374435424805 0.36826324462890625 0.5610552090406418 0.36826324462890625 0.5610552090406418 0.3778828835487366 0.5526374435424805 0.3778828835487366
0 0.7688152313232421 0.8356729888916016 0.7780560839176177 0.8356729888916016 0.7780560839176177 0.846550054550171 0.7688152313232421 0.846550054550171
0 0.4868520355224609 0.6178981781005859 0.4953987610340118 0.6178981781005859 0.4953987610340118 0.6282613468170166 0.4868520355224609 0.6282613468170166
0 0.5373740386962891 0.3078653526306152 0.5446871387958526 0.3078653526306152 0.5446871387958526 0.31806192040443415 0.5373740386962891 0.31806192040443415
0 0.12746332168579103 0.8323958587646484 0.13557378232479098 0.8323958587646484 0.13557378232479098 0.8415933507680893 0.12746332168579103 0.8415933507680893
0 0.51019775390625 0.7686750793457031 0.5184334188699722 0.7686750793457031 0.5184334188699722 0.7782989478111267 0.51019775390625 0.7782989478111267
0 0.5439609909057617 0.6844745635986327 0.5516547918319702 0.6844745635986327 0.5516547918319702 0.6945934331417084 0.5439609909057617 0.6945934331417084
0 0.4874019241333008 0.6850225830078125 0.4953318220376969 0.6850225830078125 0.4953318220376969 0.695007997751236 0.4874019241333008 0.695007997751236
0 0.4501739501953125 0.6164406585693359 0.45803210854530335 0.6164406585693359 0.45803210854530335 0.6270263051986694 0.4501739501953125 0.6270263051986694
0 0.5669147109985352 0.22428308486938475 0.5753839302062989 0.22428308486938475 0.5753839302062989 0.23494824767112732 0.5669147109985352 0.23494824767112732
0 0.5477375411987304 0.6212078475952149 0.5560404515266418 0.6212078475952149 0.5560404515266418 0.6313595676422119 0.5477375411987304 0.6313595676422119
0 0.45012966156005857 0.5347723388671874 0.45851460278034206 0.5347723388671874 0.45851460278034206 0.5442076468467711 0.45012966156005857 0.5442076468467711
0 0.4856776809692383 0.14861468315124512 0.4940737116336823 0.14861468315124512 0.4940737116336823 0.15806180119514468 0.4856776809692383 0.15806180119514468
0 0.5636323928833008 0.3060015869140625 0.5725119435787202 0.3060015869140625 0.5725119435787202 0.3168655478954315 0.5636323928833008 0.3168655478954315
0 0.5119504165649414 0.3081525230407715 0.5201478755474092 0.3081525230407715 0.5201478755474092 0.3193879532814026 0.5119504165649414 0.3193879532814026
0 0.47285362243652346 0.222264461517334 0.48169857442379 0.222264461517334 0.48169857442379 0.23398904204368592 0.47285362243652346 0.23398904204368592
0 0.49717765808105463 0.46247180938720706 0.505610209107399 0.46247180938720706 0.505610209107399 0.4736290681362152 0.49717765808105463 0.4736290681362152
0 0.8471302032470703 0.83844970703125 0.8534990918636324 0.83844970703125 0.8534990918636324 0.8466642326116561 0.8471302032470703 0.8466642326116561
0 0.2843570137023926 0.8509081268310547 0.2933219069242477 0.8509081268310547 0.2933219069242477 0.861718623638153 0.2843570137023926 0.861718623638153
0 0.312615966796875 0.7543428039550781 0.31985555231571194 0.7543428039550781 0.31985555231571194 0.7621794176101685 0.312615966796875 0.7621794176101685
0 0.8021728515625 0.7657406616210937 0.8110046148300171 0.7657406616210937 0.8110046148300171 0.7771962177753448 0.8021728515625 0.7771962177753448
0 0.580712776184082 0.368755989074707 0.5897297739982605 0.368755989074707 0.5897297739982605 0.3797119176387787 0.580712776184082 0.3797119176387787
0 0.43587211608886717 0.8386579132080079 0.4438856714963913 0.8386579132080079 0.4438856714963913 0.8494781339168549 0.43587211608886717 0.8494781339168549
0 0.51882568359375 0.6192533111572266 0.5284223383665084 0.6192533111572266 0.5284223383665084 0.6311697137355805 0.51882568359375 0.6311697137355805
0 0.6056185913085937 0.15524554252624512 0.614239097237587 0.15524554252624512 0.614239097237587 0.16649135828018188 0.6056185913085937 0.16649135828018188
0 0.6014357757568359 0.7675661468505859 0.6096204602718354 0.7675661468505859 0.6096204602718354 0.7772767454385756 0.6014357757568359 0.7772767454385756
0 0.1833346176147461 0.8385098266601562 0.19220510482788086 0.8385098266601562 0.19220510482788086 0.8485397529602051 0.1833346176147461 0.8485397529602051
0 0.45595376244741426 0.6833429103521129 0.46326852868988616 0.6833429103521129 0.46326852868988616 0.6914914841455398 0.45595376244741426 0.6914914841455398
0 0.1225223345614041 0.7656435056657274 0.13105622851095464 0.7656435056657274 0.13105622851095464 0.7803109384938965 0.1225223345614041 0.7803109384938965
0 0.882648459924941 0.7672732204244129 0.8899632261674127 0.7672732204244129 0.8899632261674127 0.778681223735211 0.882648459924941 0.778681223735211
0 0.8942301731421881 0.8243132369784035 0.9058118863594352 0.8243132369784035 0.9058118863594352 0.8397955271859154 0.8942301731421881 0.8397955271859154
