0 0.8296800231933594 0.6155020904541015 0.8371392053365708 0.6155020904541015 0.8371392053365708 0.6247833871841431 0.8296800231933594 0.6247833871841431
0 0.7810623168945312 0.6787023162841797 0.7878657257556915 0.6787023162841797 0.7878657257556915 0.6866243159770966 0.7810623168945312 0.6866243159770966
0 0.5169761657714844 0.45712516784667967 0.5254159319400787 0.45712516784667967 0.5254159319400787 0.4675967288017273 0.5169761657714844 0.4675967288017273
0 0.8352541351318359 0.6782543945312499 0.8431565320491791 0.6782543945312499 0.8431565320491791 0.6869199633598326 0.8352541351318359 0.6869199633598326
0 0.7907237243652344 0.6165982055664062 0.7981001663208008 0.6165982055664062 0.7981001663208008 0.6272399461269379 0.7907237243652344 0.6272399461269379
0 0.8145333862304688 0.5193765258789063 0.8226441425085068 0.5193765258789063 0.8226441425085068 0.530421279668808 0.8145333862304688 0.530421279668808
0 0.5474704360961914 0.4603701400756836 0.55546391248703 0.4603701400756836 0.55546391248703 0.4694166254997253 0.5474704360961914 0.4694166254997253
0 0.765928726196289 0.7834764862060547 0.7742122375965118 0.7834764862060547 0.7742122375965118 0.7929203325510025 0.765928726196289 0.7929203325510025
0 0.5793629455566406 0.46737842559814446 0.587284208536148 0.46737842559814446 0.587284208536148 0.47744215011596675 0.5793629455566406 0.47744215011596675
0 0.4601050567626953 0.8259835052490234 0.4676568263769149 0.8259835052490234 0.4676568263769149 0.8345584702491758 0.4601050567626953 0.8345584702491758
0 0.5537770843505859 0.7289672088623047 0.5618078207969665 0.7289672088623047 0.5618078207969665 0.7383600610494615 0.5537770843505859 0.7383600610494615
0 0.7944688415527343 0.45489631652832035 0.8035271805524825 0.45489631652832035 0.8035271805524825 0.46610156536102293 0.7944688415527343 0.46610156536102293
0 0.5805742645263672 0.5208648300170898 0.5882229989767075 0.5208648300170898 0.5882229989767075 0.530500676035881 0.5805742645263672 0.530500676035881
0 0.5377492904663086 0.8245873260498047 0.5444622111320496 0.8245873260498047 0.5444622111320496 0.8339365363121032 0.5377492904663086 0.8339365363121032
0 0.5070913314819336 0.834161148071289 0.5140984278917313 0.834161148071289 0.5140984278917313 0.8435160505771636 0.5070913314819336 0.8435160505771636
0 0.4756507110595703 0.5194367980957031 0.482703258395195 0.5194367980957031 0.482703258395195 0.5297558116912842 0.4756507110595703 0.5297558116912842
0 0.5234207916259765 0.5235939025878906 0.5317151260375976 0.5235939025878906 0.5317151260375976 0.5339115715026855 0.5234207916259765 0.5339115715026855
0 0.5177996444702149 0.6789337921142579 0.5258448708057404 0.6789337921142579 0.5258448708057404 0.6899610733985901 0.5177996444702149 0.6899610733985901
0 0.45377784729003906 0.7823697662353516 0.4609701782464981 0.7823697662353516 0.4609701782464981 0.7914820301532745 0.45377784729003906 0.7914820301532745
0 0.5783951950073242 0.8239881896972656 0.586645586490631 0.8239881896972656 0.586645586490631 0.8340455496311188 0.5783951950073242 0.8340455496311188
0 0.5871591567993164 0.6885736846923828 0.5953366851806641 0.6885736846923828 0.5953366851806641 0.6992206823825836 0.5871591567993164 0.6992206823825836
0 0.7997615051269531 0.7818034362792968 0.8078255385160446 0.7818034362792968 0.8078255385160446 0.7918451428413391 0.7997615051269531 0.7918451428413391
0 0.8462115478515625 0.5206332015991211 0.8544682085514068 0.5206332015991211 0.8544682085514068 0.5311111271381378 0.8462115478515625 0.5311111271381378
0 0.513643798828125 0.6320040130615234 0.5211843019723893 0.6320040130615234 0.5211843019723893 0.6425523817539215 0.513643798828125 0.6425523817539215
0 0.7716529846191407 0.8483148193359376 0.779276642203331 0.8483148193359376 0.779276642203331 0.8579201084375382 0.7716529846191407 0.8579201084375382
0 0.5416338348388672 0.6285991287231445 0.5492870640754699 0.6285991287231445 0.5492870640754699 0.6386509943008423 0.5416338348388672 0.6386509943008423
0 0.5455863571166992 0.7710899353027345 0.552851196527481 0.7710899353027345 0.552851196527481 0.7797708421945573 0.5455863571166992 0.7797708421945573
0 0.898687973022461 0.6167629623413086 0.9054328310489654 0.6167629623413086 0.9054328310489654 0.6248686999082564 0.898687973022461 0.6248686999082564
0 0.8080180358886718 0.6149634170532227 0.8154943692684172 0.6149634170532227 0.8154943692684172 0.6248399251699448 0.8080180358886718 0.6248399251699448
0 0.9130378723144531 0.7719512176513672 0.9196661603450775 0.7719512176513672 0.9196661603450775 0.7801589441299439 0.9130378723144531 0.7801589441299439
0 0.900946044921875 0.46889953613281243 0.9084727680683137 0.46889953613281243 0.9084727680683137 0.4780270588397979 0.900946044921875 0.4780270588397979
0 0.4510129165649414 0.4597691345214844 0.4585364753007889 0.4597691345214844 0.4585364753007889 0.4692799854278564 0.4510129165649414 0.4692799854278564
0 0.4997855377197266 0.516950454711914 0.5071224129199982 0.516950454711914 0.5071224129199982 0.5272746062278747 0.4997855377197266 0.5272746062278747
0 0.5978953552246093 0.6290144348144531 0.6046492028236389 0.6290144348144531 0.6046492028236389 0.6375777381658554 0.5978953552246093 0.6375777381658554
0 0.8178838348388672 0.8388072967529296 0.8252894335985184 0.8388072967529296 0.8252894335985184 0.8482492458820342 0.8178838348388672 0.8482492458820342
0 0.7687554931640626 0.6788090515136719 0.775012602210045 0.6788090515136719 0.775012602210045 0.6875836455821991 0.7687554931640626 0.6875836455821991
0 0.8095534515380859 0.6813065338134766 0.8173982435464857 0.6813065338134766 0.8173982435464857 0.6911551731824875 0.8095534515380859 0.6911551731824875
0 0.9156171417236328 0.6786265563964844 0.9221845126152038 0.6786265563964844 0.9221845126152038 0.6869962000846864 0.9156171417236328 0.6869962000846864
0 0.9089722442626953 0.5237226867675782 0.9162320566177369 0.5237226867675782 0.9162320566177369 0.5333275014162064 0.9089722442626953 0.5333275014162064
0 0.48868072509765625 0.46065784454345704 0.49580610632896427 0.46065784454345704 0.49580610632896427 0.4700470989942551 0.48868072509765625 0.4700470989942551
0 0.48927864074707034 0.7793570709228516 0.4968374782800675 0.7793570709228516 0.4968374782800675 0.7880197149515152 0.48927864074707034 0.7880197149515152
0 0.548097915649414 0.5148649978637695 0.5562999880313872 0.5148649978637695 0.5562999880313872 0.5253075432777404 0.548097915649414 0.5253075432777404
0 0.8489691162109375 0.6098857116699219 0.8550538247823716 0.6098857116699219 0.8550538247823716 0.6184845530986786 0.8489691162109375 0.6184845530986786
0 0.9171157836914062 0.8224955749511719 0.9243744724988936 0.8224955749511719 0.9243744724988936 0.8313791155815125 0.9171157836914062 0.8313791155815125
0 0.7761471557617188 0.5145832061767578 0.784669189453125 0.5145832061767578 0.784669189453125 0.5248112595081329 0.7761471557617188 0.5248112595081329
0 0.8507218170166015 0.7776062774658202 0.8573365020751953 0.7776062774658202 0.8573365020751953 0.7859635084867478 0.8507218170166015 0.7859635084867478
0 0.8908776092529297 0.6572314453125 0.8978766620159149 0.6572314453125 0.8978766620159149 0.6656457585096359 0.8908776092529297 0.6656457585096359
0 0.8342916870117187 0.47180400848388676 0.84223583817482 0.47180400848388676 0.84223583817482 0.48131462216377263 0.8342916870117187 0.48131462216377263
0 0.4368064498901367 0.8283084106445312 0.44554695606231687 0.8283084106445312 0.44554695606231687 0.8376633131504059 0.4368064498901367 0.8376633131504059
0 0.4441486358642578 0.6186355972290039 0.45186423063278197 0.6186355972290039 0.45186423063278197 0.6278906852006911 0.4441486358642578 0.6278906852006911
0 0.48121631622314454 0.62961181640625 0.48936903417110444 0.62961181640625 0.48936903417110444 0.6386285746097564 0.48121631622314454 0.6386285746097564
0 0.6031221008300781 0.5150170516967774 0.611233270764351 0.5150170516967774 0.611233270764351 0.5260700678825379 0.6031221008300781 0.5260700678825379
0 0.8788021850585938 0.7765902709960938 0.8844226831197738 0.7765902709960938 0.8844226831197738 0.7840247797966003 0.8788021850585938 0.7840247797966003
0 0.8835691833496093 0.5146912384033203 0.8907205873727797 0.5146912384033203 0.8907205873727797 0.5236854642629624 0.8835691833496093 0.5236854642629624
0 0.4829693603515625 0.8299895477294922 0.49053562045097354 0.8299895477294922 0.49053562045097354 0.839804664850235 0.4829693603515625 0.839804664850235
0 0.5528452682495117 0.8282109832763672 0.5603326612710954 0.8282109832763672 0.5603326612710954 0.8391988134384155 0.5528452682495117 0.8391988134384155
0 0.44798912048339845 0.5186273956298828 0.4555894166231156 0.5186273956298828 0.4555894166231156 0.5273735672235489 0.44798912048339845 0.5273735672235489
0 0.8608436584472656 0.6691547393798827 0.8688798946142197 0.6691547393798827 0.8688798946142197 0.6784133458137511 0.8608436584472656 0.6784133458137511
0 0.6143856012921783 0.461430492187384 0.6262929342689044 0.461430492187384 0.6262929342689044 0.471838137152693 0.6143856012921783 0.471838137152693
0 0.8754309780896348 0.4577572057290397 0.8836745163042914 0.4577572057290397 0.8836745163042914 0.47183813715269307 0.8754309780896348 0.47183813715269307
0 0.47607734902405235 0.6632820746517674 0.48615278461974376 0.6632820746517674 0.48615278461974376 0.6730775052073523 0.47607734902405235 0.6730775052073523
0 0.475161400333535 0.6810362925337653 0.4861527846197437 0.6810362925337653 0.4861527846197437 0.6945050095476946 0.475161400333535 0.6945050095476946
0 0.8543641582077348 0.8230700355897469 0.8653555424939434 0.8230700355897469 0.8653555424939434 0.8365387526036763 0.8543641582077348 0.8365387526036763
0 0.8749730037443761 0.6877706510407299 0.8836745163042914 0.6877706510407299 0.8836745163042914 0.7018515824643832 0.8749730037443761 0.7018515824643832
0 0.7632272635012545 0.626549210068324 0.7691809299896175 0.626549210068324 0.7691809299896175 0.6387934982628052 0.7632272635012545 0.6387934982628052
0 0.8731411063633413 0.616753779512739 0.8832165419590325 0.616753779512739 0.8832165419590325 0.627161424478048 0.8731411063633413 0.627161424478048
0 0.9203124639249869 0.6075705633668782 0.927640053449126 0.6075705633668782 0.927640053449126 0.6192026371516353 0.9203124639249869 0.6192026371516353
