0 0.4925214767456055 0.6336486053466797 0.5001211816072465 0.6336486053466797 0.5001211816072465 0.643270418047905 0.4925214767456055 0.643270418047905
0 0.5157017517089844 0.633206558227539 0.5232136297225952 0.633206558227539 0.5232136297225952 0.6430892729759217 0.5157017517089844 0.6430892729759217
0 0.46704319000244143 0.6347595596313477 0.47453631997108464 0.6347595596313477 0.47453631997108464 0.6444681024551392 0.46704319000244143 0.6444681024551392
0 0.4700506591796875 0.5308724212646484 0.47752663791179667 0.5308724212646484 0.47752663791179667 0.5398895752429962 0.4700506591796875 0.5398895752429962
0 0.5169535827636719 0.31258138656616213 0.5242733067274093 0.31258138656616213 0.5242733067274093 0.3218671500682831 0.5169535827636719 0.3218671500682831
0 0.5395679092407226 0.2279262924194336 0.5472430801391601 0.2279262924194336 0.5472430801391601 0.23753804504871368 0.5395679092407226 0.23753804504871368
0 0.4937667465209961 0.16291889190673828 0.501295184493065 0.16291889190673828 0.501295184493065 0.17309922218322754 0.4937667465209961 0.17309922218322754
0 0.49077640533447264 0.314123363494873 0.4979804170131683 0.314123363494873 0.4979804170131683 0.32261059045791624 0.49077640533447264 0.32261059045791624
0 0.49277462005615236 0.5343024826049805 0.4995324891805649 0.5343024826049805 0.4995324891805649 0.5437700474262238 0.49277462005615236 0.5437700474262238
0 0.5164171600341797 0.3519853210449219 0.5232225799560547 0.3519853210449219 0.5232225799560547 0.36091859102249146 0.5164171600341797 0.36091859102249146
0 0.47654132843017577 0.3570782470703125 0.48339917838573454 0.3570782470703125 0.48339917838573454 0.3653229343891144 0.47654132843017577 0.3653229343891144
0 0.5451642227172852 0.3103240966796875 0.5526057213544846 0.3103240966796875 0.5526057213544846 0.32063504576683044 0.5451642227172852 0.32063504576683044
0 0.45119022369384765 0.2185633850097656 0.4580009961128235 0.2185633850097656 0.4580009961128235 0.22738867700099943 0.45119022369384765 0.22738867700099943
0 0.46785526275634765 0.3095025444030762 0.47519586384296414 0.3095025444030762 0.47519586384296414 0.3184552437067032 0.46785526275634765 0.3184552437067032
0 0.5263772964477539 0.4708922576904297 0.5327304530143736 0.4708922576904297 0.5327304530143736 0.4792758947610855 0.5263772964477539 0.4792758947610855
0 0.4452203750610352 0.6331553268432617 0.4529341661930084 0.6331553268432617 0.4529341661930084 0.6421484857797622 0.4452203750610352 0.6421484857797622
0 0.4470879745483398 0.3123966789245605 0.4547957623004913 0.3123966789245605 0.4547957623004913 0.32110978364944454 0.4470879745483398 0.32110978364944454
0 0.49803699493408204 0.35578792572021484 0.5049718779325485 0.35578792572021484 0.5049718779325485 0.3644544434547424 0.49803699493408204 0.3644544434547424
0 0.508432731628418 0.224736385345459 0.5159004896879196 0.224736385345459 0.5159004896879196 0.2346762216091156 0.508432731628418 0.2346762216091156
0 0.45217533111572267 0.3578295516967773 0.45886858701705935 0.3578295516967773 0.45886858701705935 0.36646914899349214 0.45217533111572267 0.36646914899349214
0 0.5030362701416016 0.47029808044433596 0.5106973648071289 0.47029808044433596 0.5106973648071289 0.48007501125335694 0.5030362701416016 0.48007501125335694
0 0.5457656097412109 0.4657487106323242 0.5533661425113677 0.4657487106323242 0.5533661425113677 0.47466956794261933 0.5457656097412109 0.47466956794261933
0 0.5186275482177735 0.5282054519653321 0.5259312444925309 0.5282054519653321 0.5259312444925309 0.5384250462055207 0.5186275482177735 0.5384250462055207
0 0.5444868850708008 0.527259635925293 0.552655246257782 0.527259635925293 0.552655246257782 0.5373670423030853 0.5444868850708008 0.5373670423030853
0 0.45469539642333984 0.47257934570312504 0.4629373902082443 0.47257934570312504 0.4629373902082443 0.4809881639480591 0.45469539642333984 0.4809881639480591
0 0.5406520080566406 0.3477129745483398 0.547806960940361 0.3477129745483398 0.547806960940361 0.3563392895460129 0.5406520080566406 0.3563392895460129
0 0.4486581039428711 0.5303306579589844 0.45621717810630796 0.5303306579589844 0.45621717810630796 0.5403239786624908 0.4486581039428711 0.5403239786624908
0 0.44858268737792967 0.16495536804199218 0.45637833178043363 0.16495536804199218 0.45637833178043363 0.17475690662860868 0.44858268737792967 0.17475690662860868
0 0.49028945922851563 0.2211627960205078 0.4968210488557816 0.2211627960205078 0.4968210488557816 0.23084726452827453 0.49028945922851563 0.23084726452827453
0 0.4708766174316406 0.1617630386352539 0.4783784413337707 0.1617630386352539 0.4783784413337707 0.17172112822532654 0.4708766174316406 0.17172112822532654
0 0.5445576477050781 0.6296626663208008 0.5518327778577804 0.6296626663208008 0.5518327778577804 0.6397428357601166 0.5445576477050781 0.6397428357601166
0 0.47971477508544924 0.47241687774658203 0.4880446547269821 0.47241687774658203 0.4880446547269821 0.4819999903440475 0.47971477508544924 0.4819999903440475
0 0.4721017837524414 0.21756908416748047 0.4794804137945175 0.21756908416748047 0.4794804137945175 0.2256718569993973 0.4721017837524414 0.2256718569993973
0 0.64163330078125 0.5917646026611328 0.6526861643791199 0.5917646026611328 0.6526861643791199 0.6048175871372223 0.64163330078125 0.6048175871372223
0 0.542093505859375 0.1594834804534912 0.5507018876075744 0.1594834804534912 0.5507018876075744 0.1701156449317932 0.542093505859375 0.1701156449317932
