0 0.5169290542602539 0.4570376586914062 0.5255004125833511 0.4570376586914062 0.5255004125833511 0.4674561309814453 0.5169290542602539 0.4674561309814453
0 0.8296284484863281 0.6155992889404297 0.8370497202873229 0.6155992889404297 0.8370497202873229 0.6249428856372833 0.8296284484863281 0.6249428856372833
0 0.7810135650634765 0.6787421417236329 0.7878843373060226 0.6787421417236329 0.7878843373060226 0.6866435062885284 0.7810135650634765 0.6866435062885284
0 0.8352446746826172 0.6781432342529298 0.8430478894710541 0.6781432342529298 0.8430478894710541 0.6868894457817079 0.8352446746826172 0.6868894457817079
0 0.8143600463867188 0.519312629699707 0.8226584619283677 0.519312629699707 0.8226584619283677 0.5304428100585938 0.8143600463867188 0.5304428100585938
0 0.7907920837402344 0.6166288375854492 0.7980930596590041 0.6166288375854492 0.7980930596590041 0.6271789467334747 0.7907920837402344 0.6271789467334747
0 0.7659516906738282 0.783536605834961 0.7742045664787293 0.783536605834961 0.7742045664787293 0.7930586433410645 0.7659516906738282 0.7930586433410645
0 0.5543451309204102 0.7287799072265625 0.5623288488388062 0.7287799072265625 0.5623288488388062 0.7384637039899825 0.5543451309204102 0.7384637039899825
0 0.5475306701660156 0.46037681579589845 0.5554764181375503 0.46037681579589845 0.5554764181375503 0.46928984582424166 0.5475306701660156 0.46928984582424166
0 0.579361686706543 0.4674151611328125 0.5873003381490708 0.4674151611328125 0.5873003381490708 0.47758719921112064 0.579361686706543 0.47758719921112064
0 0.46014434814453126 0.8259320831298829 0.46769638419151305 0.8259320831298829 0.46769638419151305 0.8344838041067125 0.46014434814453126 0.8344838041067125
0 0.7944026184082031 0.454798355102539 0.803479705452919 0.454798355102539 0.803479705452919 0.46624628186225886 0.7944026184082031 0.46624628186225886
0 0.5804864883422851 0.5208978271484375 0.5882094466686248 0.5208978271484375 0.5882094466686248 0.5304667878150939 0.5804864883422851 0.5304667878150939
0 0.5071500396728515 0.8342161560058594 0.5141512215137481 0.8342161560058594 0.5141512215137481 0.8435678964853287 0.5071500396728515 0.8435678964853287
0 0.47559513092041017 0.519432144165039 0.4827280825376511 0.519432144165039 0.4827280825376511 0.5298031008243561 0.47559513092041017 0.5298031008243561
0 0.5377195358276368 0.8246372985839844 0.5443846696615219 0.8246372985839844 0.5443846696615219 0.833968957066536 0.5377195358276368 0.833968957066536
0 0.5233976364135742 0.5237628936767578 0.5317049825191498 0.5237628936767578 0.5317049825191498 0.534037948846817 0.5233976364135742 0.534037948846817
0 0.5177143859863281 0.6789276885986327 0.5257226479053496 0.6789276885986327 0.5257226479053496 0.6898900616168976 0.5177143859863281 0.6898900616168976
0 0.45371417999267577 0.7823796081542969 0.46103981792926785 0.7823796081542969 0.46103981792926785 0.7914537650346755 0.45371417999267577 0.7914537650346755
0 0.5784019470214844 0.8240870666503907 0.5866878241300584 0.8240870666503907 0.5866878241300584 0.8341546261310577 0.5784019470214844 0.8341546261310577
0 0.5871587371826172 0.688621597290039 0.5952852249145508 0.688621597290039 0.5952852249145508 0.6993291556835175 0.5871587371826172 0.6993291556835175
0 0.7997671508789063 0.7818083190917968 0.8078228449821473 0.7818083190917968 0.8078228449821473 0.7918019562959671 0.7997671508789063 0.7918019562959671
0 0.5136307525634766 0.6320384216308593 0.5211964505910873 0.6320384216308593 0.5211964505910873 0.6424583160877227 0.5136307525634766 0.6424583160877227
0 0.8462411499023438 0.5207356262207031 0.8544405609369279 0.5207356262207031 0.8544405609369279 0.5311897945404053 0.8462411499023438 0.5311897945404053
0 0.7717111206054688 0.848264389038086 0.7792523926496506 0.848264389038086 0.7792523926496506 0.8577477657794953 0.7717111206054688 0.8577477657794953
0 0.5416817474365234 0.6285663223266602 0.5491936254501343 0.6285663223266602 0.5491936254501343 0.6386929404735566 0.5416817474365234 0.6386929404735566
0 0.9008957672119141 0.4688941955566407 0.9083459007740021 0.4688941955566407 0.9083459007740021 0.4778996479511261 0.9008957672119141 0.4778996479511261
0 0.8986561584472657 0.6167580032348633 0.9053964620828628 0.6167580032348633 0.9053964620828628 0.6248878937959671 0.8986561584472657 0.6248878937959671
0 0.5455791854858398 0.7711223602294923 0.5528805160522461 0.7711223602294923 0.5528805160522461 0.7798589259386064 0.5455791854858398 0.7798589259386064
0 0.8079955291748047 0.6149960708618164 0.8154822129011153 0.6149960708618164 0.8154822129011153 0.6248515093326569 0.8079955291748047 0.6248515093326569
0 0.4509616470336914 0.4597886657714844 0.45863359451293945 0.4597886657714844 0.45863359451293945 0.46936300277709964 0.4509616470336914 0.46936300277709964
0 0.9130569458007812 0.771995162963867 0.919642059803009 0.771995162963867 0.919642059803009 0.7800978964567183 0.9130569458007812 0.7800978964567183
0 0.4997511291503906 0.5169035720825196 0.5071304690837859 0.5169035720825196 0.5071304690837859 0.5272536563873291 0.4997511291503906 0.5272536563873291
0 0.5979356002807618 0.6288840866088867 0.6046489942073823 0.6288840866088867 0.6046489942073823 0.6374326848983765 0.5979356002807618 0.6374326848983765
0 0.7687564849853515 0.6787249755859376 0.7750471276044846 0.6787249755859376 0.7750471276044846 0.687535542845726 0.7687564849853515 0.687535542845726
0 0.8179517364501954 0.8386400604248047 0.825364255309105 0.8386400604248047 0.825364255309105 0.8480682528018952 0.8179517364501954 0.8480682528018952
0 0.8096163177490234 0.6812959289550782 0.8174126124382018 0.6812959289550782 0.8174126124382018 0.6911100971698761 0.8096163177490234 0.6911100971698761
0 0.9089357757568359 0.5238291549682618 0.916206825375557 0.5238291549682618 0.916206825375557 0.5333466863632202 0.9089357757568359 0.5333466863632202
0 0.48865074157714844 0.4605921936035156 0.4958799475431442 0.4605921936035156 0.4958799475431442 0.47005908608436586 0.48865074157714844 0.47005908608436586
0 0.9155674743652343 0.6787919616699218 0.9221831059455871 0.6787919616699218 0.9221831059455871 0.6870431715250015 0.9155674743652343 0.6870431715250015
0 0.5480992889404297 0.514843864440918 0.5562209862470627 0.514843864440918 0.5562209862470627 0.5251724433898927 0.5480992889404297 0.5251724433898927
0 0.4892903518676758 0.7793273162841797 0.49685714423656463 0.7793273162841797 0.49685714423656463 0.7880192917585372 0.4892903518676758 0.7880192917585372
0 0.8489201354980469 0.6099919128417969 0.8550989985466004 0.6099919128417969 0.8550989985466004 0.6186252647638321 0.8489201354980469 0.6186252647638321
0 0.9171537780761718 0.8223675537109375 0.9244522696733474 0.8223675537109375 0.9244522696733474 0.8314130115509034 0.9171537780761718 0.8314130115509034
0 0.7761087036132812 0.5146439361572266 0.7846501952409743 0.5146439361572266 0.7846501952409743 0.5248692619800568 0.7761087036132812 0.5248692619800568
0 0.8507479858398438 0.7776200866699219 0.8573753273487091 0.7776200866699219 0.8573753273487091 0.7859799265861511 0.8507479858398438 0.7859799265861511
0 0.8907894134521485 0.6572221374511719 0.8978766477108002 0.6572221374511719 0.8978766477108002 0.6657125467061996 0.8907894134521485 0.6657125467061996
0 0.8343124389648438 0.4717916488647461 0.8422219920158386 0.4717916488647461 0.8422219920158386 0.48130696654319766 0.8343124389648438 0.48130696654319766
0 0.4368568801879883 0.8283338165283203 0.4455813592672348 0.8283338165283203 0.4455813592672348 0.8377193158864975 0.4368568801879883 0.8377193158864975
0 0.4811946105957031 0.6295901489257812 0.48936643123626705 0.6295901489257812 0.48936643123626705 0.6386426031589508 0.4811946105957031 0.6386426031589508
0 0.6030536270141602 0.5150596618652343 0.6113248962163926 0.5150596618652343 0.6113248962163926 0.5262645936012268 0.6030536270141602 0.5262645936012268
0 0.8835966491699219 0.5146673583984375 0.8907571613788604 0.5146673583984375 0.8907571613788604 0.5236551409959793 0.8835966491699219 0.5236551409959793
0 0.4441321563720703 0.6186377716064453 0.45189142823219297 0.6186377716064453 0.45189142823219297 0.6278624999523162 0.4441321563720703 0.6278624999523162
0 0.8787446594238282 0.7764453887939453 0.8843768084049225 0.7764453887939453 0.8843768084049225 0.7839036953449249 0.8787446594238282 0.7839036953449249
0 0.4829078674316406 0.8299735260009765 0.49042367875576015 0.8299735260009765 0.49042367875576015 0.83981196641922 0.4829078674316406 0.83981196641922
0 0.4480253982543945 0.5187907409667969 0.45559035718441004 0.5187907409667969 0.45559035718441004 0.527525132894516 0.4480253982543945 0.527525132894516
0 0.5528863906860352 0.828201904296875 0.5603882145881655 0.828201904296875 0.5603882145881655 0.839172420501709 0.5528863906860352 0.839172420501709
0 0.8608562469482421 0.6691454315185547 0.868864272236824 0.6691454315185547 0.868864272236824 0.6783967643976212 0.8608562469482421 0.6783967643976212
0 0.615585494076756 0.4595938489582119 0.626118904017706 0.4595938489582119 0.626118904017706 0.4730625659721412 0.615585494076756 0.4730625659721412
0 0.4768192674633713 0.6616246041671513 0.4855207800232865 0.6616246041671513 0.4855207800232865 0.6726444635421845 0.4768192674633713 0.6726444635421845
0 0.47590331877285386 0.6830521085074933 0.4841468569875104 0.6830521085074933 0.4841468569875104 0.6946841822922505 0.47590331877285386 0.6946841822922505
0 0.8543641582077348 0.8208003506954068 0.8644395938034262 0.8208003506954068 0.8644395938034262 0.8379423541676804 0.8543641582077348 0.8379423541676804
0 0.7596994306660592 0.6226395476263848 0.7690867140105646 0.6226395476263848 0.7690867140105646 0.6405664099719248 0.7596994306660592 0.6405664099719248
0 0.8730173510390195 0.6871762520703285 0.8837456748613115 0.6871762520703285 0.8837456748613115 0.7015177419467604 0.8730173510390195 0.7015177419467604
0 0.918612727283761 0.6056090283981219 0.929341051106053 0.6056090283981219 0.929341051106053 0.6217432045091078 0.918612727283761 0.6217432045091078
0 0.8750289117556993 0.6163651458054459 0.8837456748613116 0.6163651458054459 0.8837456748613116 0.6298102925646007 0.8750289117556993 0.6298102925646007
0 0.8723468308001262 0.45860875716469474 0.8850867153390981 0.45860875716469474 0.8850867153390981 0.47026121768929563 0.8723468308001262 0.47026121768929563
