0 0.15749987602233886 0.5317228317260743 0.16485193610191343 0.5317228317260743 0.16485193610191343 0.5413314414024354 0.15749987602233886 0.5413314414024354
0 0.16463632583618165 0.21939599990844727 0.17268425762653353 0.21939599990844727 0.17268425762653353 0.22889594018459322 0.16463632583618165 0.22889594018459322
0 0.20301361083984376 0.22714109420776368 0.21087145864963533 0.22714109420776368 0.21087145864963533 0.23698180735111238 0.20301361083984376 0.23698180735111238
0 0.2201300621032715 0.779622802734375 0.2274955475330353 0.779622802734375 0.2274955475330353 0.7895323187112808 0.2201300621032715 0.7895323187112808
0 0.1943084716796875 0.8356398010253906 0.20106175720691682 0.8356398010253906 0.20106175720691682 0.8434205186367035 0.1943084716796875 0.8434205186367035
0 0.2204058837890625 0.1681780433654785 0.22742528140544893 0.1681780433654785 0.22742528140544893 0.17829713106155395 0.2204058837890625 0.17829713106155395
0 0.1404418468475342 0.22042133331298827 0.1477036851644516 0.22042133331298827 0.1477036851644516 0.2287893557548523 0.1404418468475342 0.2287893557548523
0 0.13477766036987304 0.8248675537109375 0.14139556884765625 0.8248675537109375 0.14139556884765625 0.8330582028627395 0.13477766036987304 0.8330582028627395
0 0.14858919143676758 0.7800156402587891 0.1558201867341995 0.7800156402587891 0.1558201867341995 0.7901156938076019 0.14858919143676758 0.7901156938076019
0 0.2192458152770996 0.3247556304931641 0.22684606730937956 0.3247556304931641 0.22684606730937956 0.33485167145729067 0.2192458152770996 0.33485167145729067
0 0.13884042739868163 0.16392786026000977 0.14596844077110288 0.16392786026000977 0.14596844077110288 0.17330154955387117 0.13884042739868163 0.17330154955387117
0 0.21819162368774414 0.021244263648986815 0.22509848773479463 0.021244263648986815 0.22509848773479463 0.028744254708290097 0.21819162368774414 0.028744254708290097
0 0.23264368057250975 0.219864501953125 0.23972066879272458 0.219864501953125 0.23972066879272458 0.22979581892490386 0.23264368057250975 0.22979581892490386
0 0.16188966751098632 0.3215045547485352 0.16874007999897003 0.3215045547485352 0.16874007999897003 0.331165759563446 0.16188966751098632 0.331165759563446
0 0.13896668434143067 0.320537223815918 0.14553152680397033 0.320537223815918 0.14553152680397033 0.3299943721294403 0.13896668434143067 0.3299943721294403
0 0.16249420166015624 0.3724314498901367 0.16907368183135985 0.3724314498901367 0.16907368183135985 0.38174634754657744 0.16249420166015624 0.38174634754657744
0 0.17452316284179686 0.47217071533203125 0.18184435069561006 0.47217071533203125 0.18184435069561006 0.48079114079475405 0.17452316284179686 0.48079114079475405
0 0.17022626876831054 0.7786428833007812 0.17722635626792907 0.7786428833007812 0.17722635626792907 0.7886106675863266 0.17022626876831054 0.7886106675863266
0 0.22792837142944336 0.5281423950195312 0.23675243139266966 0.5281423950195312 0.23675243139266966 0.5379226464033127 0.22792837142944336 0.5379226464033127
0 0.18524396896362305 0.3724867630004883 0.19288022398948668 0.3724867630004883 0.19288022398948668 0.3811550199985504 0.18524396896362305 0.3811550199985504
0 0.132426176071167 0.7744217681884765 0.13851375281810763 0.7744217681884765 0.13851375281810763 0.7827646100521087 0.132426176071167 0.7827646100521087
0 0.17070404052734375 0.07580829620361328 0.17769942641258238 0.07580829620361328 0.17769942641258238 0.08461063146591187 0.17070404052734375 0.08461063146591187
0 0.16582292556762696 0.023742358684539795 0.17263216018676758 0.023742358684539795 0.17263216018676758 0.03163074493408203 0.16582292556762696 0.03163074493408203
0 0.16983463287353515 0.16385814666748047 0.17642381250858305 0.16385814666748047 0.17642381250858305 0.1736553764343262 0.16983463287353515 0.1736553764343262
0 0.20617599487304689 0.6240420532226563 0.2146976000070572 0.6240420532226563 0.2146976000070572 0.6348625898361206 0.20617599487304689 0.6348625898361206
0 0.21785469055175782 0.07607387065887451 0.22540515899658203 0.07607387065887451 0.22540515899658203 0.08505318880081177 0.21785469055175782 0.08505318880081177
0 0.2107889747619629 0.6732642364501954 0.21829767405986789 0.6732642364501954 0.21829767405986789 0.6838748657703401 0.2107889747619629 0.6838748657703401
0 0.15542515754699707 0.6189104843139649 0.16171683549880983 0.6189104843139649 0.16171683549880983 0.6279371649026871 0.15542515754699707 0.6279371649026871
0 0.19379402160644532 0.16177330017089844 0.20081497192382813 0.16177330017089844 0.20081497192382813 0.17168161094188691 0.19379402160644532 0.17168161094188691
0 0.18277585983276368 0.6697579193115234 0.1906591385602951 0.6697579193115234 0.1906591385602951 0.6793786251544952 0.18277585983276368 0.6793786251544952
0 0.2530508041381836 0.32514259338378904 0.26053524017333984 0.32514259338378904 0.26053524017333984 0.3346972638368606 0.2530508041381836 0.3346972638368606
0 0.1460176467895508 0.07552647590637207 0.15315635025501254 0.07552647590637207 0.15315635025501254 0.08484703600406646 0.1460176467895508 0.08484703600406646
0 0.18415176391601562 0.31828458786010744 0.19269041657447816 0.31828458786010744 0.19269041657447816 0.3284465062618256 0.18415176391601562 0.3284465062618256
0 0.13044994354248046 0.47284175872802736 0.13802792847156523 0.47284175872802736 0.13802792847156523 0.48213882803916935 0.13044994354248046 0.48213882803916935
0 0.23275007247924806 0.6713223266601562 0.2405143564939499 0.6713223266601562 0.2405143564939499 0.6807867288589478 0.23275007247924806 0.6807867288589478
0 0.20952289581298827 0.3684014129638672 0.21630108058452605 0.3684014129638672 0.21630108058452605 0.37798867642879486 0.20952289581298827 0.37798867642879486
0 0.23760643005371093 0.6240840911865234 0.2459592270851135 0.6240840911865234 0.2459592270851135 0.6350325882434845 0.23760643005371093 0.6350325882434845
0 0.19608983993530274 0.47329502105712884 0.20385765790939334 0.47329502105712884 0.20385765790939334 0.4835209786891937 0.19608983993530274 0.4835209786891937
0 0.14510750770568848 0.02252995252609253 0.15096799135208128 0.02252995252609253 0.15096799135208128 0.03099094867706299 0.14510750770568848 0.03099094867706299
0 0.20814579010009765 0.8380876922607422 0.21408793509006502 0.8380876922607422 0.21408793509006502 0.8465476232767105 0.20814579010009765 0.8465476232767105
0 0.1392630672454834 0.36874061584472656 0.14585164070129394 0.36874061584472656 0.14585164070129394 0.3778714990615845 0.1392630672454834 0.3778714990615845
0 0.17520103454589844 0.8319843292236329 0.18283706784248352 0.8319843292236329 0.18283706784248352 0.8415306389331818 0.17520103454589844 0.8415306389331818
0 0.1944878578186035 0.026325151920318604 0.20104805767536163 0.026325151920318604 0.20104805767536163 0.03572780251502991 0.1944878578186035 0.03572780251502991
0 0.1356680965423584 0.6740264129638672 0.14294707119464872 0.6740264129638672 0.14294707119464872 0.6844805812835694 0.1356680965423584 0.6844805812835694
0 0.246124267578125 0.8363785552978515 0.2544434720277786 0.8363785552978515 0.2544434720277786 0.84667365193367 0.246124267578125 0.84667365193367
0 0.23094087600708008 0.3718932342529297 0.23883920669555664 0.3718932342529297 0.23883920669555664 0.3815335869789124 0.23094087600708008 0.3815335869789124
0 0.15510329246520996 0.8283962249755861 0.16190656840801237 0.8283962249755861 0.16190656840801237 0.8385044217109681 0.15510329246520996 0.8385044217109681
0 0.13341817855834961 0.5255852127075196 0.14041539788246157 0.5255852127075196 0.14041539788246157 0.5349895286560059 0.13341817855834961 0.5349895286560059
0 0.20145584106445313 0.5267454528808594 0.20863551557064058 0.5267454528808594 0.20863551557064058 0.5370114946365356 0.20145584106445313 0.5370114946365356
0 0.193878173828125 0.07778264045715332 0.200833860039711 0.07778264045715332 0.200833860039711 0.08790558695793152 0.193878173828125 0.08790558695793152
0 0.1802365493774414 0.5269519424438477 0.18708393096923828 0.5269519424438477 0.18708393096923828 0.5370494663715363 0.1802365493774414 0.5370494663715363
0 0.24629745483398438 0.16538454055786134 0.2543027150630951 0.16538454055786134 0.2543027150630951 0.17683930516242982 0.24629745483398438 0.17683930516242982
0 0.19814807891845704 0.7760385131835937 0.2061080950498581 0.7760385131835937 0.2061080950498581 0.785732034444809 0.19814807891845704 0.785732034444809
0 0.261170597076416 0.2248728370666504 0.26939419746398924 0.2248728370666504 0.26939419746398924 0.23605758905410767 0.261170597076416 0.23605758905410767
0 0.2500117301940918 0.021771860122680668 0.25640743970870966 0.021771860122680668 0.25640743970870966 0.029258517026901246 0.2500117301940918 0.029258517026901246
0 0.22261201858520507 0.47450584411621094 0.2315831661224365 0.47450584411621094 0.2315831661224365 0.4849716341495514 0.22261201858520507 0.4849716341495514
0 0.13091689109802246 0.6196201705932617 0.13828790664672852 0.6196201705932617 0.13828790664672852 0.6292732518911361 0.13091689109802246 0.6292732518911361
0 0.15291237831115723 0.6582530975341797 0.16058272898197173 0.6582530975341797 0.16058272898197173 0.6681962543725968 0.15291237831115723 0.6681962543725968
0 0.15310074806213378 0.47198734283447263 0.1606123012304306 0.47198734283447263 0.1606123012304306 0.480799332857132 0.15310074806213378 0.480799332857132
0 0.24565385818481444 0.0727381181716919 0.2533448940515518 0.0727381181716919 0.2533448940515518 0.08224006474018097 0.24565385818481444 0.08224006474018097
0 0.17389373779296874 0.6196720504760742 0.18171482801437377 0.6196720504760742 0.18171482801437377 0.6296554493904113 0.17389373779296874 0.6296554493904113
