0 0.5544535827636718 0.6868907165527344 0.56299329996109 0.6868907165527344 0.56299329996109 0.6971051716804504 0.5544535827636718 0.6971051716804504
0 0.492596321105957 0.6890813446044922 0.5007033807039261 0.6890813446044922 0.5007033807039261 0.6981813544034958 0.492596321105957 0.6981813544034958
0 0.4671730422973633 0.6875421905517578 0.47442835986614224 0.6875421905517578 0.47442835986614224 0.6971644777059555 0.4671730422973633 0.6971644777059555
0 0.5850139999389649 0.4494261169433594 0.5929018473625184 0.4494261169433594 0.5929018473625184 0.45937911689281463 0.5850139999389649 0.45937911689281463
0 0.5458630752563477 0.37463218688964844 0.5540775674581528 0.37463218688964844 0.5540775674581528 0.38479442238807676 0.5458630752563477 0.38479442238807676
0 0.5290672302246093 0.28798532485961914 0.5372137677669525 0.28798532485961914 0.5372137677669525 0.2998992967605591 0.5290672302246093 0.2998992967605591
0 0.45464420318603516 0.7707415771484375 0.4621555197238922 0.7707415771484375 0.4621555197238922 0.7803973865509034 0.45464420318603516 0.7803973865509034
0 0.5166022872924805 0.456272315979004 0.5245373308658601 0.456272315979004 0.5245373308658601 0.466421149969101 0.5166022872924805 0.466421149969101
0 0.5629831314086914 0.6064530944824219 0.5716692268848419 0.6064530944824219 0.5716692268848419 0.6172227954864502 0.5629831314086914 0.6172227954864502
0 0.44485469818115236 0.8473805999755859 0.4515365689992905 0.8473805999755859 0.4515365689992905 0.8556050080060958 0.44485469818115236 0.8556050080060958
0 0.4832308578491211 0.7713750457763672 0.49037155687809 0.7713750457763672 0.49037155687809 0.7811526089906692 0.4832308578491211 0.7811526089906692
0 0.5551470565795898 0.45020835876464843 0.5640153110027313 0.45020835876464843 0.5640153110027313 0.4607989466190338 0.5551470565795898 0.4607989466190338
0 0.44552696228027344 0.6847897338867187 0.4533095359802246 0.6847897338867187 0.4533095359802246 0.694795309305191 0.44552696228027344 0.694795309305191
0 0.4730731964111328 0.5323475265502929 0.4816182363033295 0.5323475265502929 0.4816182363033295 0.5428620970249176 0.4730731964111328 0.5428620970249176
0 0.5397501373291016 0.7681793975830078 0.5475466686487198 0.7681793975830078 0.5475466686487198 0.7783113121986389 0.5397501373291016 0.7783113121986389
0 0.5938488388061524 0.683857650756836 0.6017607575654984 0.683857650756836 0.6017607575654984 0.6947864222526551 0.5938488388061524 0.6947864222526551
0 0.5058772277832031 0.29470130920410154 0.5145853829383851 0.29470130920410154 0.5145853829383851 0.3051438748836517 0.5058772277832031 0.3051438748836517
0 0.5065471267700196 0.8488100433349609 0.5152432173490524 0.8488100433349609 0.5152432173490524 0.858241793513298 0.5065471267700196 0.858241793513298
0 0.4757899475097656 0.29424453735351563 0.4850203025341034 0.29424453735351563 0.4850203025341034 0.30433573603630065 0.4757899475097656 0.30433573603630065
0 0.44573001861572265 0.3783030700683594 0.4527420234680175 0.3783030700683594 0.4527420234680175 0.3877455723285675 0.44573001861572265 0.3877455723285675
0 0.5375798034667969 0.6099421310424805 0.5445721137523651 0.6099421310424805 0.5445721137523651 0.61950421333313 0.5375798034667969 0.61950421333313
0 0.5535295867919922 0.5215832901000976 0.5608187931776046 0.5215832901000976 0.5608187931776046 0.5309793835878373 0.5535295867919922 0.5309793835878373
0 0.44620933532714846 0.45117317199707035 0.4535562646389008 0.45117317199707035 0.4535562646389008 0.4611989080905915 0.44620933532714846 0.4611989080905915
0 0.4433277130126953 0.5245565414428711 0.44984392583370203 0.5245565414428711 0.44984392583370203 0.5330632770061493 0.4433277130126953 0.5330632770061493
0 0.4735890960693359 0.6075007629394531 0.4822549939155578 0.6075007629394531 0.4822549939155578 0.6175416386127471 0.4735890960693359 0.6175416386127471
0 0.4990938186645508 0.526992301940918 0.5070300447940826 0.526992301940918 0.5070300447940826 0.5373199331760407 0.4990938186645508 0.5373199331760407
0 0.5293501663208008 0.5265699768066406 0.5372334599494935 0.5265699768066406 0.5372334599494935 0.5373322057723998 0.5293501663208008 0.5373322057723998
0 0.603997802734375 0.2873957061767578 0.6111661213636398 0.2873957061767578 0.6111661213636398 0.2986196517944336 0.603997802734375 0.2986196517944336
0 0.4797757339477539 0.8527554321289063 0.48695185959339143 0.8527554321289063 0.48695185959339143 0.8625007385015487 0.4797757339477539 0.8625007385015487
0 0.5134893417358398 0.6946037292480469 0.5206373745203017 0.6946037292480469 0.5206373745203017 0.70470734000206 0.5134893417358398 0.70470734000206
0 0.5641249465942383 0.7656249237060547 0.5721288913488388 0.7656249237060547 0.5721288913488388 0.7748447108268738 0.5641249465942383 0.7748447108268738
0 0.5380216598510742 0.8484529113769531 0.5461227166652679 0.8484529113769531 0.5461227166652679 0.8588361620903014 0.5380216598510742 0.8588361620903014
0 0.5143766403198242 0.6102446365356445 0.5226452481746674 0.6102446365356445 0.5226452481746674 0.6205835723876953 0.5143766403198242 0.6205835723876953
0 0.4630896759033203 0.376212043762207 0.4708382725715637 0.376212043762207 0.4708382725715637 0.38658940434455874 0.4630896759033203 0.38658940434455874
0 0.562427864074707 0.2854648780822754 0.571004250049591 0.2854648780822754 0.571004250049591 0.2965313935279846 0.562427864074707 0.2965313935279846
0 0.46215938568115233 0.8494314575195312 0.46911502778530123 0.8494314575195312 0.46911502778530123 0.8587208974361419 0.46215938568115233 0.8587208974361419
0 0.612670783996582 0.3674852752685547 0.6209238964319229 0.3674852752685547 0.6209238964319229 0.3772773855924606 0.612670783996582 0.3772773855924606
0 0.5080447910037369 0.7654784303985237 0.5184532988505254 0.7654784303985237 0.5184532988505254 0.7760530429301211 0.5080447910037369 0.7760530429301211
0 0.46974148212755507 0.4538056399935481 0.47765194809111433 0.4538056399935481 0.47765194809111433 0.4638236939708509 0.46974148212755507 0.4638236939708509
0 0.5821533668728711 0.2840552809336954 0.5892311522086876 0.2840552809336954 0.5892311522086876 0.29685612768247116 0.5821533668728711 0.29685612768247116
