0 0.16532209396362305 0.21718395233154297 0.17302433729171754 0.21718395233154297 0.17302433729171754 0.2271758896112442 0.16532209396362305 0.2271758896112442
0 0.19659887313842772 0.8350379943847657 0.20334142446517942 0.8350379943847657 0.20334142446517942 0.8433366411924362 0.19659887313842772 0.8433366411924362
0 0.1411859607696533 0.21816282272338866 0.1489449369907379 0.21816282272338866 0.1489449369907379 0.2268578618764877 0.1411859607696533 0.2268578618764877
0 0.1584700298309326 0.5316849517822265 0.16528982162475586 0.5316849517822265 0.16528982162475586 0.541595733165741 0.1584700298309326 0.541595733165741
0 0.23308807373046875 0.21871116638183594 0.24018610179424285 0.21871116638183594 0.24018610179424285 0.2281439244747162 0.23308807373046875 0.2281439244747162
0 0.16201164245605468 0.3215388107299805 0.16889251351356505 0.3215388107299805 0.16889251351356505 0.3312733054161072 0.16201164245605468 0.3312733054161072
0 0.17171871185302734 0.7788024902343749 0.17900562644004822 0.7788024902343749 0.17900562644004822 0.7888153398036957 0.17171871185302734 0.7888153398036957
0 0.2194487190246582 0.32454849243164063 0.2271499127149582 0.32454849243164063 0.2271499127149582 0.33457304239273067 0.2194487190246582 0.33457304239273067
0 0.22154129028320313 0.16689105987548827 0.22861464083194732 0.16689105987548827 0.22861464083194732 0.17691130161285398 0.22154129028320313 0.17691130161285398
0 0.1628287696838379 0.3726015472412109 0.1694474172592163 0.3726015472412109 0.1694474172592163 0.38191043615341186 0.1628287696838379 0.38191043615341186
0 0.13913753509521484 0.32085132598876953 0.14571771025657654 0.32085132598876953 0.14571771025657654 0.3302539813518524 0.13913753509521484 0.3302539813518524
0 0.15045441627502443 0.7803762817382812 0.15737785518169406 0.7803762817382812 0.15737785518169406 0.7902941781282425 0.15045441627502443 0.7902941781282425
0 0.2035531234741211 0.22505125045776367 0.21138105988502506 0.22505125045776367 0.21138105988502506 0.23498252809047696 0.2035531234741211 0.23498252809047696
0 0.21763971328735351 0.020990157127380372 0.224709752202034 0.020990157127380372 0.224709752202034 0.028719816207885742 0.21763971328735351 0.028719816207885742
0 0.24806232452392582 0.836742172241211 0.2554451829195023 0.836742172241211 0.2554451829195023 0.846316785812378 0.24806232452392582 0.846316785812378
0 0.18553056716918945 0.3724767684936524 0.19303277552127837 0.3724767684936524 0.19303277552127837 0.38115257620811466 0.18553056716918945 0.38115257620811466
0 0.17775943756103516 0.8324277496337891 0.18434926807880403 0.8324277496337891 0.18434926807880403 0.8408136004209519 0.17775943756103516 0.8408136004209519
0 0.24740110397338866 0.16418601989746093 0.25468661367893214 0.16418601989746093 0.25468661367893214 0.17508615136146546 0.24740110397338866 0.17508615136146546
0 0.13347241401672363 0.774523162841797 0.1400571137666702 0.774523162841797 0.1400571137666702 0.7833365762233734 0.13347241401672363 0.7833365762233734
0 0.2288505744934082 0.5278509140014649 0.23761102676391602 0.5278509140014649 0.23761102676391602 0.5382618749141693 0.2288505744934082 0.5382618749141693
0 0.16544744491577149 0.02360804796218872 0.1720747125148773 0.02360804796218872 0.1720747125148773 0.03144576609134674 0.16544744491577149 0.03144576609134674
0 0.20750537872314453 0.6242148971557617 0.21558740615844726 0.6242148971557617 0.21558740615844726 0.6346337640285492 0.20750537872314453 0.6346337640285492
0 0.21791889190673827 0.07598634243011475 0.225318044424057 0.07598634243011475 0.225318044424057 0.0847513061761856 0.21791889190673827 0.0847513061761856
0 0.22179061889648438 0.779571533203125 0.22900662124156954 0.779571533203125 0.22900662124156954 0.7899271905422212 0.22179061889648438 0.7899271905422212
0 0.15634988784790038 0.6189912033081054 0.16255542457103725 0.6189912033081054 0.16255542457103725 0.6279632133245467 0.15634988784790038 0.6279632133245467
0 0.1749197006225586 0.47229751586914065 0.1824414557218552 0.47229751586914065 0.1824414557218552 0.4810623854398728 0.1749197006225586 0.4810623854398728
0 0.20986791610717773 0.3682001876831055 0.2166611820459366 0.3682001876831055 0.2166611820459366 0.37785868465900424 0.20986791610717773 0.37785868465900424
0 0.23387897491455079 0.6712066650390625 0.24127305567264556 0.6712066650390625 0.24127305567264556 0.6800128835439682 0.23387897491455079 0.6800128835439682
0 0.17057598114013672 0.07600189208984375 0.1776132106781006 0.07600189208984375 0.1776132106781006 0.08468397557735444 0.17057598114013672 0.08468397557735444
0 0.17063962936401367 0.16170949935913087 0.17746869146823885 0.16170949935913087 0.17746869146823885 0.17187749624252321 0.17063962936401367 0.17187749624252321
0 0.18425874710083007 0.3182831382751465 0.19278048515319826 0.3182831382751465 0.19278048515319826 0.32845165848731994 0.18425874710083007 0.32845165848731994
0 0.2118009376525879 0.6731527709960937 0.21934961736202238 0.6731527709960937 0.21934961736202238 0.68364994764328 0.2118009376525879 0.68364994764328
0 0.13083261489868164 0.4729854583740235 0.1386028575897217 0.4729854583740235 0.1386028575897217 0.4824761879444122 0.13083261489868164 0.4824761879444122
0 0.19443565368652344 0.1598992919921875 0.20211727142333982 0.1598992919921875 0.20211727142333982 0.17001933813095094 0.19443565368652344 0.17001933813095094
0 0.253145751953125 0.3246872329711914 0.2607330667972565 0.3246872329711914 0.2607330667972565 0.3344763392210007 0.253145751953125 0.3344763392210007
0 0.2389439582824707 0.6240987396240234 0.24659921288490294 0.6240987396240234 0.24659921288490294 0.6346425235271452 0.2389439582824707 0.6346425235271452
0 0.19690258026123048 0.47317153930664063 0.20453447341918946 0.47317153930664063 0.20453447341918946 0.4833823573589325 0.19690258026123048 0.4833823573589325
0 0.1445644760131836 0.022778406143188476 0.1505527228116989 0.022778406143188476 0.1505527228116989 0.031122532486915586 0.1445644760131836 0.031122532486915586
0 0.1361549186706543 0.8249673461914062 0.14300648450851441 0.8249673461914062 0.14300648450851441 0.8333936762809754 0.1361549186706543 0.8333936762809754
0 0.1540720844268799 0.6586593627929688 0.16098252654075623 0.6586593627929688 0.16098252654075623 0.6681608843803405 0.1540720844268799 0.6681608843803405
0 0.18398843765258788 0.6697390747070312 0.1919086068868637 0.6697390747070312 0.1919086068868637 0.6793196177482604 0.18398843765258788 0.6793196177482604
0 0.1394905662536621 0.3688185501098633 0.1461627674102783 0.3688185501098633 0.1461627674102783 0.3782650452852249 0.1394905662536621 0.3782650452852249
0 0.22310216903686522 0.4745465850830078 0.23204766392707823 0.4745465850830078 0.23204766392707823 0.4850399279594421 0.22310216903686522 0.4850399279594421
0 0.23121679306030274 0.3715437698364258 0.23896951496601104 0.3715437698364258 0.23896951496601104 0.3811267244815827 0.23121679306030274 0.3811267244815827
0 0.19456281661987304 0.0268185019493103 0.20039698183536528 0.0268185019493103 0.20039698183536528 0.03440614521503448 0.19456281661987304 0.03440614521503448
0 0.1455751323699951 0.07571064472198487 0.15305522143840788 0.07571064472198487 0.15305522143840788 0.08516546547412872 0.1455751323699951 0.08516546547412872
0 0.1539354419708252 0.47232540130615236 0.1609225332736969 0.47232540130615236 0.1609225332736969 0.4810471826791763 0.1539354419708252 0.4810471826791763
0 0.20990467071533203 0.8382071685791016 0.21650372743606566 0.8382071685791016 0.21650372743606566 0.8468993812799455 0.20990467071533203 0.8468993812799455
0 0.139292631149292 0.16008001327514648 0.14778915941715243 0.16008001327514648 0.14778915941715243 0.1710588216781616 0.139292631149292 0.1710588216781616
0 0.15677388191223143 0.8284548950195313 0.16344790160655973 0.8284548950195313 0.16344790160655973 0.8383809351921082 0.15677388191223143 0.8383809351921082
0 0.19381061553955078 0.07774662494659423 0.20074767231941223 0.07774662494659423 0.20074767231941223 0.08791397452354431 0.19381061553955078 0.08791397452354431
0 0.20206886291503906 0.5267686462402343 0.20923233211040498 0.5267686462402343 0.20923233211040498 0.536926097869873 0.20206886291503906 0.536926097869873
0 0.1813163375854492 0.5255662536621094 0.1882537192106247 0.5255662536621094 0.1882537192106247 0.5363861191272736 0.1813163375854492 0.5363861191272736
0 0.24953979492187497 0.021462228298187256 0.2558642673492431 0.021462228298187256 0.2558642673492431 0.028914805054664615 0.24953979492187497 0.028914805054664615
0 0.13430304527282716 0.5256538009643554 0.14150525271892547 0.5256538009643554 0.14150525271892547 0.5349119722843169 0.13430304527282716 0.5349119722843169
0 0.2619918632507324 0.22428564071655274 0.27022264897823334 0.22428564071655274 0.27022264897823334 0.23479900598526002 0.2619918632507324 0.23479900598526002
0 0.13172122955322266 0.6197322463989258 0.13950089037418364 0.6197322463989258 0.13950089037418364 0.6294509488344192 0.13172122955322266 0.6294509488344192
0 0.24565547943115235 0.07250484943389893 0.2532787525653839 0.07250484943389893 0.2532787525653839 0.081968851685524 0.24565547943115235 0.081968851685524
0 0.13614027976989745 0.6740332794189453 0.14401467263698578 0.6740332794189453 0.14401467263698578 0.6848495471477508 0.13614027976989745 0.6848495471477508
0 0.1745569216953518 0.6192916083004693 0.18231500710403412 0.6192916083004693 0.18231500710403412 0.6296625204011949 0.1745569216953518 0.6296625204011949
0 0.1994936247946877 0.7762846103986341 0.20669756124560698 0.7762846103986341 0.20669756124560698 0.7844331841920613 0.1994936247946877 0.7844331841920613
