0 0.4925245666503906 0.6336833953857421 0.5001172333955765 0.6336833953857421 0.5001172333955765 0.6432835853099823 0.4925245666503906 0.6432835853099823
0 0.4670321655273437 0.6347684478759765 0.4745524716377258 0.6347684478759765 0.4745524716377258 0.6445268785953522 0.4670321655273437 0.6445268785953522
0 0.5156933212280274 0.6332358551025391 0.5231856232881547 0.6332358551025391 0.5231856232881547 0.6430863523483277 0.5156933212280274 0.6430863523483277
0 0.4700240325927734 0.5308416748046875 0.4775311201810837 0.5308416748046875 0.4775311201810837 0.5398820328712463 0.4700240325927734 0.5398820328712463
0 0.5169601440429688 0.31259664535522463 0.5242672115564346 0.31259664535522463 0.5242672115564346 0.321875491142273 0.5169601440429688 0.321875491142273
0 0.5395815277099609 0.22793548583984377 0.5472338104248047 0.22793548583984377 0.5472338104248047 0.23752737402915955 0.5395815277099609 0.23752737402915955
0 0.49376636505126953 0.16293180465698243 0.5012812006473542 0.16293180465698243 0.5012812006473542 0.1730714476108551 0.49376636505126953 0.1730714476108551
0 0.4907757568359375 0.31413486480712893 0.49797784626483915 0.31413486480712893 0.49797784626483915 0.32261499583721165 0.4907757568359375 0.32261499583721165
0 0.4927132034301758 0.5343170166015625 0.4995128864049912 0.5343170166015625 0.4995128864049912 0.5437765568494797 0.4927132034301758 0.5437765568494797
0 0.5164176940917968 0.3519997406005859 0.523220630288124 0.3519997406005859 0.523220630288124 0.3609476763010025 0.5164176940917968 0.3609476763010025
0 0.4765574264526367 0.3570845413208008 0.4834502297639847 0.3570845413208008 0.4834502297639847 0.36537401676177983 0.4765574264526367 0.36537401676177983
0 0.5451802825927734 0.3103388023376465 0.5525846987962723 0.3103388023376465 0.5525846987962723 0.32060492396354673 0.5451802825927734 0.32060492396354673
0 0.45119457244873046 0.21858587265014645 0.4580069118738174 0.21858587265014645 0.4580069118738174 0.22739341557025908 0.45119457244873046 0.22739341557025908
0 0.46784378051757813 0.30950944900512695 0.4751675260066986 0.30950944900512695 0.4751675260066986 0.3184555268287659 0.46784378051757813 0.3184555268287659
0 0.4452157211303711 0.633166389465332 0.4529259341955185 0.633166389465332 0.4529259341955185 0.6421648454666138 0.4452157211303711 0.6421648454666138
0 0.5263684844970703 0.4709423065185546 0.5326720201969146 0.4709423065185546 0.5326720201969146 0.4793064945936203 0.5263684844970703 0.4793064945936203
0 0.44709014892578125 0.31247386932373045 0.4547547036409378 0.31247386932373045 0.4547547036409378 0.3211290615797043 0.44709014892578125 0.3211290615797043
0 0.4980372238159179 0.3557857131958008 0.5049298793077468 0.3557857131958008 0.5049298793077468 0.36443084478378296 0.4980372238159179 0.36443084478378296
0 0.5084405899047851 0.22471858978271483 0.515915977358818 0.22471858978271483 0.515915977358818 0.23466771543025972 0.5084405899047851 0.23466771543025972
0 0.45224044799804686 0.3578361511230469 0.45889041185379026 0.3578361511230469 0.45889041185379026 0.36647618353366856 0.45224044799804686 0.36647618353366856
0 0.5030492782592774 0.4702996826171875 0.5106863021850586 0.4702996826171875 0.5106863021850586 0.48007969677448276 0.5030492782592774 0.48007969677448276
0 0.5457558441162109 0.4656052017211914 0.5533976584672928 0.4656052017211914 0.5533976584672928 0.4746533077955246 0.5457558441162109 0.4746533077955246
0 0.5186223983764648 0.5282028579711914 0.5259285193681718 0.5282028579711914 0.5259285193681718 0.5384218192100525 0.5186223983764648 0.5384218192100525
0 0.544466896057129 0.5272758865356445 0.5526347839832306 0.5272758865356445 0.5526347839832306 0.5373808813095092 0.544466896057129 0.5373808813095092
0 0.4546823501586914 0.4725852203369141 0.4629203218221664 0.4725852203369141 0.4629203218221664 0.480992141366005 0.4546823501586914 0.480992141366005
0 0.5406525802612304 0.3477099990844727 0.5477789670228957 0.3477099990844727 0.5477789670228957 0.3563282108306885 0.5406525802612304 0.3563282108306885
0 0.44856597900390627 0.16494041442871094 0.4563476067781449 0.16494041442871094 0.4563476067781449 0.17479007184505463 0.44856597900390627 0.17479007184505463
0 0.44866596221923827 0.5303374481201172 0.4562191808223724 0.5303374481201172 0.4562191808223724 0.5403046393394471 0.44866596221923827 0.5403046393394471
0 0.4903818130493164 0.22124086380004881 0.49681969106197355 0.22124086380004881 0.49681969106197355 0.2308014243841171 0.4903818130493164 0.2308014243841171
0 0.47087238311767576 0.16176939010620117 0.47838198423385614 0.16176939010620117 0.47838198423385614 0.1717258781194687 0.47087238311767576 0.1717258781194687
0 0.5445611572265625 0.629662094116211 0.5518293088674546 0.629662094116211 0.5518293088674546 0.6397860634326935 0.5445611572265625 0.6397860634326935
0 0.47970966339111326 0.4724308395385742 0.488039424419403 0.4724308395385742 0.488039424419403 0.4820257323980331 0.47970966339111326 0.4820257323980331
0 0.4721036911010742 0.217532958984375 0.47949790537357334 0.217532958984375 0.47949790537357334 0.22562227189540862 0.4721036911010742 0.22562227189540862
0 0.6416256713867188 0.5917569351196289 0.6526814925670623 0.5917569351196289 0.6526814925670623 0.6048122918605804 0.6416256713867188 0.6048122918605804
0 0.5420976257324219 0.1594773769378662 0.5507116854190827 0.1594773769378662 0.5507116854190827 0.17012532353401183 0.5420976257324219 0.17012532353401183
