0 0.8296990203857422 0.6155671310424805 0.8371221846342086 0.6155671310424805 0.8371221846342086 0.6247872346639634 0.8296990203857422 0.6247872346639634
0 0.5169050979614258 0.45717132568359375 0.5253682255744935 0.45717132568359375 0.5253682255744935 0.4674471712112427 0.5169050979614258 0.4674471712112427
0 0.7810340118408203 0.678769760131836 0.787884971499443 0.678769760131836 0.787884971499443 0.6866681993007661 0.7810340118408203 0.6866681993007661
0 0.8353187561035156 0.6781372070312501 0.8431556820869446 0.6781372070312501 0.8431556820869446 0.6869025510549547 0.8353187561035156 0.6869025510549547
0 0.8144505310058594 0.5194315338134765 0.822554367184639 0.5194315338134765 0.822554367184639 0.5304979503154754 0.8144505310058594 0.5304979503154754
0 0.7908275604248047 0.616597900390625 0.7982252341508865 0.616597900390625 0.7982252341508865 0.6272843098640442 0.7908275604248047 0.6272843098640442
0 0.7659320831298828 0.7834419250488283 0.7742467039823532 0.7834419250488283 0.7742467039823532 0.7929816722869873 0.7659320831298828 0.7929816722869873
0 0.5475559234619141 0.4604119110107422 0.5554624009132385 0.4604119110107422 0.5554624009132385 0.4692760026454926 0.5475559234619141 0.4692760026454926
0 0.5792998123168945 0.46738922119140625 0.5872598731517792 0.46738922119140625 0.5872598731517792 0.4774381613731384 0.5792998123168945 0.4774381613731384
0 0.46008106231689455 0.8259368133544922 0.4677355927228928 0.8259368133544922 0.4677355927228928 0.8344860047101975 0.46008106231689455 0.8344860047101975
0 0.47559070587158203 0.5194678497314453 0.48261785149574277 0.5194678497314453 0.48261785149574277 0.5297572147846222 0.47559070587158203 0.5297572147846222
0 0.5376953506469726 0.8245456695556641 0.5444349449872969 0.8245456695556641 0.5444349449872969 0.833959235548973 0.5376953506469726 0.833959235548973
0 0.5071010208129882 0.8342535400390625 0.5140930944681166 0.8342535400390625 0.5140930944681166 0.8435111975669861 0.5071010208129882 0.8435111975669861
0 0.5805177307128906 0.5209339904785156 0.5882651144266127 0.5209339904785156 0.5882651144266127 0.5305603098869324 0.5805177307128906 0.5305603098869324
0 0.7944537353515625 0.45488777160644533 0.8034571307897569 0.45488777160644533 0.8034571307897569 0.4660188603401184 0.7944537353515625 0.4660188603401184
0 0.5534049987792968 0.729144058227539 0.5615362775325775 0.729144058227539 0.5615362775325775 0.7385684555768967 0.5534049987792968 0.7385684555768967
0 0.5233925247192383 0.5237654495239258 0.5316480028629302 0.5237654495239258 0.5316480028629302 0.5340549337863922 0.5233925247192383 0.5340549337863922
0 0.45372467041015624 0.7822993469238281 0.46100837647914883 0.7822993469238281 0.46100837647914883 0.7914316928386688 0.45372467041015624 0.7914316928386688
0 0.5177180862426758 0.6788993072509766 0.525722799897194 0.6788993072509766 0.525722799897194 0.689893857240677 0.5177180862426758 0.689893857240677
0 0.587130470275879 0.688550033569336 0.5951797181367875 0.688550033569336 0.5951797181367875 0.6992308700084686 0.587130470275879 0.6992308700084686
0 0.7998208618164062 0.7817981719970704 0.8079019284248351 0.7817981719970704 0.8079019284248351 0.7918600392341614 0.7998208618164062 0.7918600392341614
0 0.9008839416503907 0.46868339538574216 0.9085062980651856 0.46868339538574216 0.9085062980651856 0.477983192205429 0.9008839416503907 0.477983192205429
0 0.8986344909667969 0.6167345428466797 0.9053781658411026 0.6167345428466797 0.9053781658411026 0.6248391342163087 0.8986344909667969 0.6248391342163087
0 0.7717561340332031 0.8483199310302735 0.7792757010459899 0.8483199310302735 0.7792757010459899 0.8577256697416306 0.7717561340332031 0.8577256697416306
0 0.578401756286621 0.8240650177001954 0.5867201030254363 0.8240650177001954 0.5867201030254363 0.8340573108196259 0.578401756286621 0.8340573108196259
0 0.5136381149291992 0.6319529342651368 0.5212227976322173 0.6319529342651368 0.5212227976322173 0.6424380147457123 0.5136381149291992 0.6424380147457123
0 0.8462263488769531 0.5207120895385742 0.854529732465744 0.5207120895385742 0.854529732465744 0.5311250662803649 0.8462263488769531 0.5311250662803649
0 0.5416960144042968 0.6286513137817383 0.5492041665315627 0.6286513137817383 0.5492041665315627 0.638682861328125 0.5416960144042968 0.638682861328125
0 0.5455423355102539 0.7711170959472656 0.552850585579872 0.7711170959472656 0.552850585579872 0.7798106527328491 0.5455423355102539 0.7798106527328491
0 0.8080274963378906 0.6149183654785156 0.8155388420820237 0.6149183654785156 0.8155388420820237 0.624826379418373 0.8080274963378906 0.624826379418373
0 0.9130963134765625 0.7719969940185547 0.9196287906169891 0.7719969940185547 0.9196287906169891 0.7799952083826066 0.9130963134765625 0.7799952083826066
0 0.4509761428833008 0.45986007690429687 0.45860577404499053 0.45986007690429687 0.45860577404499053 0.4693768966197967 0.4509761428833008 0.4693768966197967
0 0.5978924179077149 0.629157371520996 0.6045612186193466 0.629157371520996 0.6045612186193466 0.6375819623470306 0.5978924179077149 0.6375819623470306
0 0.9155731201171875 0.6786717224121094 0.9221789932250977 0.6786717224121094 0.9221789932250977 0.6870073693990707 0.9155731201171875 0.6870073693990707
0 0.4997745513916015 0.5169773101806641 0.5070903128385543 0.5169773101806641 0.5070903128385543 0.5272812223434448 0.4997745513916015 0.5272812223434448
0 0.7687489318847657 0.6787996673583985 0.7749974060058594 0.6787996673583985 0.7749974060058594 0.6876749855279923 0.7687489318847657 0.6876749855279923
0 0.8179698944091797 0.8388034057617187 0.8253540837764739 0.8388034057617187 0.8253540837764739 0.8482364207506179 0.8179698944091797 0.8482364207506179
0 0.8095429992675781 0.6813005065917969 0.8173863124847411 0.6813005065917969 0.8173863124847411 0.6911385518312453 0.8095429992675781 0.6911385518312453
0 0.4886817932128906 0.4605400466918945 0.4959065341949463 0.4605400466918945 0.4959065341949463 0.47003472924232476 0.4886817932128906 0.47003472924232476
0 0.48922420501708985 0.7792906951904297 0.4968502283096314 0.7792906951904297 0.4968502283096314 0.7880375391244889 0.48922420501708985 0.7880375391244889
0 0.5480887603759765 0.514850845336914 0.5561299055814742 0.514850845336914 0.5561299055814742 0.5251130139827728 0.5480887603759765 0.5251130139827728
0 0.9170993804931641 0.8224311065673828 0.9244467240571977 0.8224311065673828 0.9244467240571977 0.8315058958530427 0.9170993804931641 0.8315058958530427
0 0.9090056610107422 0.5238688659667968 0.916419066786766 0.5238688659667968 0.916419066786766 0.5332901406288146 0.9090056610107422 0.5332901406288146
0 0.8488920593261718 0.6097471618652344 0.8550853532552719 0.6097471618652344 0.8550853532552719 0.618455502986908 0.8488920593261718 0.618455502986908
0 0.7761084747314453 0.5145904922485351 0.7846140670776367 0.5145904922485351 0.7846140670776367 0.5246896362304687 0.7761084747314453 0.5246896362304687
0 0.8908070373535156 0.6572443389892578 0.8979052132368087 0.6572443389892578 0.8979052132368087 0.6656818169355393 0.8908070373535156 0.6656818169355393
0 0.8507342529296875 0.7776588439941408 0.8573165279626846 0.7776588439941408 0.8573165279626846 0.7859867429733278 0.8507342529296875 0.7859867429733278
0 0.44406246185302733 0.6186416244506836 0.45183240890502935 0.6186416244506836 0.45183240890502935 0.62791319668293 0.44406246185302733 0.62791319668293
0 0.436867790222168 0.8283082580566407 0.44556828677654264 0.8283082580566407 0.44556828677654264 0.837670196890831 0.436867790222168 0.837670196890831
0 0.8343038177490234 0.47186138153076174 0.8422102361917495 0.47186138153076174 0.8422102361917495 0.48130242109298704 0.8343038177490234 0.48130242109298704
0 0.48113590240478515 0.6295793151855469 0.4893886303901673 0.6295793151855469 0.4893886303901673 0.6385980498790742 0.48113590240478515 0.6385980498790742
0 0.6030368804931641 0.5150235366821289 0.6113546359539032 0.5150235366821289 0.6113546359539032 0.526309940814972 0.6030368804931641 0.526309940814972
0 0.8788093566894531 0.7764788055419922 0.8843799382448198 0.7764788055419922 0.8843799382448198 0.7838592368364333 0.8788093566894531 0.7838592368364333
0 0.8836212921142578 0.5146701812744141 0.8907615774869918 0.5146701812744141 0.8907615774869918 0.5236888372898102 0.8836212921142578 0.5236888372898102
0 0.48294647216796877 0.8300462341308594 0.49042029201984405 0.8300462341308594 0.49042029201984405 0.8398180258274079 0.48294647216796877 0.8398180258274079
0 0.44798095703125 0.5187648391723633 0.4555632442235946 0.5187648391723633 0.4555632442235946 0.5274462205171586 0.44798095703125 0.5274462205171586
0 0.5528911209106445 0.8282015991210937 0.5604023486375809 0.8282015991210937 0.5604023486375809 0.8391740119457244 0.5528911209106445 0.8391740119457244
0 0.8607506561279297 0.6690882873535157 0.8688457983732223 0.6690882873535157 0.8688457983732223 0.6783579623699189 0.8607506561279297 0.6783579623699189
0 0.3787788772583008 0.8847615051269532 0.3843806272745133 0.8847615051269532 0.3843806272745133 0.8926657950878143 0.3787788772583008 0.8926657950878143
0 0.6165014427672735 0.4626549210068323 0.6247449809819299 0.4626549210068323 0.6247449809819299 0.47183813715269307 0.6165014427672735 0.47183813715269307
0 0.4759033187728539 0.6610123897574275 0.4841468569875104 0.6610123897574275 0.4841468569875104 0.6726444635421845 0.4759033187728539 0.6726444635421845
0 0.47727724180863 0.6806032508685972 0.48368888264225174 0.6806032508685972 0.48368888264225174 0.6940719678825266 0.47727724180863 0.6940719678825266
0 0.8543641582077348 0.8232492083343029 0.8648975681486847 0.8232492083343029 0.8648975681486847 0.83488128211906 0.8543641582077348 0.83488128211906
0 0.8754309780896348 0.6885620381950102 0.8845904649948088 0.6885620381950102 0.8845904649948088 0.6995818975700433 0.8754309780896348 0.6995818975700433
0 0.763685237846513 0.6267283828128801 0.7700968786801349 0.6267283828128801 0.7700968786801349 0.6395848854170854 0.763685237846513 0.6395848854170854
0 0.8754309780896348 0.6169329522572952 0.8836745163042914 0.6169329522572952 0.8836745163042914 0.6267283828128802 0.8754309780896348 0.6267283828128802
0 0.9207704382702456 0.6065253072919862 0.9271820791038671 0.6065253072919862 0.9271820791038671 0.6187695954864673 0.9207704382702456 0.6187695954864673
0 0.8754309780896348 0.45959384895821187 0.8850484393400674 0.45959384895821187 0.8850484393400674 0.47061370833324495 0.8754309780896348 0.47061370833324495
