0 0.4545389224775898 0.30784107012487355 0.46158932007391656 0.30784107012487355 0.46158932007391656 0.3178942795472006 0.4545389224775898 0.3178942795472006
0 0.4733399827344612 0.30878355850821676 0.48180045985005326 0.30878355850821676 0.48180045985005326 0.3172659539583052 0.4733399827344612 0.3172659539583052
0 0.4947261887766523 0.30784107012487355 0.50201159962619 0.30784107012487355 0.50201159962619 0.31820844234164836 0.4947261887766523 0.31820844234164836
0 0.5118821562610474 0.30784107012487355 0.5179925008445307 0.30784107012487355 0.5179925008445307 0.3213500702861256 0.5118821562610474 0.3213500702861256
0 0.5330333490500277 0.3081552329193213 0.5391436936335109 0.3081552329193213 0.5391436936335109 0.319779256313887 0.5330333490500277 0.319779256313887
0 0.458534147782175 0.3713019546033132 0.4660545718849235 0.3713019546033132 0.4660545718849235 0.3819834896145357 0.458534147782175 0.3819834896145357
0 0.4846206188885841 0.3643903731254634 0.4916710164849108 0.3643903731254634 0.4916710164849108 0.3757002337255813 0.4846206188885841 0.3757002337255813
0 0.5074169044500405 0.36344788474212014 0.5142322887931564 0.36344788474212014 0.5142322887931564 0.3753860709311335 0.5074169044500405 0.3753860709311335
0 0.5278630574793881 0.35904960561985205 0.5358535080885585 0.35904960561985205 0.5358535080885585 0.3713019546033132 0.5278630574793881 0.3713019546033132
0 0.5504243297876337 0.36156290797543383 0.5570047008775387 0.36156290797543383 0.5570047008775387 0.37004530342552233 0.5504243297876337 0.37004530342552233
0 0.4601792405546512 0.4680640952932113 0.4688747309234542 0.4680640952932113 0.4688747309234542 0.4796881186877769 0.4601792405546512 0.4796881186877769
0 0.48650072491427115 0.4727765372099271 0.4956662417894959 0.4727765372099271 0.4956662417894959 0.4825155838378065 0.48650072491427115 0.4825155838378065
0 0.5116471430078365 0.4759181651544043 0.5203426333766396 0.4759181651544043 0.5203426333766396 0.48659970016562687 0.5116471430078365 0.48659970016562687
0 0.5445489984573615 0.470577397648793 0.5513643828004773 0.470577397648793 0.5513643828004773 0.4812589326600156 0.5445489984573615 0.4812589326600156
0 0.5668752575123962 0.470577397648793 0.5769808274004646 0.470577397648793 0.5769808274004646 0.479688118687777 0.5668752575123962 0.479688118687777
0 0.4857956851546384 0.5286975146216215 0.49543122853628496 0.5286975146216215 0.49543122853628496 0.538122398455053 0.4857956851546384 0.538122398455053
0 0.5083569574628841 0.524613398293801 0.517052447831687 0.524613398293801 0.517052447831687 0.5368657472772621 0.5083569574628841 0.5368657472772621
0 0.5320932960371841 0.5189584679937421 0.5400837466463544 0.5189584679937421 0.5400837466463544 0.5312108169772033 0.5320932960371841 0.5312108169772033
0 0.5525394490665317 0.5180159796103989 0.5605298996757021 0.5180159796103989 0.5605298996757021 0.5290116774160691 0.5525394490665317 0.5290116774160691
0 0.45430390922437897 0.6179197482447741 0.4625293730867601 0.6179197482447741 0.4625293730867601 0.6270304692837579 0.45430390922437897 0.6270304692837579
0 0.482505499609686 0.6201188878059082 0.4881458176867473 0.6201188878059082 0.4881458176867473 0.6320570739949215 0.482505499609686 0.6320570739949215
0 0.5074169044500405 0.6182339110392219 0.5144673020463671 0.6182339110392219 0.5144673020463671 0.6301720972282352 0.5074169044500405 0.6301720972282352
0 0.530213190011497 0.6132073063280583 0.5370285743546128 0.6132073063280583 0.5370285743546128 0.6238888413392808 0.530213190011497 0.6238888413392808
0 0.5532444888261644 0.6110081667669243 0.5614699526885457 0.6110081667669243 0.5614699526885457 0.6238888413392808 0.5532444888261644 0.6238888413392808
0 0.45524396223722247 0.6732124000675729 0.4641744658592364 0.6732124000675729 0.4641744658592364 0.6848364234621387 0.45524396223722247 0.6848364234621387
0 0.48297552611610767 0.6735265628620207 0.4904959502188563 0.6735265628620207 0.4904959502188563 0.6851505862565862 0.48297552611610767 0.6851505862565862
0 0.5067118646904077 0.6801239815454226 0.5132922357803128 0.6801239815454226 0.5132922357803128 0.6930046561177794 0.5067118646904077 0.6930046561177794
0 0.5313882562775515 0.6750973768342593 0.5384386538738783 0.6750973768342593 0.5384386538738783 0.6851505862565862 0.5313882562775515 0.6851505862565862
0 0.5553596081050625 0.674154888450916 0.5626450189546001 0.674154888450916 0.5626450189546001 0.6838939350787955 0.5553596081050625 0.6838939350787955
0 0.46628958513813434 0.7825410525353799 0.47310496948125025 0.7825410525353799 0.47310496948125025 0.7916517735743638 0.46628958513813434 0.7916517735743638
0 0.49214104299133254 0.7831693781242752 0.5013065598665574 0.7831693781242752 0.5013065598665574 0.7932225875466024 0.49214104299133254 0.7932225875466024
0 0.5219877261491158 0.781284401357589 0.5290381237454427 0.781284401357589 0.5290381237454427 0.7925942619577069 0.5219877261491158 0.7925942619577069
0 0.5452540382169941 0.7784569362075594 0.5523044358133209 0.7784569362075594 0.5523044358133209 0.7888243084243342 0.5452540382169941 0.7888243084243342
0 0.5664052310059744 0.7831693781242752 0.5725155755894574 0.7831693781242752 0.5725155755894574 0.7932225875466024 0.5664052310059744 0.7932225875466024
0 0.4599442273014403 0.8362628903859401 0.46793467791061066 0.8362628903859401 0.46793467791061066 0.8444311230415811 0.4599442273014403 0.8444311230415811
0 0.5168174345784762 0.8340637508248061 0.5250428984408574 0.8340637508248061 0.5250428984408574 0.8434886346582378 0.5168174345784762 0.8434886346582378
0 0.5424338791784633 0.8324929368525674 0.5483092105087357 0.8324929368525674 0.5483092105087357 0.84317447186379 0.5424338791784633 0.84317447186379
0 0.5628800322078111 0.8306079600858811 0.5696954165509268 0.8306079600858811 0.5696954165509268 0.84317447186379 0.5628800322078111 0.84317447186379
0 0.5828561587307368 0.8321787740581198 0.5922566888591726 0.8321787740581198 0.5922566888591726 0.8412894950971038 0.5828561587307368 0.8412894950971038
