0 0.14319763450122466 0.02387637237802679 0.1483679260718643 0.02387637237802679 0.1483679260718643 0.03298709341701069 0.14319763450122466 0.03298709341701069
0 0.1641138140369941 0.02387637237802679 0.17069418512689907 0.02387637237802679 0.17069418512689907 0.034243744594801576 0.1641138140369941 0.034243744594801576
0 0.1930204441819338 0.02733216311695172 0.19866076225899518 0.02733216311695172 0.19866076225899518 0.03644288415593562 0.1930204441819338 0.03644288415593562
0 0.2155817164901794 0.02356220958357907 0.22451222011219332 0.02356220958357907 0.22451222011219332 0.029845465472533486 0.2155817164901794 0.029845465472533486
0 0.24754351892686072 0.02387637237802679 0.2555339695360311 0.02387637237802679 0.2555339695360311 0.031102116650324373 0.24754351892686072 0.031102116650324373
0 0.14413768751406825 0.07477074507855758 0.15095307185718412 0.07477074507855758 0.15095307185718412 0.08482395450088467 0.14413768751406825 0.08482395450088467
0 0.16834405259479013 0.07602739625634847 0.17562946344432778 0.07602739625634847 0.17562946344432778 0.08639476847312326 0.16834405259479013 0.08639476847312326
0 0.192550417675512 0.08011151258416885 0.19936580201862783 0.08011151258416885 0.19936580201862783 0.08859390803425729 0.192550417675512 0.08859390803425729
0 0.2155817164901794 0.07791237302303479 0.2235721670993498 0.07791237302303479 0.2235721670993498 0.08482395450088466 0.2155817164901794 0.08482395450088466
0 0.24613343940759538 0.07162911713408038 0.25083370447181325 0.07162911713408038 0.25083370447181325 0.08325314052864605 0.24613343940759538 0.08325314052864605
0 0.14061248871590487 0.16147967634612853 0.14695784655259894 0.16147967634612853 0.14695784655259894 0.1702762345906647 0.14061248871590487 0.1702762345906647
0 0.17092919838010995 0.1624221647294717 0.17727455621680402 0.1624221647294717 0.17727455621680402 0.17153288576845566 0.17092919838010995 0.17153288576845566
0 0.1953705767140427 0.1592805367849945 0.2021859610571586 0.1592805367849945 0.2021859610571586 0.1702762345906647 0.1953705767140427 0.1702762345906647
0 0.22122203456724082 0.16650628105729207 0.2280374189103567 0.16650628105729207 0.2280374189103567 0.17718781606851455 0.22122203456724082 0.17718781606851455
0 0.2487185851929152 0.16430714149615805 0.2543589032699766 0.16430714149615805 0.2543589032699766 0.17530283930182824 0.2487185851929152 0.17530283930182824
0 0.14155254172874845 0.21928563052450917 0.14977800559112966 0.21928563052450917 0.14977800559112966 0.22462639803012047 0.14155254172874845 0.22462639803012047
0 0.1516581116168168 0.2126882118411071 0.15917853571956536 0.2126882118411071 0.15917853571956536 0.2211706072911955 0.1516581116168168 0.2211706072911955
0 0.20312601407000216 0.22525472361901588 0.2113514779323834 0.22525472361901588 0.2113514779323834 0.23405128186355206 0.20312601407000216 0.23405128186355206
0 0.23297269722778544 0.21740065375782286 0.2400230948241122 0.21740065375782286 0.2400230948241122 0.22871051435794085 0.23297269722778544 0.22871051435794085
0 0.26258436713235783 0.22274142126343416 0.2691647382222627 0.22274142126343416 0.2691647382222627 0.23499377024689524 0.26258436713235783 0.23499377024689524
0 0.1399074489562722 0.31918939915888445 0.14648782004617716 0.31918939915888445 0.14648782004617716 0.3311275853478979 0.1399074489562722 0.3311275853478979
0 0.16176368150488515 0.32138853872001844 0.17069418512689907 0.32138853872001844 0.17069418512689907 0.33081342255345014 0.16176368150488515 0.33081342255345014
0 0.18526500682597435 0.31667609680330266 0.19372548394156644 0.31667609680330266 0.19372548394156644 0.32830012019786836 0.18526500682597435 0.32830012019786836
0 0.22098702131402995 0.3245301666644957 0.22686235264430227 0.3245301666644957 0.22686235264430227 0.3355258644701659 0.22098702131402995 0.3355258644701659
0 0.2541238900167657 0.32233102710336164 0.2607042611066707 0.32233102710336164 0.2607042611066707 0.334269213292375 0.2541238900167657 0.334269213292375
0 0.14037747546269397 0.36788463229828117 0.14719285980580984 0.36788463229828117 0.14719285980580984 0.3785661673095036 0.14037747546269397 0.3785661673095036
0 0.1634087742773614 0.3719687486261016 0.1697541321140555 0.3719687486261016 0.1697541321140555 0.3817077952539808 0.1634087742773614 0.3817077952539808
0 0.18526500682597435 0.36819879509272885 0.19443052370119915 0.36819879509272885 0.19443052370119915 0.37573870215947414 0.18526500682597435 0.37573870215947414
0 0.2104114249195398 0.36537132994269944 0.21558171649017943 0.36537132994269944 0.21558171649017943 0.37919449289839907 0.2104114249195398 0.37919449289839907
0 0.2320326442149419 0.3697696090649675 0.23837800205163598 0.3697696090649675 0.23837800205163598 0.3807653068706377 0.2320326442149419 0.3807653068706377
0 0.13262203810673456 0.47281500564381995 0.14131752847553758 0.47281500564381995 0.14131752847553758 0.48192572668280387 0.13262203810673456 0.48192572668280387
0 0.15518331041498012 0.4718725172604762 0.16434882729020495 0.4718725172604762 0.16434882729020495 0.48066907550501287 0.15518331041498012 0.48066907550501287
0 0.17727455621680405 0.4731291684382677 0.1840899405599199 0.4731291684382677 0.1840899405599199 0.48035491271056513 0.17727455621680405 0.48035491271056513
0 0.19842574900578433 0.4731291684382677 0.20618118636174376 0.4731291684382677 0.20618118636174376 0.4831823778605947 0.19842574900578433 0.4831823778605947
0 0.22521725987182598 0.4746999824105063 0.23367773698741812 0.4746999824105063 0.23367773698741812 0.4834965406550425 0.22521725987182598 0.4834965406550425
0 0.13614723690489794 0.525594355111037 0.14437270076727915 0.525594355111037 0.14437270076727915 0.5347050761500209 0.13614723690489794 0.5347050761500209
0 0.16129365499846338 0.5303067970277529 0.16716898632873567 0.5303067970277529 0.16716898632873567 0.5416166576278708 0.16129365499846338 0.5416166576278708
0 0.18244484778744366 0.5246518667276938 0.18926023213055954 0.5246518667276938 0.18926023213055954 0.536904215711155 0.18244484778744366 0.536904215711155
0 0.20336102732321304 0.5249660295221417 0.2111164646791725 0.5249660295221417 0.2111164646791725 0.5356475645333642 0.20336102732321304 0.5356475645333642
0 0.23015253818925474 0.5274793318777233 0.23978808157090134 0.5274793318777233 0.23978808157090134 0.5375325413000505 0.23015253818925474 0.5375325413000505
0 0.13207744830452134 0.6198431934453533 0.14053792542011342 0.6198431934453533 0.14053792542011342 0.6295822400732326 0.13207744830452134 0.6295822400732326
0 0.13795277963479363 0.6735650312959136 0.14453315072469863 0.6735650312959136 0.14453315072469863 0.684560729101584 0.13795277963479363 0.684560729101584
0 0.15440370735955605 0.6575427287790798 0.16192413146230458 0.6575427287790798 0.16192413146230458 0.6675959382014068 0.15440370735955605 0.6675959382014068
0 0.15792890615771946 0.617958216678667 0.16262917122193726 0.617958216678667 0.16262917122193726 0.6283255888954418 0.15792890615771946 0.6283255888954418
0 0.17602492665495814 0.6198431934453533 0.1830753242512849 0.6198431934453533 0.1830753242512849 0.6298964028676804 0.17602492665495814 0.6298964028676804
0 0.1830753242512849 0.6672817754069591 0.19247585437972056 0.6672817754069591 0.19247585437972056 0.6789057988015247 0.1830753242512849 0.6789057988015247
0 0.20822174234485033 0.6242414725676214 0.21597717970080973 0.6242414725676214 0.21597717970080973 0.6333521936066053 0.20822174234485033 0.6333521936066053
0 0.21315702066227907 0.6732508685014658 0.21950237849897314 0.6732508685014658 0.21950237849897314 0.683304077923793 0.21315702066227907 0.683304077923793
0 0.23454322670447023 0.6710517289403319 0.24229866406042969 0.6710517289403319 0.24229866406042969 0.680162449979316 0.23454322670447023 0.680162449979316
0 0.23994853152832074 0.6220423330064874 0.24817399539070195 0.6220423330064874 0.24817399539070195 0.6346088447843962 0.23994853152832074 0.6346088447843962
0 0.13442758083663023 0.772212148752498 0.14006789891369165 0.772212148752498 0.14006789891369165 0.7835220093526158 0.13442758083663023 0.7835220093526158
0 0.15111352181460358 0.7788095674359002 0.15769389290450855 0.7788095674359002 0.15769389290450855 0.7898052652415704 0.15111352181460358 0.7898052652415704
0 0.13724773987516095 0.8237348470419241 0.14312307120543324 0.8237348470419241 0.14312307120543324 0.8322172424920127 0.13724773987516095 0.8322172424920127
0 0.15745887965129765 0.8281331261641923 0.16333421098156994 0.8281331261641923 0.16333421098156994 0.8385004983809671 0.15745887965129765 0.8385004983809671
0 0.17790503268064525 0.8322172424920127 0.1851904435301829 0.8322172424920127 0.1851904435301829 0.8413279635309965 0.17790503268064525 0.8413279635309965
0 0.17296975436321652 0.777552916258109 0.1793151121999106 0.777552916258109 0.1793151121999106 0.7898052652415702 0.17296975436321652 0.7898052652415702
0 0.1962360664310948 0.8350447076420423 0.20446153029347605 0.8350447076420423 0.20446153029347605 0.8413279635309967 0.1962360664310948 0.8413279635309967
0 0.2096318218641157 0.8375580099976238 0.217622272473286 0.8375580099976238 0.217622272473286 0.8469828938310556 0.2096318218641157 0.8469828938310556
0 0.20117134474852358 0.7762962650803182 0.20751670258521768 0.7762962650803182 0.20751670258521768 0.7860353117081976 0.20117134474852358 0.7860353117081976
0 0.22185251103108208 0.7766104278747661 0.22984296164025242 0.7766104278747661 0.22984296164025242 0.7888627768582274 0.22185251103108208 0.7888627768582274
0 0.2472339423778584 0.833788056464251 0.2559294327466614 0.833788056464251 0.2559294327466614 0.847611219419951 0.2472339423778584 0.847611219419951
0 0.45094110505421076 0.0004181506794099166 0.45782276313473214 0.0004181506794099166 0.45782276313473214 0.007944862908788415 0.45094110505421076 0.007944862908788415
0 0.46970926345563263 0.003345205435279333 0.4769037241761777 0.003345205435279333 0.4769037241761777 0.013380821741117332 0.46970926345563263 0.013380821741117332
0 0.4947334746575284 0.008363013588198333 0.5006767248179786 0.008363013588198333 0.5006767248179786 0.016307876496986746 0.4947334746575284 0.016307876496986746
0 0.517880870019282 0.003345205435279333 0.524136922819756 0.003345205435279333 0.524136922819756 0.010453766985247918 0.517880870019282 0.010453766985247918
0 0.5397770548209408 0.006690410870558666 0.547909923461557 0.006690410870558666 0.547909923461557 0.012962671061707412 0.5397770548209408 0.012962671061707412
0 0.45375632881442407 0.05895924579679824 0.46126359217499274 0.05895924579679824 0.46126359217499274 0.06481335530853706 0.45375632881442407 0.06481335530853706
0 0.4740885004159644 0.05728664307915857 0.48097015849648583 0.05728664307915857 0.48097015849648583 0.06523150598794698 0.4740885004159644 0.06523150598794698
0 0.49786150105776544 0.05017808152919 0.5047431591382867 0.05017808152919 0.5047431591382867 0.05770479375856848 0.49786150105776544 0.05770479375856848
0 0.5188192779393531 0.05101438288800982 0.5241369228197561 0.05101438288800982 0.5241369228197561 0.060213697835027995 0.5188192779393531 0.060213697835027995
0 0.5429050812211779 0.049759930849780074 0.5504123445817466 0.049759930849780074 0.5504123445817466 0.05770479375856848 0.5429050812211779 0.05770479375856848
0 0.45031549977416335 0.15429760070225923 0.4559459472945899 0.15429760070225923 0.4559459472945899 0.1639150663286873 0.45031549977416335 0.1639150663286873
0 0.47064767137570374 0.14844349119052042 0.47784213209624876 0.14844349119052042 0.47784213209624876 0.15847910749635838 0.47064767137570374 0.15847910749635838
0 0.4916054482572914 0.15429760070225923 0.49754869841774163 0.15429760070225923 0.49754869841774163 0.16516951836691707 0.4916054482572914 0.16516951836691707
0 0.4484386839340212 0.21032979174318803 0.4556331446545663 0.21032979174318803 0.4556331446545663 0.2216198600872558 0.4484386839340212 0.2216198600872558
0 0.46751964497546683 0.21074794242259795 0.4740885004159644 0.21074794242259795 0.4740885004159644 0.22078355872843597 0.46751964497546683 0.22078355872843597
0 0.5109992119387606 0.15178869662579972 0.517880870019282 0.15178869662579972 0.517880870019282 0.16266061429045756 0.5109992119387606 0.16266061429045756
0 0.48472379017677014 0.2048938329108591 0.4928566588173863 0.2048938329108591 0.4928566588173863 0.21158424378141782 0.48472379017677014 0.21158424378141782
0 0.5081839881785474 0.20238492883439962 0.5163168568191636 0.20238492883439962 0.5163168568191636 0.21116609310200785 0.5081839881785474 0.21116609310200785
0 0.5269521465799691 0.19987602475794014 0.5338338046604907 0.19987602475794014 0.5338338046604907 0.21074794242259795 0.5269521465799691 0.21074794242259795
0 0.5325825941003959 0.15220684730520964 0.5394642521809171 0.15220684730520964 0.5394642521809171 0.16266061429045756 0.5325825941003959 0.16266061429045756
0 0.44812588129399755 0.3190489683897663 0.4562587499346136 0.3190489683897663 0.4562587499346136 0.3278301326573746 0.44812588129399755 0.3278301326573746
0 0.4759653162561066 0.3182126670309465 0.4825341716966042 0.3182126670309465 0.4825341716966042 0.32908458469560437 0.4759653162561066 0.32908458469560437
0 0.4559459472945899 0.3700633512777762 0.46376601329518236 0.3700633512777762 0.46376601329518236 0.3788445155453844 0.4559459472945899 0.3788445155453844
0 0.4812829611365094 0.3667181458424969 0.49004143505717296 0.3667181458424969 0.49004143505717296 0.3754993101101052 0.4812829611365094 0.3754993101101052
0 0.5038047512182157 0.30943150276333825 0.5106864092987369 0.30943150276333825 0.5106864092987369 0.3203034204279961 0.5038047512182157 0.3203034204279961
0 0.5047431591382868 0.35960958429252826 0.5122504224988556 0.35960958429252826 0.5122504224988556 0.3692270499189564 0.5047431591382868 0.3692270499189564
0 0.5282033571400641 0.35459177613960924 0.5347722125805615 0.35459177613960924 0.5347722125805615 0.3646273924454472 0.5282033571400641 0.3646273924454472
0 0.5282033571400641 0.3085952014045184 0.534459409940538 0.3085952014045184 0.534459409940538 0.3198852697485861 0.5282033571400641 0.3198852697485861
0 0.5563555947421969 0.31110410548097794 0.562298844902647 0.31110410548097794 0.562298844902647 0.3236486258632754 0.5563555947421969 0.3236486258632754
0 0.5488483313816281 0.3533373241013795 0.5582324105823391 0.3533373241013795 0.5582324105823391 0.3650455431248571 0.5488483313816281 0.3650455431248571
0 0.4500026971341397 0.4687469116185165 0.45782276313473214 0.4687469116185165 0.45782276313473214 0.48003697996258426 0.4500026971341397 0.48003697996258426
0 0.47752932945622495 0.4716739663743859 0.48628780337688854 0.4716739663743859 0.48628780337688854 0.48045513064199413 0.47752932945622495 0.48045513064199413
0 0.4937950667374573 0.4691650622979265 0.5019279353780735 0.4691650622979265 0.5019279353780735 0.4787825279243545 0.4937950667374573 0.4787825279243545
0 0.5194448832194004 0.466238007542057 0.5269521465799691 0.466238007542057 0.5269521465799691 0.47627362384789496 0.5194448832194004 0.47627362384789496
0 0.5425922785811541 0.46665615822146683 0.5516635551418414 0.46665615822146683 0.5516635551418414 0.4758554731684851 0.5425922785811541 0.4758554731684851
0 0.4506283024141871 0.5235246506212156 0.4559459472945899 0.5235246506212156 0.4559459472945899 0.5348147189652834 0.4506283024141871 0.5348147189652834
0 0.47440130305598804 0.521433897224166 0.4794061452963672 0.521433897224166 0.4794061452963672 0.5331421162476437 0.47440130305598804 0.5331421162476437
0 0.5038047512182157 0.5189249931477065 0.5091223960986184 0.5189249931477065 0.5091223960986184 0.5310513628505941 0.5038047512182157 0.5310513628505941
0 0.5231985148996848 0.5201794451859363 0.5294545677001588 0.5201794451859363 0.5294545677001588 0.531469513530004 0.5231985148996848 0.531469513530004
0 0.5504123445817466 0.5210157465447561 0.5572940026622678 0.5210157465447561 0.5572940026622678 0.5310513628505941 0.5504123445817466 0.5310513628505941
0 0.4559459472945899 0.626389717756055 0.46188919745504015 0.626389717756055 0.46188919745504015 0.6376797861001227 0.4559459472945899 0.6376797861001227
0 0.4712732766557511 0.6280623204736947 0.4784677373762961 0.6280623204736947 0.4784677373762961 0.6368434847413028 0.4712732766557511 0.6368434847413028
0 0.49848710633781274 0.626389717756055 0.5056815670583578 0.626389717756055 0.5056815670583578 0.6347527313442533 0.49848710633781274 0.6347527313442533
0 0.5197576858594242 0.6280623204736947 0.526013738659898 0.6280623204736947 0.526013738659898 0.6380979367795326 0.5197576858594242 0.6380979367795326
0 0.5394642521809171 0.6268078684354649 0.5485355287416043 0.6268078684354649 0.5485355287416043 0.6355890327030731 0.5394642521809171 0.6355890327030731
0 0.45094110505421076 0.6794948540411144 0.45813556577475584 0.6794948540411144 0.45813556577475584 0.6907849223851821 0.45094110505421076 0.6907849223851821
0 0.47440130305598804 0.6832582101558036 0.48315977697665163 0.6832582101558036 0.48315977697665163 0.6920393744234119 0.47440130305598804 0.6920393744234119
0 0.4972358957777179 0.6866034155910828 0.5063071723384053 0.6866034155910828 0.5063071723384053 0.6937119771410516 0.4972358957777179 0.6937119771410516
0 0.524136922819756 0.6778222513234747 0.5310185809002771 0.6778222513234747 0.5310185809002771 0.6874397169499027 0.524136922819756 0.6874397169499027
0 0.5425922785811541 0.6794948540411144 0.5485355287416043 0.6794948540411144 0.5485355287416043 0.6903667717057724 0.5425922785811541 0.6903667717057724
0 0.4556331446545661 0.7844506745730035 0.4625148027350875 0.7844506745730035 0.4625148027350875 0.7953225922376614 0.4556331446545661 0.7953225922376614
0 0.4784677373762961 0.7785965650612646 0.48566219809684125 0.7785965650612646 0.48566219809684125 0.7882140306876928 0.4784677373762961 0.7882140306876928
0 0.5022407380180971 0.7815236198171341 0.5103736066587132 0.7815236198171341 0.5103736066587132 0.7903047840847423 0.5022407380180971 0.7903047840847423
0 0.5303929756202299 0.7819417704965439 0.5347722125805615 0.7819417704965439 0.5347722125805615 0.7923955374817918 0.5303929756202299 0.7923955374817918
0 0.5466587129014622 0.7831962225347737 0.5544787789020545 0.7831962225347737 0.5544787789020545 0.7911410854435621 0.5466587129014622 0.7911410854435621
0 0.45406913145444777 0.8379739615374727 0.4609507895349691 0.8379739615374727 0.4609507895349691 0.847173276484491 0.45406913145444777 0.847173276484491
0 0.4781549347362724 0.8354650574610133 0.4856621980968412 0.8354650574610133 0.4856621980968412 0.8450825230874413 0.4781549347362724 0.8450825230874413
0 0.5009895274580023 0.8287746465904546 0.5081839881785473 0.8287746465904546 0.5081839881785473 0.8383921122168828 0.5009895274580023 0.8383921122168828
0 0.5325825941003958 0.826683893193405 0.5379002389807986 0.826683893193405 0.5379002389807986 0.8375558108580629 0.5325825941003958 0.8375558108580629
0 0.5554171868221257 0.832119852025734 0.5626116475426708 0.832119852025734 0.5626116475426708 0.8409010162933422 0.5554171868221257 0.8409010162933422
