0 0.16604154586791992 0.21728925704956054 0.17356967329978942 0.21728925704956054 0.17356967329978942 0.2271903336048126 0.16604154586791992 0.2271903336048126
0 0.53251708984375 0.1554603672027588 0.5401303976774217 0.1554603672027588 0.5401303976774217 0.16538668394088746 0.53251708984375 0.16538668394088746
0 0.476090202331543 0.3202602767944336 0.4838508635759353 0.3202602767944336 0.4838508635759353 0.330551381111145 0.476090202331543 0.330551381111145
0 0.1622345542907715 0.32167980194091794 0.1693569487333298 0.32167980194091794 0.1693569487333298 0.33143240153789516 0.1622345542907715 0.33143240153789516
0 0.5230444717407227 0.5223713684082031 0.5299921888113022 0.5223713684082031 0.5299921888113022 0.531767817735672 0.5230444717407227 0.531767817735672
0 0.524722671508789 0.6786444854736328 0.5317336118221282 0.6786444854736328 0.5317336118221282 0.6875057309865951 0.524722671508789 0.6875057309865951
0 0.5088483428955078 0.20589431762695312 0.5160140001773834 0.20589431762695312 0.5160140001773834 0.2140408307313919 0.5088483428955078 0.2140408307313919
0 0.49792629241943354 0.6262791442871094 0.5064528208971024 0.6262791442871094 0.5064528208971024 0.6359709656238556 0.49792629241943354 0.6359709656238556
0 0.19717758178710937 0.8345243835449219 0.20410697937011718 0.8345243835449219 0.20410697937011718 0.8431890040636063 0.19717758178710937 0.8431890040636063
0 0.5395213317871094 0.6264904022216797 0.5482128679752349 0.6264904022216797 0.5482128679752349 0.6361256158351898 0.5395213317871094 0.6361256158351898
0 0.141712646484375 0.21853235244750976 0.14949359416961672 0.21853235244750976 0.14949359416961672 0.22712188482284545 0.141712646484375 0.22712188482284545
0 0.47771507263183594 0.4714410018920898 0.48575491666793824 0.4714410018920898 0.48575491666793824 0.4806662046909332 0.47771507263183594 0.4806662046909332
0 0.4858266067504883 0.2073606300354004 0.4932253748178482 0.2073606300354004 0.4932253748178482 0.21605230927467348 0.4858266067504883 0.21605230927467348
0 0.5476992034912109 0.7831124877929687 0.5553183662891387 0.7831124877929687 0.5553183662891387 0.7918196427822114 0.5476992034912109 0.7918196427822114
0 0.5552385711669922 0.3125554275512695 0.5636154097318649 0.3125554275512695 0.5636154097318649 0.323088161945343 0.5552385711669922 0.323088161945343
0 0.4545566940307617 0.06312676906585693 0.46188842415809633 0.06312676906585693 0.46188842415809633 0.0712419694662094 0.4545566940307617 0.0712419694662094
0 0.13953733444213867 0.3209724044799805 0.14615812599658967 0.3209724044799805 0.14615812599658967 0.33043067932128906 0.13953733444213867 0.33043067932128906
0 0.23348052978515624 0.21880054473876953 0.2406184786558151 0.21880054473876953 0.2406184786558151 0.2281668519973755 0.23348052978515624 0.2281668519973755
0 0.49210037231445314 0.1577914047241211 0.4983133018016816 0.1577914047241211 0.4983133018016816 0.16759640216827393 0.49210037231445314 0.16759640216827393
0 0.5027468109130859 0.780948486328125 0.5108132100105286 0.780948486328125 0.5108132100105286 0.7911664986610413 0.5027468109130859 0.7911664986610413
0 0.1633584403991699 0.3728951644897461 0.16985510647296903 0.3728951644897461 0.16985510647296903 0.3820790976285935 0.1633584403991699 0.3820790976285935
0 0.4749806594848633 0.06294195652008057 0.481665221452713 0.06294195652008057 0.481665221452713 0.07110546350479126 0.4749806594848633 0.07110546350479126
0 0.52935791015625 0.7823880767822265 0.5358841180801392 0.7823880767822265 0.5358841180801392 0.7924598264694214 0.52935791015625 0.7924598264694214
0 0.49503368377685547 0.4701965713500977 0.5022927272319794 0.4701965713500977 0.5022927272319794 0.47906418085098273 0.49503368377685547 0.47906418085098273
0 0.2182193374633789 0.021259684562683106 0.2250685083866119 0.021259684562683106 0.2250685083866119 0.028722719550132753 0.2182193374633789 0.028722719550132753
0 0.20827508926391602 0.6246048736572266 0.21622092604637147 0.6246048736572266 0.21622092604637147 0.6345500463247299 0.20827508926391602 0.6345500463247299
0 0.24787351608276367 0.16439033508300782 0.2550144076347351 0.16439033508300782 0.2550144076347351 0.17503844022750856 0.24787351608276367 0.17503844022750856
0 0.2488991737365723 0.8364311218261717 0.25607618629932405 0.8364311218261717 0.25607618629932405 0.8457109957933425 0.2488991737365723 0.8457109957933425
0 0.22019651412963867 0.32491092681884765 0.22748023509979248 0.32491092681884765 0.22748023509979248 0.33468358814716337 0.22019651412963867 0.33468358814716337
0 0.1592100429534912 0.5313045120239258 0.16638134837150573 0.5313045120239258 0.16638134837150573 0.5417218768596649 0.1592100429534912 0.5417218768596649
0 0.49799003601074227 0.6860842132568359 0.5059077507257462 0.6860842132568359 0.5059077507257462 0.6946915936470032 0.49799003601074227 0.6946915936470032
0 0.4715766143798828 0.6276494598388672 0.47931066155433655 0.6276494598388672 0.47931066155433655 0.6371377778053284 0.4715766143798828 0.6371377778053284
0 0.17233404159545898 0.7784862518310547 0.17979677200317384 0.7784862518310547 0.17979677200317384 0.7882245218753815 0.17233404159545898 0.7882245218753815
0 0.2038895606994629 0.22546440124511719 0.2117794781923294 0.22546440124511719 0.2117794781923294 0.23493295431137085 0.2038895606994629 0.23493295431137085
0 0.5496839141845703 0.5220526885986329 0.5576351624727249 0.5220526885986329 0.5576351624727249 0.5315884828567505 0.5496839141845703 0.5315884828567505
0 0.4509455108642578 0.47008235931396486 0.45823383033275605 0.47008235931396486 0.45823383033275605 0.4802782344818115 0.4509455108642578 0.4802782344818115
0 0.18584869384765626 0.3727407455444336 0.19334744215011598 0.3727407455444336 0.19334744215011598 0.38110113859176636 0.18584869384765626 0.38110113859176636
0 0.4790035247802734 0.7791958618164062 0.48654648244380955 0.7791958618164062 0.48654648244380955 0.788616464138031 0.4790035247802734 0.788616464138031
0 0.1344124698638916 0.7742971038818359 0.14076661705970767 0.7742971038818359 0.14076661705970767 0.7826909399032592 0.1344124698638916 0.7826909399032592
0 0.17821865081787108 0.8319541931152343 0.18472247302532196 0.8319541931152343 0.18472247302532196 0.8405222010612489 0.17821865081787108 0.8405222010612489
0 0.2399577331542969 0.6245005416870117 0.24707854568958285 0.6245005416870117 0.24707854568958285 0.634325225353241 0.2399577331542969 0.634325225353241
0 0.5557371520996094 0.8322191619873047 0.5632754671573639 0.8322191619873047 0.5632754671573639 0.8406051713228225 0.5557371520996094 0.8406051713228225
0 0.45398357391357425 0.8379600524902344 0.4609153521060944 0.8379600524902344 0.4609153521060944 0.8470411664247512 0.45398357391357425 0.8470411664247512
0 0.503067512512207 0.5204789733886719 0.5106780999898911 0.5204789733886719 0.5106780999898911 0.5310738706588746 0.503067512512207 0.5310738706588746
0 0.4709996032714844 0.010085058212280274 0.4782745856046677 0.010085058212280274 0.4782745856046677 0.018603219389915465 0.4709996032714844 0.018603219389915465
0 0.1712135124206543 0.16200515747070313 0.17804199814796448 0.16200515747070313 0.17804199814796448 0.17208452701568602 0.1712135124206543 0.17208452701568602
0 0.45115821838378906 0.6804875946044922 0.4582115936279297 0.6804875946044922 0.4582115936279297 0.6904964900016785 0.45115821838378906 0.6904964900016785
0 0.1847209167480469 0.6695825958251953 0.19224367737770084 0.6695825958251953 0.19224367737770084 0.6789999568462372 0.1847209167480469 0.6789999568462372
0 0.5318646621704102 0.8278543853759766 0.5387443059682846 0.8278543853759766 0.5387443059682846 0.8374301844835281 0.5318646621704102 0.8374301844835281
0 0.15493062973022462 0.4720518112182618 0.16165934145450592 0.4720518112182618 0.16165934145450592 0.4805201625823975 0.15493062973022462 0.4805201625823975
0 0.5187369918823242 0.4671133041381835 0.5273076409101486 0.4671133041381835 0.5273076409101486 0.4770401740074157 0.5187369918823242 0.4770401740074157
0 0.54972900390625 0.35665733337402344 0.5574582904577255 0.35665733337402344 0.5574582904577255 0.36603421509265904 0.54972900390625 0.36603421509265904
0 0.505676383972168 0.36183250427246094 0.5126665651798248 0.36183250427246094 0.5126665651798248 0.37120337724685676 0.505676383972168 0.37120337724685676
0 0.21038850784301757 0.36813255310058596 0.2172178953886032 0.36813255310058596 0.2172178953886032 0.3777128982543945 0.21038850784301757 0.3777128982543945
0 0.5429712295532226 0.46702903747558594 0.5516889071464538 0.46702903747558594 0.5516889071464538 0.4766024649143219 0.5429712295532226 0.4766024649143219
0 0.21799270629882814 0.07603626251220703 0.22553391933441166 0.07603626251220703 0.22553391933441166 0.08484856903553009 0.21799270629882814 0.08484856903553009
0 0.2321825408935547 0.37163219451904295 0.23942052960395813 0.37163219451904295 0.23942052960395813 0.381462886929512 0.2321825408935547 0.381462886929512
0 0.170887508392334 0.07596803188323975 0.17793924272060394 0.07596803188323975 0.17793924272060394 0.08494896054267885 0.170887508392334 0.08494896054267885
0 0.4717177963256836 0.1529552936553955 0.47875878095626834 0.1529552936553955 0.47875878095626834 0.16234081268310546 0.4717177963256836 0.16234081268310546
0 0.22190656661987304 0.16684566497802733 0.22934129357337948 0.16684566497802733 0.22934129357337948 0.17720254778862 0.22190656661987304 0.17720254778862
0 0.21298805236816407 0.6736477661132813 0.22057081282138824 0.6736477661132813 0.22057081282138824 0.684146603345871 0.21298805236816407 0.684146603345871
0 0.4796319580078125 0.8365637969970704 0.4865299952030182 0.8365637969970704 0.4865299952030182 0.8457049977779388 0.4796319580078125 0.8457049977779388
0 0.46800128936767577 0.21477910995483399 0.4744322776794434 0.21477910995483399 0.4744322776794434 0.22437427937984467 0.46800128936767577 0.22437427937984467
0 0.1572764492034912 0.6189960479736328 0.16357714653015135 0.6189960479736328 0.16357714653015135 0.6281804555654525 0.1572764492034912 0.6281804555654525
0 0.4824604797363281 0.36744361877441406 0.4901344680786132 0.36744361877441406 0.4901344680786132 0.37665190279483796 0.4824604797363281 0.37665190279483796
0 0.5201031494140625 0.6286946487426758 0.5272531932592393 0.6286946487426758 0.5272531932592393 0.6381230384111404 0.5201031494140625 0.6381230384111404
0 0.13132288932800293 0.4730179977416992 0.1393708950281143 0.4730179977416992 0.1393708950281143 0.4822798454761505 0.13132288932800293 0.4822798454761505
0 0.1658540725708008 0.02394400835037231 0.17246197104454042 0.02394400835037231 0.17246197104454042 0.031967957019805905 0.1658540725708008 0.031967957019805905
0 0.455919189453125 0.6288205337524414 0.46240665853023527 0.6288205337524414 0.46240665853023527 0.637491083741188 0.455919189453125 0.637491083741188
0 0.18484189987182617 0.3184783363342285 0.1927292150259018 0.3184783363342285 0.1927292150259018 0.32847671687603 0.18484189987182617 0.32847671687603
0 0.15462059020996094 0.6593023681640625 0.16158890366554263 0.6593023681640625 0.16158890366554263 0.6682397890090942 0.15462059020996094 0.6682397890090942
0 0.5416325378417969 0.011487139463424683 0.5495072555541991 0.011487139463424683 0.5495072555541991 0.01957737386226654 0.5416325378417969 0.01957737386226654
0 0.23469463348388672 0.6712751770019532 0.2422439193725586 0.6712751770019532 0.2422439193725586 0.6798967093229293 0.23469463348388672 0.6798967093229293
0 0.4483804702758789 0.21590953826904297 0.45577421128749845 0.21590953826904297 0.45577421128749845 0.22568838596343993 0.4483804702758789 0.22568838596343993
0 0.15149768829345703 0.7797380828857422 0.15842118620872497 0.7797380828857422 0.15842118620872497 0.7895487725734711 0.15149768829345703 0.7895487725734711
0 0.1576541519165039 0.8282186889648437 0.1641268354654312 0.8282186889648437 0.1641268354654312 0.8373470026254654 0.1576541519165039 0.8373470026254654
0 0.14001630783081054 0.36875453948974607 0.14677824318408964 0.36875453948974607 0.14677824318408964 0.3782189416885376 0.14001630783081054 0.3782189416885376
0 0.22276016235351562 0.7796728515625 0.23013741731643675 0.7796728515625 0.23013741731643675 0.7888454395532608 0.22276016235351562 0.7888454395532608
0 0.2295701789855957 0.5274412536621094 0.2384987735748291 0.5274412536621094 0.2384987735748291 0.5383328664302826 0.2295701789855957 0.5383328664302826
0 0.44840782165527343 0.3198993492126465 0.45663709938526154 0.3198993492126465 0.45663709938526154 0.32993587732315066 0.44840782165527343 0.32993587732315066
0 0.5276812362670898 0.30919853210449216 0.5356959450244904 0.30919853210449216 0.5356959450244904 0.31958982706069944 0.5276812362670898 0.31958982706069944
0 0.14596678733825683 0.0758406639099121 0.15324831962585447 0.0758406639099121 0.15324831962585447 0.08520928859710693 0.14596678733825683 0.08520928859710693
0 0.5033564758300781 0.31151613235473635 0.5113666301965712 0.31151613235473635 0.5113666301965712 0.32194173932075504 0.5033564758300781 0.32194173932075504
0 0.1452132511138916 0.023122818470001222 0.15089845120906828 0.023122818470001222 0.15089845120906828 0.031088874936103822 0.1452132511138916 0.031088874936103822
0 0.49860027313232425 0.05532623767852783 0.5059416431188584 0.05532623767852783 0.5059416431188584 0.06402255654335022 0.49860027313232425 0.06402255654335022
0 0.5111158752441406 0.15550226211547852 0.5186224895715713 0.15550226211547852 0.5186224895715713 0.166076819896698 0.5111158752441406 0.166076819896698
0 0.2096171760559082 0.8386705780029297 0.21664980709552764 0.8386705780029297 0.21664980709552764 0.8468789368867875 0.2096171760559082 0.8468789368867875
0 0.22388721466064454 0.4745360946655273 0.23283287167549135 0.4745360946655273 0.23283287167549135 0.484970576763153 0.22388721466064454 0.484970576763153
0 0.5267337036132812 0.20457874298095702 0.5343730932474136 0.20457874298095702 0.5343730932474136 0.2142134231328964 0.5267337036132812 0.2142134231328964
0 0.19431476593017577 0.026327133178710938 0.20093379795551297 0.026327133178710938 0.20093379795551297 0.03578252017498017 0.19431476593017577 0.03578252017498017
0 0.518829460144043 0.0071451389789581295 0.526208267211914 0.0071451389789581295 0.526208267211914 0.017669546604156493 0.518829460144043 0.017669546604156493
0 0.19486345291137697 0.15996488571166992 0.20262424767017367 0.15996488571166992 0.20262424767017367 0.17022233009338378 0.19486345291137697 0.17022233009338378
0 0.45264980316162107 0.004955571293830872 0.4598148989677429 0.004955571293830872 0.4598148989677429 0.015170621275901795 0.45264980316162107 0.015170621275901795
0 0.45566612243652344 0.7862207794189453 0.4629023665189743 0.7862207794189453 0.4629023665189743 0.7968303024768828 0.45566612243652344 0.7968303024768828
0 0.19740470886230468 0.4732139205932617 0.2051737540960312 0.4732139205932617 0.2051737540960312 0.48333089351654057 0.19740470886230468 0.48333089351654057
0 0.5446696472167969 0.0550198745727539 0.5515663832426071 0.0550198745727539 0.5515663832426071 0.06387207686901092 0.5446696472167969 0.06387207686901092
0 0.14003336906433106 0.16111835479736328 0.148047057390213 0.16111835479736328 0.148047057390213 0.17147866725921632 0.14003336906433106 0.17147866725921632
0 0.5423213195800781 0.680567626953125 0.5498504674434662 0.680567626953125 0.5498504674434662 0.6902763277292252 0.5423213195800781 0.6902763277292252
0 0.1379767417907715 0.6751414489746094 0.14501474022865296 0.6751414489746094 0.14501474022865296 0.6849535620212555 0.1379767417907715 0.6849535620212555
0 0.4732587432861328 0.5223816299438476 0.4806384080648422 0.5223816299438476 0.4806384080648422 0.5324164581298828 0.4732587432861328 0.5324164581298828
0 0.19387031555175782 0.07821206092834472 0.20079536616802218 0.07821206092834472 0.20079536616802218 0.08792332649230956 0.19387031555175782 0.08792332649230956
0 0.4755290985107422 0.6822233581542969 0.4838157445192337 0.6822233581542969 0.4838157445192337 0.6926577603816986 0.4755290985107422 0.6926577603816986
0 0.5015357208251953 0.8283591461181641 0.5089934837818145 0.8283591461181641 0.5089934837818145 0.8391367530822755 0.5015357208251953 0.8391367530822755
0 0.2008623504638672 0.7758971405029297 0.20835956156253815 0.7758971405029297 0.20835956156253815 0.785633671283722 0.2008623504638672 0.785633671283722
0 0.44946033477783204 0.1571132469177246 0.4574789464473724 0.1571132469177246 0.4574789464473724 0.16774656772613522 0.44946033477783204 0.16774656772613522
0 0.2627509880065918 0.22420833587646485 0.27045963346958163 0.22420833587646485 0.27045963346958163 0.23471118569374086 0.2627509880065918 0.23471118569374086
0 0.1752347755432129 0.47216358184814455 0.18290969491004946 0.47216358184814455 0.18290969491004946 0.4808997130393982 0.1752347755432129 0.4808997130393982
0 0.18156373977661133 0.5255724716186524 0.18846417248249053 0.5255724716186524 0.18846417248249053 0.5363756942749024 0.18156373977661133 0.5363756942749024
0 0.2533323860168457 0.32390335083007815 0.2615394556522369 0.32390335083007815 0.2615394556522369 0.3345630180835724 0.2533323860168457 0.3345630180835724
0 0.20255199432373047 0.5256947326660156 0.21035816609859467 0.5256947326660156 0.21035816609859467 0.5364126479625702 0.20255199432373047 0.5364126479625702
0 0.5281949996948242 0.3555318069458008 0.5355869960784911 0.3555318069458008 0.5355869960784911 0.3655383312702179 0.5281949996948242 0.3655383312702179
0 0.2499865913391113 0.021656498908996583 0.25647412002086634 0.021656498908996583 0.25647412002086634 0.029188463091850282 0.2499865913391113 0.029188463091850282
0 0.1362895965576172 0.824571762084961 0.14341500759124756 0.824571762084961 0.14341500759124756 0.8332239699363709 0.1362895965576172 0.8332239699363709
0 0.45620906829833985 0.3704709625244141 0.46421191871166234 0.3704709625244141 0.46421191871166234 0.38068051576614376 0.45620906829833985 0.38068051576614376
0 0.13501562118530275 0.5255833435058593 0.1426173371076584 0.5255833435058593 0.1426173371076584 0.5350979495048522 0.13501562118530275 0.5350979495048522
0 0.132686128616333 0.619778060913086 0.14012285113334655 0.619778060913086 0.14012285113334655 0.6294394046068191 0.132686128616333 0.6294394046068191
0 0.44984073638916017 0.5236960601806641 0.4573678439855576 0.5236960601806641 0.4573678439855576 0.5333980411291123 0.44984073638916017 0.5333980411291123
0 0.2465945625305176 0.07259553909301758 0.2542063176631928 0.07259553909301758 0.2542063176631928 0.08230281233787536 0.2465945625305176 0.08230281233787536
0 0.17448822554356297 0.6199940243059154 0.18273176375821945 0.6199940243059154 0.18273176375821945 0.6291772404517763 0.17448822554356297 0.6291772404517763
0 0.4964441902604257 0.0134687170139293 0.5028558310940474 0.0134687170139293 0.5028558310940474 0.023264147569514244 0.4964441902604257 0.023264147569514244
0 0.5193429075233605 0.05509929687516532 0.5252965740117237 0.05509929687516532 0.5252965740117237 0.06611915625019837 0.5193429075233605 0.06611915625019837
