0 0.5544379806518555 0.6869358062744142 0.5630301576852799 0.6869358062744142 0.5630301576852799 0.697134211063385 0.5544379806518555 0.697134211063385
0 0.4925356674194336 0.6890303802490235 0.5006281781196594 0.6890303802490235 0.5006281781196594 0.6980221551656723 0.4925356674194336 0.6980221551656723
0 0.4671766662597656 0.6877129364013671 0.4743170404434204 0.6877129364013671 0.4743170404434204 0.6971649259328843 0.4671766662597656 0.6971649259328843
0 0.585108642578125 0.4494826889038086 0.5928973078727722 0.4494826889038086 0.5928973078727722 0.4593207734823227 0.585108642578125 0.4593207734823227
0 0.45466358184814454 0.7708517456054688 0.46224344432353975 0.7708517456054688 0.46224344432353975 0.7805301660299301 0.45466358184814454 0.7805301660299301
0 0.5458568954467773 0.37447769165039063 0.5540700274705886 0.37447769165039063 0.5540700274705886 0.3847612059116364 0.5458568954467773 0.3847612059116364
0 0.5290288925170898 0.2880690956115723 0.5371644294261932 0.2880690956115723 0.5371644294261932 0.2998667287826538 0.5290288925170898 0.2998667287826538
0 0.5165565872192383 0.4563523483276367 0.5244854205846786 0.4563523483276367 0.5244854205846786 0.4665383017063141 0.5165565872192383 0.4665383017063141
0 0.5631059265136719 0.6065507507324219 0.5715917646884918 0.6065507507324219 0.5715917646884918 0.6171856129169464 0.5631059265136719 0.6171856129169464
0 0.44488502502441407 0.8474367523193359 0.4515689659118652 0.8474367523193359 0.4515689659118652 0.855606371164322 0.44488502502441407 0.855606371164322
0 0.48327293395996096 0.7713756561279297 0.4904067724943161 0.7713756561279297 0.4904067724943161 0.7811347192525864 0.48327293395996096 0.7811347192525864
0 0.5551831436157226 0.45025527954101563 0.564034423828125 0.45025527954101563 0.564034423828125 0.4607620227336884 0.5551831436157226 0.4607620227336884
0 0.44551456451416016 0.6848057556152344 0.45330435395240787 0.6848057556152344 0.45330435395240787 0.6947909331321717 0.44551456451416016 0.6947909331321717
0 0.5397664260864258 0.7682952117919922 0.5475671565532685 0.7682952117919922 0.5475671565532685 0.7782290786504746 0.5397664260864258 0.7782290786504746
0 0.47313961029052737 0.5324249649047852 0.4816738569736481 0.5324249649047852 0.4816738569736481 0.5429455840587616 0.47313961029052737 0.5429455840587616
0 0.5058716583251953 0.29462356567382814 0.5146663987636566 0.29462356567382814 0.5146663987636566 0.3050504970550537 0.5058716583251953 0.3050504970550537
0 0.5938779449462891 0.6838560485839844 0.6018041759729384 0.6838560485839844 0.6018041759729384 0.6946872591972351 0.5938779449462891 0.6946872591972351
0 0.506573486328125 0.8487738037109375 0.5152227950096131 0.8487738037109375 0.5152227950096131 0.8580807954072953 0.506573486328125 0.8580807954072953
0 0.4759314727783203 0.2942645835876465 0.48506826400756836 0.2942645835876465 0.48506826400756836 0.3043393170833588 0.4759314727783203 0.3043393170833588
0 0.5375674819946289 0.6098849487304687 0.5445564806461334 0.6098849487304687 0.5445564806461334 0.6194217312335968 0.5375674819946289 0.6194217312335968
0 0.4456478118896484 0.37832645416259764 0.4527396887540817 0.37832645416259764 0.4527396887540817 0.3878234297037124 0.4456478118896484 0.3878234297037124
0 0.446218376159668 0.451137580871582 0.45357559621334076 0.451137580871582 0.45357559621334076 0.4612786269187927 0.446218376159668 0.4612786269187927
0 0.5535654067993164 0.5215850830078125 0.5608038097620011 0.5215850830078125 0.5608038097620011 0.5309723609685898 0.5535654067993164 0.5309723609685898
0 0.44324562072753904 0.5245169830322266 0.4497778314352035 0.5245169830322266 0.4497778314352035 0.5330370402336121 0.44324562072753904 0.5330370402336121
0 0.47361312866210936 0.6075404739379883 0.4822578239440918 0.6075404739379883 0.4822578239440918 0.6174590426683426 0.47361312866210936 0.6174590426683426
0 0.49913280487060546 0.5269765853881836 0.5072070699930191 0.5269765853881836 0.5072070699930191 0.5372309267520905 0.49913280487060546 0.5372309267520905
0 0.4797808837890625 0.8528093719482421 0.4869793355464935 0.8528093719482421 0.4869793355464935 0.8625698578357696 0.4797808837890625 0.8625698578357696
0 0.5293388366699219 0.5265962982177734 0.5371341264247894 0.5265962982177734 0.5371341264247894 0.537334097623825 0.5293388366699219 0.537334097623825
0 0.6041031646728515 0.2875743293762207 0.611133444905281 0.2875743293762207 0.611133444905281 0.2985694336891174 0.6041031646728515 0.2985694336891174
0 0.5641019439697266 0.7656340026855468 0.5721477615833284 0.7656340026855468 0.5721477615833284 0.7749741208553312 0.5641019439697266 0.7749741208553312
0 0.5135511016845703 0.6946323394775391 0.5206022000312805 0.6946323394775391 0.5206022000312805 0.7046390211582184 0.5135511016845703 0.7046390211582184
0 0.5380316925048828 0.8485456848144531 0.5461357653141021 0.8485456848144531 0.5461357653141021 0.8590779650211334 0.5380316925048828 0.8590779650211334
0 0.5144023132324219 0.6102442932128906 0.5225695502758027 0.6102442932128906 0.5225695502758027 0.620566508769989 0.5144023132324219 0.620566508769989
0 0.46324275970458983 0.37618824005126955 0.47093342602252963 0.37618824005126955 0.47093342602252963 0.3867273199558258 0.46324275970458983 0.3867273199558258
0 0.5624224090576172 0.2854606628417969 0.5709194254875183 0.2854606628417969 0.5709194254875183 0.296380797624588 0.5624224090576172 0.296380797624588
0 0.4622631072998047 0.8494404602050781 0.4692032837867737 0.8494404602050781 0.4692032837867737 0.858730058670044 0.4622631072998047 0.858730058670044
0 0.6126711273193359 0.3675062561035156 0.6209032440185547 0.3675062561035156 0.6209032440185547 0.3773432338237762 0.6126711273193359 0.3773432338237762
0 0.5825697071867427 0.2829421638251062 0.589647492522559 0.2829421638251062 0.589647492522559 0.29629956912817645 0.5825697071867427 0.29629956912817645
0 0.470574162755298 0.4538056399935481 0.4772356077772428 0.4538056399935481 0.4772356077772428 0.46549336963373467 0.470574162755298 0.46549336963373467
0 0.5092938119453515 0.7654784303985237 0.5184532988505253 0.7654784303985237 0.5184532988505253 0.7777227185930047 0.5092938119453515 0.7777227185930047
