0 0.4841690444946289 0.5112467956542969 0.49205174684524533 0.5112467956542969 0.49205174684524533 0.5200029289722442 0.4841690444946289 0.5200029289722442
0 0.5027998733520508 0.30170249938964844 0.5103842014074326 0.30170249938964844 0.5103842014074326 0.31151030361652376 0.5027998733520508 0.31151030361652376
0 0.44251571655273436 0.30106706619262696 0.45103083074092865 0.30106706619262696 0.45103083074092865 0.3111134374141693 0.44251571655273436 0.3111134374141693
0 0.5605091094970703 0.5205916976928711 0.568482536673546 0.5205916976928711 0.568482536673546 0.5305911457538605 0.5605091094970703 0.5305911457538605
0 0.5466910171508789 0.3568132781982422 0.5546236950159072 0.3568132781982422 0.5546236950159072 0.3657889246940613 0.5466910171508789 0.3657889246940613
0 0.5685604476928711 0.45754615783691405 0.576010462641716 0.45754615783691405 0.576010462641716 0.46714998424053195 0.5685604476928711 0.46714998424053195
0 0.43779449462890624 0.46678653717041013 0.44514553427696224 0.46678653717041013 0.44514553427696224 0.4761707717180252 0.43779449462890624 0.4761707717180252
0 0.4821683120727539 0.30013174057006836 0.48922804534435266 0.30013174057006836 0.48922804534435266 0.3085756814479828 0.4821683120727539 0.3085756814479828
0 0.5169952011108399 0.5175939178466797 0.5242133182287217 0.5175939178466797 0.5242133182287217 0.5276541638374329 0.5169952011108399 0.5276541638374329
0 0.5108167266845703 0.35493774414062507 0.5191094052791596 0.35493774414062507 0.5191094052791596 0.3654317593574524 0.5108167266845703 0.3654317593574524
0 0.6098038864135742 0.4681179809570313 0.6167900460958481 0.4681179809570313 0.6167900460958481 0.47605460703372954 0.6098038864135742 0.47605460703372954
0 0.48875919342041013 0.4661602020263672 0.4965187019109726 0.4661602020263672 0.4965187019109726 0.47508750259876253 0.48875919342041013 0.47508750259876253
0 0.4807871246337891 0.3533259582519531 0.4888938885927201 0.3533259582519531 0.4888938885927201 0.36382562637329097 0.4807871246337891 0.36382562637329097
0 0.0937966251373291 0.1276683807373047 0.10202704131603241 0.1276683807373047 0.10202704131603241 0.13587610721588134 0.0937966251373291 0.13587610721588134
0 0.45820026397705077 0.5347307586669922 0.4656624621152877 0.5347307586669922 0.4656624621152877 0.5432677745819091 0.45820026397705077 0.5432677745819091
0 0.542236213684082 0.3040801620483398 0.5507844477891921 0.3040801620483398 0.5507844477891921 0.31395817220211025 0.542236213684082 0.31395817220211025
0 0.4424654769897461 0.3534152603149414 0.44969175577163695 0.3534152603149414 0.44969175577163695 0.36332999467849736 0.4424654769897461 0.36332999467849736
0 0.6035181045532226 0.5144244766235352 0.6110075676441191 0.5144244766235352 0.6110075676441191 0.523437084555626 0.6035181045532226 0.523437084555626
0 0.5813667678833008 0.35558845520019533 0.5895590817928315 0.35558845520019533 0.5895590817928315 0.3653196096420288 0.5813667678833008 0.3653196096420288
0 0.5260332107543946 0.47318241119384763 0.5349895286560058 0.47318241119384763 0.5349895286560058 0.48510300397872924 0.5260332107543946 0.48510300397872924
