0 0.16614339828491212 0.2172136688232422 0.17366246223449708 0.2172136688232422 0.17366246223449708 0.2271693766117096 0.16614339828491212 0.2271693766117096
0 0.523132438659668 0.5222906112670899 0.5300858926773072 0.5222906112670899 0.5300858926773072 0.5316593891382217 0.523132438659668 0.5316593891382217
0 0.47613632202148437 0.3200302505493164 0.4839457464218139 0.3200302505493164 0.4839457464218139 0.3302903628349304 0.47613632202148437 0.3302903628349304
0 0.16231834411621093 0.3216227340698242 0.16938792467117308 0.3216227340698242 0.16938792467117308 0.33135327577590945 0.16231834411621093 0.33135327577590945
0 0.5087200546264649 0.20618911743164062 0.5159251600503922 0.20618911743164062 0.5159251600503922 0.21420832276344298 0.5087200546264649 0.21420832276344298
0 0.5325516510009766 0.1549333953857422 0.5404511499404907 0.1549333953857422 0.5404511499404907 0.16446540415287017 0.5325516510009766 0.16446540415287017
0 0.5246165084838867 0.6786570739746094 0.5318264043331147 0.6786570739746094 0.5318264043331147 0.687622047662735 0.5246165084838867 0.687622047662735
0 0.5394976043701172 0.6264971160888672 0.5480804365873336 0.6264971160888672 0.5480804365873336 0.6360012072324752 0.5394976043701172 0.6360012072324752
0 0.4979304885864258 0.6262924957275391 0.5064852875471115 0.6262924957275391 0.5064852875471115 0.6359879541397095 0.4979304885864258 0.6359879541397095
0 0.19720840454101562 0.8343128204345704 0.20416530370712282 0.8343128204345704 0.20416530370712282 0.8430583995580674 0.19720840454101562 0.8430583995580674
0 0.5476610565185547 0.7829637145996093 0.5554155969619751 0.7829637145996093 0.5554155969619751 0.7917895406484603 0.5476610565185547 0.7917895406484603
0 0.47773635864257813 0.4712147903442383 0.4858139652013779 0.4712147903442383 0.4858139652013779 0.480547239780426 0.47773635864257813 0.480547239780426
0 0.1416843318939209 0.21837911605834964 0.1495572757720947 0.21837911605834964 0.1495572757720947 0.22710135221481326 0.1416843318939209 0.22710135221481326
0 0.5026084136962891 0.7808953857421875 0.5109051138162612 0.7808953857421875 0.5109051138162612 0.7913211703300476 0.5026084136962891 0.7913211703300476
0 0.23351701736450195 0.21869735717773436 0.24076628744602202 0.21869735717773436 0.24076628744602202 0.2281035900115967 0.23351701736450195 0.2281035900115967
0 0.5554071044921876 0.31264867782592776 0.5636236077547074 0.31264867782592776 0.5636236077547074 0.323108024597168 0.5554071044921876 0.323108024597168
0 0.49201522827148436 0.15776150703430175 0.4983786457777023 0.15776150703430175 0.4983786457777023 0.16775461077690124 0.49201522827148436 0.16775461077690124
0 0.13961888313293458 0.32074569702148437 0.1463352489471436 0.32074569702148437 0.1463352489471436 0.33039727628231047 0.13961888313293458 0.33039727628231047
0 0.485825309753418 0.20718433380126952 0.493214260339737 0.20718433380126952 0.493214260339737 0.21592611789703367 0.485825309753418 0.21592611789703367
0 0.5294027328491211 0.7823316955566406 0.5359141546487808 0.7823316955566406 0.5359141546487808 0.7923055672645569 0.5294027328491211 0.7923055672645569
0 0.45467075347900393 0.0630633306503296 0.46205195605754856 0.0630633306503296 0.46205195605754856 0.07124659717082979 0.45467075347900393 0.07124659717082979
0 0.47500617980957033 0.06291635036468506 0.48187275290489195 0.06291635036468506 0.48187275290489195 0.0711093270778656 0.47500617980957033 0.0711093270778656
0 0.16345855712890625 0.37286087036132814 0.169927396774292 0.37286087036132814 0.169927396774292 0.38186592757701876 0.16345855712890625 0.38186592757701876
0 0.20831720352172853 0.6244149780273438 0.2162757706642151 0.6244149780273438 0.2162757706642151 0.6344660532474519 0.20831720352172853 0.6344660532474519
0 0.24790056228637694 0.16432514190673828 0.25508124172687524 0.16432514190673828 0.25508124172687524 0.1749940598011017 0.24790056228637694 0.1749940598011017
0 0.21822851181030273 0.021216871738433837 0.2251741737127304 0.021216871738433837 0.2251741737127304 0.028742688894271853 0.21822851181030273 0.028742688894271853
0 0.49513671875 0.4700028991699219 0.5023859745264053 0.4700028991699219 0.5023859745264053 0.4789884287118912 0.49513671875 0.4789884287118912
0 0.2489102554321289 0.8362374877929688 0.2561400234699249 0.8362374877929688 0.2561400234699249 0.8455423450469972 0.2489102554321289 0.8455423450469972
0 0.2202486801147461 0.3248626327514648 0.22759274125099185 0.3248626327514648 0.22759274125099185 0.33461681365966794 0.2202486801147461 0.33461681365966794
0 0.47136722564697264 0.1536020565032959 0.4789648014307022 0.1536020565032959 0.4789648014307022 0.16268372416496277 0.47136722564697264 0.16268372416496277
0 0.4978981018066406 0.6860840606689452 0.5059120416641236 0.6860840606689452 0.5059120416641236 0.6947964340448378 0.4978981018066406 0.6947964340448378
0 0.45092533111572264 0.47001708984374996 0.45831726789474486 0.47001708984374996 0.45831726789474486 0.4802400434017181 0.45092533111572264 0.4802400434017181
0 0.15923593521118165 0.5312018966674805 0.16644812285900118 0.5312018966674805 0.16644812285900118 0.541718522310257 0.15923593521118165 0.541718522310257
0 0.20390548706054687 0.22537490844726563 0.21183863818645476 0.22537490844726563 0.21183863818645476 0.23489672899246217 0.20390548706054687 0.23489672899246217
0 0.4716695022583008 0.6280525970458984 0.47916485011577603 0.6280525970458984 0.47916485011577603 0.6374562013149262 0.4716695022583008 0.6374562013149262
0 0.1859130096435547 0.3725591659545898 0.19345973789691928 0.3725591659545898 0.19345973789691928 0.3810397714376449 0.1859130096435547 0.3810397714376449
0 0.5497426986694336 0.5219514083862304 0.5577115714550018 0.5219514083862304 0.5577115714550018 0.5315731024742126 0.5497426986694336 0.5315731024742126
0 0.13450116157531739 0.7742161560058594 0.1408975809812546 0.7742161560058594 0.1408975809812546 0.7827301651239394 0.13450116157531739 0.7827301651239394
0 0.17238460540771483 0.7784064483642578 0.17987531065940857 0.7784064483642578 0.17987531065940857 0.7881451135873795 0.17238460540771483 0.7881451135873795
0 0.479038200378418 0.7790240478515625 0.4867044407129288 0.7790240478515625 0.4867044407129288 0.7886645984649658 0.479038200378418 0.7886645984649658
0 0.23998403549194336 0.624488525390625 0.2471960163116455 0.624488525390625 0.2471960163116455 0.6342661678791047 0.23998403549194336 0.6342661678791047
0 0.45395263671875 0.8378564453125 0.46093471527099616 0.8378564453125 0.46093471527099616 0.8469143152236938 0.45395263671875 0.8469143152236938
0 0.5030390167236328 0.5203779602050781 0.5106339901685715 0.5203779602050781 0.5106339901685715 0.5309728574752807 0.5030390167236328 0.5309728574752807
0 0.17830915451049806 0.8317976379394532 0.1847660768032074 0.8317976379394532 0.1847660768032074 0.8404163235425949 0.17830915451049806 0.8404163235425949
0 0.5557598114013672 0.8320856475830078 0.5632885450124742 0.8320856475830078 0.5632885450124742 0.8405924618244172 0.5557598114013672 0.8405924618244172
0 0.4512677001953125 0.6804681396484376 0.4582563436031341 0.6804681396484376 0.4582563436031341 0.6903706192970276 0.4512677001953125 0.6903706192970276
0 0.4711663436889648 0.009958187937736512 0.4783819764852523 0.009958187937736512 0.4783819764852523 0.018549355268478392 0.4711663436889648 0.018549355268478392
0 0.5318676376342774 0.8277074432373047 0.5387974935770035 0.8277074432373047 0.5387974935770035 0.8372603940963744 0.5318676376342774 0.8372603940963744
0 0.15490182876586914 0.47188831329345704 0.1616393679380417 0.47188831329345704 0.1616393679380417 0.48037682533264164 0.15490182876586914 0.48037682533264164
0 0.18473867416381837 0.6693911743164063 0.19224514067173004 0.6693911743164063 0.19224514067173004 0.6788518607616425 0.18473867416381837 0.6788518607616425
0 0.17130290985107421 0.16192350387573243 0.17816269636154175 0.16192350387573243 0.17816269636154175 0.17205159425735475 0.17130290985107421 0.17205159425735475
0 0.5433060455322266 0.4669763946533203 0.5516838306188585 0.4669763946533203 0.5516838306188585 0.4762038511037826 0.5433060455322266 0.4762038511037826
0 0.21044540405273438 0.3681245040893555 0.21720421969890594 0.3681245040893555 0.21720421969890594 0.3776851630210876 0.21044540405273438 0.3776851630210876
0 0.5056711578369141 0.3616263961791992 0.5127121424674989 0.3616263961791992 0.5127121424674989 0.3711822718381882 0.5056711578369141 0.3711822718381882
0 0.21813941955566407 0.07597509384155274 0.22564659595489503 0.07597509384155274 0.22564659595489503 0.08467423379421234 0.21813941955566407 0.08467423379421234
0 0.549769172668457 0.35645050048828125 0.5575117069482804 0.35645050048828125 0.5575117069482804 0.3658458036184311 0.549769172668457 0.3658458036184311
0 0.5187431716918945 0.4670005035400391 0.527362317442894 0.4670005035400391 0.527362317442894 0.4769690388441086 0.5187431716918945 0.4769690388441086
0 0.23220767974853515 0.37154556274414063 0.23949366271495817 0.37154556274414063 0.23949366271495817 0.38146045506000525 0.23220767974853515 0.38146045506000525
0 0.1710076904296875 0.07592600345611572 0.1780497395992279 0.07592600345611572 0.1780497395992279 0.08479364812374116 0.1710076904296875 0.08479364812374116
0 0.1573769474029541 0.6188823699951171 0.16368216872215272 0.6188823699951171 0.16368216872215272 0.628127812743187 0.1573769474029541 0.628127812743187
0 0.13133054733276367 0.4729792785644531 0.13941365420818327 0.4729792785644531 0.13941365420818327 0.4822183567285538 0.13133054733276367 0.4822183567285538
0 0.15459768295288087 0.6590042114257812 0.16165787458419803 0.6590042114257812 0.16165787458419803 0.6680571401119232 0.15459768295288087 0.6680571401119232
0 0.45591014862060547 0.6287837982177734 0.46233028411865235 0.6287837982177734 0.46233028411865235 0.6374105876684188 0.45591014862060547 0.6374105876684188
0 0.4823393630981445 0.36732559204101556 0.49021946310997006 0.36732559204101556 0.49021946310997006 0.3769525045156479 0.4823393630981445 0.3769525045156479
0 0.52016357421875 0.628665657043457 0.5273449635505678 0.628665657043457 0.5273449635505678 0.6381193858385086 0.52016357421875 0.6381193858385086
0 0.2219350242614746 0.16676834106445312 0.22947089970111845 0.16676834106445312 0.22947089970111845 0.17723381519317627 0.2219350242614746 0.17723381519317627
0 0.1659020233154297 0.023952507972717287 0.17258034586906432 0.023952507972717287 0.17258034586906432 0.03202614665031433 0.1659020233154297 0.03202614665031433
0 0.2131316566467285 0.673573226928711 0.22063401281833647 0.673573226928711 0.22063401281833647 0.6841421127319336 0.2131316566467285 0.6841421127319336
0 0.4680601501464844 0.2146054458618164 0.47452493846416477 0.2146054458618164 0.47452493846416477 0.22429287970066067 0.4680601501464844 0.22429287970066067
0 0.1850043487548828 0.3183711051940918 0.19284009158611298 0.3183711051940918 0.19284009158611298 0.3284490406513214 0.1850043487548828 0.3284490406513214
0 0.15771002769470216 0.828132553100586 0.16414654552936553 0.828132553100586 0.16414654552936553 0.8371285974979401 0.15771002769470216 0.8371285974979401
0 0.23478740692138672 0.671232681274414 0.24226764380931856 0.671232681274414 0.24226764380931856 0.679763451218605 0.23478740692138672 0.679763451218605
0 0.47972625732421875 0.8362739562988282 0.4867941814661026 0.8362739562988282 0.4867941814661026 0.8454814100265503 0.47972625732421875 0.8454814100265503
0 0.5416928482055664 0.011330868005752564 0.5496383601427078 0.011330868005752564 0.5496383601427078 0.019428569674491886 0.5416928482055664 0.019428569674491886
0 0.44835304260253905 0.2156146812438965 0.4558949357271195 0.2156146812438965 0.4558949357271195 0.22569627404212955 0.44835304260253905 0.22569627404212955
0 0.52779541015625 0.3089724349975586 0.5357965159416197 0.3089724349975586 0.5357965159416197 0.3194113838672638 0.52779541015625 0.3194113838672638
0 0.14610848426818848 0.07583995819091797 0.15336177647113802 0.07583995819091797 0.15336177647113802 0.0851830017566681 0.14610848426818848 0.0851830017566681
0 0.15152372360229494 0.7796784210205078 0.1584211987257004 0.7796784210205078 0.1584211987257004 0.7893175482749939 0.15152372360229494 0.7893175482749939
0 0.14008692741394044 0.36875003814697266 0.14678964614868162 0.36875003814697266 0.14678964614868162 0.37810241103172304 0.14008692741394044 0.37810241103172304
0 0.22279651641845702 0.7796370697021485 0.23018802464008328 0.7796370697021485 0.23018802464008328 0.7888307666778565 0.22279651641845702 0.7888307666778565
0 0.20971776962280272 0.8386273193359375 0.21670616209506988 0.8386273193359375 0.21670616209506988 0.8468270605802536 0.20971776962280272 0.8468270605802536
0 0.14520055770874024 0.02293168067932129 0.1509514504671097 0.02293168067932129 0.1509514504671097 0.031053516864776615 0.14520055770874024 0.031053516864776615
0 0.4987406158447266 0.05528466224670411 0.5061685705184936 0.05528466224670411 0.5061685705184936 0.06395219266414642 0.4987406158447266 0.06395219266414642
0 0.4554015731811523 0.786265869140625 0.462952514886856 0.786265869140625 0.462952514886856 0.7965785968303681 0.4554015731811523 0.7965785968303681
0 0.1949368667602539 0.15994736671447754 0.2026771831512451 0.15994736671447754 0.2026771831512451 0.1701833748817444 0.1949368667602539 0.1701833748817444
0 0.22957752227783204 0.5273189544677734 0.2386842691898346 0.5273189544677734 0.2386842691898346 0.5382293844223023 0.22957752227783204 0.5382293844223023
0 0.5267453002929687 0.20461462020874024 0.5344820976257325 0.20461462020874024 0.5344820976257325 0.21423416018486022 0.5267453002929687 0.21423416018486022
0 0.4484682846069336 0.3197186851501465 0.45669218063354494 0.3197186851501465 0.45669218063354494 0.3297812640666962 0.4484682846069336 0.3297812640666962
0 0.19441518783569336 0.02630239486694336 0.20100977897644043 0.02630239486694336 0.20100977897644043 0.03576046764850616 0.19441518783569336 0.03576046764850616
0 0.223955135345459 0.47448631286621096 0.2328846025466919 0.47448631286621096 0.2328846025466919 0.4849419033527374 0.223955135345459 0.4849419033527374
0 0.1973746109008789 0.47313594818115234 0.20522141337394714 0.47313594818115234 0.20522141337394714 0.483187735080719 0.1973746109008789 0.483187735080719
0 0.5111419677734375 0.15581615447998046 0.5185575026273727 0.15581615447998046 0.5185575026273727 0.16608579397201537 0.5111419677734375 0.16608579397201537
0 0.1380109977722168 0.6749489593505859 0.1450591242313385 0.6749489593505859 0.1450591242313385 0.6848561829328537 0.1380109977722168 0.6848561829328537
0 0.5188725662231445 0.007191888689994812 0.5262139362096786 0.007191888689994812 0.5262139362096786 0.017688472867012025 0.5188725662231445 0.017688472867012025
0 0.2010541343688965 0.7758442687988282 0.20841274440288543 0.7758442687988282 0.20841274440288543 0.7853454345464707 0.2010541343688965 0.7853454345464707
0 0.5033821868896484 0.31130346298217776 0.511507846713066 0.31130346298217776 0.511507846713066 0.32195882201194764 0.5033821868896484 0.32195882201194764
0 0.5423171615600586 0.6807177734375 0.5497352987527848 0.6807177734375 0.5497352987527848 0.6903149193525314 0.5423171615600586 0.6903149193525314
0 0.4732403564453125 0.5223639297485352 0.48062966167926785 0.5223639297485352 0.48062966167926785 0.5324133050441743 0.4732403564453125 0.5324133050441743
0 0.4525370407104492 0.004883599877357483 0.4597438317537307 0.004883599877357483 0.4597438317537307 0.015101978182792665 0.4525370407104492 0.015101978182792665
0 0.19392425537109376 0.07815193176269532 0.20092953264713287 0.07815193176269532 0.20092953264713287 0.0879065579175949 0.19392425537109376 0.0879065579175949
0 0.14010045051574707 0.16109783172607423 0.1480992203950882 0.16109783172607423 0.1480992203950882 0.17145743370056155 0.14010045051574707 0.17145743370056155
0 0.501562614440918 0.8283262634277344 0.5090848428010941 0.8283262634277344 0.5090848428010941 0.8390985727310181 0.501562614440918 0.8390985727310181
0 0.1816032600402832 0.5255671691894531 0.18847020328044892 0.5255671691894531 0.18847020328044892 0.5362627506256104 0.1816032600402832 0.5362627506256104
0 0.4754679870605469 0.6822514343261719 0.4837729376554489 0.6822514343261719 0.4837729376554489 0.6927830028533934 0.4754679870605469 0.6927830028533934
0 0.5445446014404297 0.05505262851715088 0.5514798390865326 0.05505262851715088 0.5514798390865326 0.06384567439556121 0.5445446014404297 0.06384567439556121
0 0.2628129768371582 0.22417865753173827 0.2704737168550491 0.22417865753173827 0.2704737168550491 0.23468951225280762 0.2628129768371582 0.23468951225280762
0 0.4494039154052734 0.1570480442047119 0.45746865868568415 0.1570480442047119 0.45746865868568415 0.16766789436340332 0.4494039154052734 0.16766789436340332
0 0.17525259017944336 0.4720848846435547 0.1829743653535843 0.4720848846435547 0.1829743653535843 0.4808559215068817 0.17525259017944336 0.4808559215068817
0 0.5282598495483398 0.355513801574707 0.5355953055620192 0.355513801574707 0.5355953055620192 0.3655644810199737 0.5282598495483398 0.3655644810199737
0 0.25333585739135744 0.3237214279174805 0.26160050272941593 0.3237214279174805 0.26160050272941593 0.33451476812362674 0.25333585739135744 0.33451476812362674
0 0.2025814437866211 0.5256758117675782 0.2104007452726364 0.5256758117675782 0.2104007452726364 0.5363192915916444 0.2025814437866211 0.5363192915916444
0 0.25005498886108396 0.02161128282546997 0.2566286879777908 0.02161128282546997 0.2566286879777908 0.02916330873966217 0.25005498886108396 0.02916330873966217
0 0.13501789093017577 0.5255465316772461 0.14260962665081023 0.5255465316772461 0.14260962665081023 0.5349739331007004 0.13501789093017577 0.5349739331007004
0 0.456249885559082 0.3703095245361328 0.4642398428916931 0.3703095245361328 0.4642398428916931 0.38063549518585205 0.456249885559082 0.38063549518585205
0 0.1328492546081543 0.6197714996337891 0.1400820094347 0.6197714996337891 0.1400820094347 0.629207558631897 0.1328492546081543 0.629207558631897
0 0.13630488395690918 0.8244634246826172 0.14348265111446382 0.8244634246826172 0.14348265111446382 0.8332271087169648 0.13630488395690918 0.8332271087169648
0 0.4487523651123047 0.5234165954589843 0.45649661481380466 0.5234165954589843 0.45649661481380466 0.532806561589241 0.4487523651123047 0.532806561589241
0 0.24664438247680665 0.07255396366119385 0.2542106568813324 0.07255396366119385 0.2542106568813324 0.0822908252477646 0.24664438247680665 0.0822908252477646
0 0.17486293182604734 0.6205627880384781 0.18360607841734972 0.6205627880384781 0.18360607841734972 0.628911166352897 0.17486293182604734 0.628911166352897
0 0.49544497350713407 0.01280084674877578 0.5029390991568218 0.01280084674877578 0.5029390991568218 0.02393201783466777 0.49544497350713407 0.02393201783466777
0 0.519176371397812 0.05509929687516532 0.5266704970474997 0.05509929687516532 0.5266704970474997 0.0679001436239411 0.519176371397812 0.0679001436239411
