0 0.5006142044067383 0.5298229598999024 0.5084493559598923 0.5298229598999024 0.5084493559598923 0.5398921394348145 0.5006142044067383 0.5398921394348145
0 0.5479040145874023 0.8426511383056641 0.5564475172758102 0.8426511383056641 0.5564475172758102 0.8539541852474213 0.5479040145874023 0.8539541852474213
0 0.46925987243652345 0.3732835769653321 0.47678505778312685 0.3732835769653321 0.47678505778312685 0.3838198101520539 0.46925987243652345 0.3838198101520539
0 0.5070315170288086 0.8435420227050782 0.5150694096088408 0.8435420227050782 0.5150694096088408 0.8540599930286407 0.5070315170288086 0.8540599930286407
0 0.5166339492797851 0.686365966796875 0.5245623093843459 0.686365966796875 0.5245623093843459 0.6958557474613191 0.5166339492797851 0.6958557474613191
0 0.5396734619140625 0.22572174072265622 0.547638076543808 0.22572174072265622 0.547638076543808 0.2367739462852478 0.5396734619140625 0.2367739462852478
0 0.217950439453125 0.7726521301269531 0.225256028175354 0.7726521301269531 0.225256028175354 0.7825053548812865 0.217950439453125 0.7825053548812865
0 0.5216694259643555 0.3733113479614258 0.5299239575862885 0.3733113479614258 0.5299239575862885 0.383444607257843 0.5216694259643555 0.383444607257843
0 0.45317840576171875 0.1441332721710205 0.4614685708284378 0.1441332721710205 0.4614685708284378 0.15488245606422427 0.45317840576171875 0.15488245606422427
0 0.44592182159423827 0.37257266998291017 0.45406732380390163 0.37257266998291017 0.45406732380390163 0.3821570473909378 0.44592182159423827 0.3821570473909378
0 0.4373397445678711 0.22642024993896484 0.44585187196731574 0.22642024993896484 0.44585187196731574 0.23746081352233886 0.4373397445678711 0.23746081352233886
0 0.7736347198486329 0.7627931213378907 0.7822082668542862 0.7627931213378907 0.7822082668542862 0.7720052397251129 0.7736347198486329 0.7720052397251129
0 0.18902450561523437 0.7705852508544921 0.196396866440773 0.7705852508544921 0.196396866440773 0.7803932523727417 0.18902450561523437 0.7803932523727417
0 0.577984619140625 0.8433845520019532 0.5866048884391785 0.8433845520019532 0.5866048884391785 0.8535018408298493 0.577984619140625 0.8535018408298493
0 0.46905277252197264 0.8417648315429689 0.4769153660535812 0.8417648315429689 0.4769153660535812 0.8522613763809205 0.46905277252197264 0.8522613763809205
0 0.5621043395996094 0.5323951721191407 0.5708507603406906 0.5323951721191407 0.5708507603406906 0.5429892385005951 0.5621043395996094 0.5429892385005951
0 0.5693859100341797 0.46950599670410154 0.5781253516674042 0.46950599670410154 0.5781253516674042 0.47864707887172697 0.5693859100341797 0.47864707887172697
0 0.5071455764770508 0.22698453903198243 0.514947312474251 0.22698453903198243 0.514947312474251 0.237354052066803 0.5071455764770508 0.237354052066803
0 0.485086669921875 0.7729622650146485 0.4929908406734466 0.7729622650146485 0.4929908406734466 0.7839406871795654 0.485086669921875 0.7839406871795654
0 0.49814476013183595 0.37388450622558594 0.5053133749961852 0.37388450622558594 0.5053133749961852 0.38407796978950504 0.49814476013183595 0.38407796978950504
0 0.46189796447753906 0.4707723999023437 0.4693180829286575 0.4707723999023437 0.4693180829286575 0.4805187338590622 0.46189796447753906 0.4805187338590622
0 0.46634090423583985 0.303205680847168 0.47414920508861547 0.303205680847168 0.47414920508861547 0.3140084493160248 0.46634090423583985 0.3140084493160248
0 0.16262094497680665 0.8351689147949218 0.1698396384716034 0.8351689147949218 0.1698396384716034 0.8438502961397171 0.16262094497680665 0.8438502961397171
0 0.8193505859375 0.8368573760986329 0.8276876217126846 0.8368573760986329 0.8276876217126846 0.8467990702390671 0.8193505859375 0.8467990702390671
0 0.5785414505004883 0.7693569183349609 0.5869306498765947 0.7693569183349609 0.5869306498765947 0.779053207039833 0.5785414505004883 0.779053207039833
0 0.5289081573486328 0.46741161346435545 0.5367821657657624 0.46741161346435545 0.5367821657657624 0.47752779483795166 0.5289081573486328 0.47752779483795166
0 0.5795169830322265 0.6845711517333984 0.5869102805852889 0.6845711517333984 0.5869102805852889 0.6960837900638581 0.5795169830322265 0.6960837900638581
0 0.5842279052734375 0.6242034530639649 0.5921465069055557 0.6242034530639649 0.5921465069055557 0.6338982790708543 0.5842279052734375 0.6338982790708543
0 0.48545204162597655 0.304990234375 0.49257612168788906 0.304990234375 0.49257612168788906 0.31434810161590576 0.48545204162597655 0.31434810161590576
0 0.4358807373046875 0.4703529739379883 0.44340355694293976 0.4703529739379883 0.44340355694293976 0.47913088858127595 0.4358807373046875 0.47913088858127595
0 0.47924041748046875 0.5335509109497071 0.4864478594064713 0.5335509109497071 0.4864478594064713 0.5435561704635621 0.47924041748046875 0.5435561704635621
0 0.25921409606933593 0.7728276062011719 0.26786047697067256 0.7728276062011719 0.26786047697067256 0.7833133196830749 0.25921409606933593 0.7833133196830749
0 0.5243643951416016 0.14660555839538575 0.532124908566475 0.14660555839538575 0.532124908566475 0.1576960301399231 0.5243643951416016 0.1576960301399231
0 0.5284363937377929 0.5330426406860351 0.5369710838794708 0.5330426406860351 0.5369710838794708 0.5430428004264831 0.5284363937377929 0.5430428004264831
0 0.8358682250976562 0.7731356048583984 0.8444691550731659 0.7731356048583984 0.8444691550731659 0.782413106560707 0.8358682250976562 0.782413106560707
0 0.4560791015625 0.7701476287841796 0.4638353568315506 0.7701476287841796 0.4638353568315506 0.7803129076957702 0.4560791015625 0.7803129076957702
0 0.22502914428710938 0.8417631530761719 0.2329217827320099 0.8417631530761719 0.2329217827320099 0.8523778152465821 0.22502914428710938 0.8523778152465821
0 0.7687685394287109 0.8357241058349609 0.7780860412120819 0.8357241058349609 0.7780860412120819 0.8466557240486144 0.7687685394287109 0.8466557240486144
0 0.5526533126831055 0.36821929931640623 0.5609839016199112 0.36821929931640623 0.5609839016199112 0.3778311902284622 0.5526533126831055 0.3778311902284622
0 0.5373253631591797 0.30784557342529295 0.5446822875738143 0.30784557342529295 0.5446822875738143 0.3180761170387268 0.5373253631591797 0.3180761170387268
0 0.12747901916503906 0.8323723602294922 0.13559055864810945 0.8323723602294922 0.13559055864810945 0.8415971285104752 0.12747901916503906 0.8415971285104752
0 0.48687961578369143 0.6178862380981446 0.4953740888834 0.6178862380981446 0.4953740888834 0.6282015752792359 0.48687961578369143 0.6282015752792359
0 0.5440562057495117 0.6844947814941407 0.5516676801443101 0.6844947814941407 0.5516676801443101 0.6945013058185577 0.5440562057495117 0.6945013058185577
0 0.48742950439453125 0.6851213836669922 0.4953630101680756 0.6851213836669922 0.4953630101680756 0.6950632357597352 0.48742950439453125 0.6950632357597352
0 0.5101678848266602 0.7684675598144531 0.5184834516048432 0.7684675598144531 0.5184834516048432 0.7782479691505432 0.5101678848266602 0.7782479691505432
0 0.4501465606689453 0.6164200210571289 0.45798869132995607 0.6164200210571289 0.45798869132995607 0.6269555425643921 0.4501465606689453 0.6269555425643921
0 0.5669256973266602 0.2243440818786621 0.5753676521778107 0.2243440818786621 0.5753676521778107 0.2349400460720062 0.5669256973266602 0.2349400460720062
0 0.5636627960205078 0.30599781036376955 0.5725319969654084 0.30599781036376955 0.5725319969654084 0.3168319058418274 0.5636627960205078 0.3168319058418274
0 0.4857107925415039 0.14860889434814453 0.49406932651996616 0.14860889434814453 0.49406932651996616 0.15797409474849702 0.4857107925415039 0.15797409474849702
0 0.5478150558471679 0.6212071990966797 0.5560078430175781 0.6212071990966797 0.5560078430175781 0.631347415447235 0.5478150558471679 0.631347415447235
0 0.45018348693847654 0.5348710250854493 0.4585053527355194 0.5348710250854493 0.4585053527355194 0.5442250978946687 0.45018348693847654 0.5442250978946687
0 0.511928939819336 0.3081121063232422 0.520165787935257 0.3081121063232422 0.520165787935257 0.3192367720603943 0.511928939819336 0.3192367720603943
0 0.47283302307128905 0.2222428512573242 0.4816413366794586 0.2222428512573242 0.4816413366794586 0.23402390122413635 0.47283302307128905 0.23402390122413635
0 0.2842680740356445 0.8509088897705078 0.29340297281742095 0.8509088897705078 0.29340297281742095 0.8618665981292725 0.2842680740356445 0.8618665981292725
0 0.49713378906249994 0.46248249053955076 0.5056428706645965 0.46248249053955076 0.5056428706645965 0.47366437673568723 0.49713378906249994 0.47366437673568723
0 0.31263141632080077 0.7543749237060546 0.31983953833580014 0.7543749237060546 0.31983953833580014 0.7621701091527938 0.31263141632080077 0.7621701091527938
0 0.8471204376220703 0.8384076690673828 0.8535095530748367 0.8384076690673828 0.8535095530748367 0.8466304963827133 0.8471204376220703 0.8466304963827133
0 0.802261962890625 0.7657589721679687 0.8109755593538284 0.7657589721679687 0.8109755593538284 0.7770998096466063 0.802261962890625 0.7770998096466063
0 0.5806857681274414 0.3687983322143555 0.5897231113910675 0.3687983322143555 0.5897231113910675 0.37985656619071956 0.5806857681274414 0.37985656619071956
0 0.4358724212646484 0.8386576080322266 0.4437487655878067 0.8386576080322266 0.4437487655878067 0.8493632698059081 0.4358724212646484 0.8493632698059081
0 0.6056219482421875 0.15523316383361815 0.6142732083797455 0.15523316383361815 0.6142732083797455 0.16641774654388428 0.6056219482421875 0.16641774654388428
0 0.5188685607910156 0.6192728424072266 0.5284297299385071 0.6192728424072266 0.5284297299385071 0.631284909248352 0.5188685607910156 0.631284909248352
0 0.6013578033447265 0.7676123809814454 0.6095107871294021 0.7676123809814454 0.6095107871294021 0.7772632884979248 0.6013578033447265 0.7772632884979248
0 0.18331298828125 0.8384683227539063 0.19221822142601014 0.8384683227539063 0.19221822142601014 0.8486165237426758 0.18331298828125 0.8486165237426758
0 0.1225223345614041 0.7645062173699532 0.13105622851095464 0.7645062173699532 0.13105622851095464 0.7783587928187794 0.1225223345614041 0.7783587928187794
0 0.4547346347403356 0.6822056220563382 0.46448765639696477 0.6822056220563382 0.46448765639696477 0.6936136253671363 0.4547346347403356 0.6936136253671363
0 0.8820388960714015 0.7661359321286385 0.8875249707532554 0.7661359321286385 0.8875249707532554 0.7783587928187794 0.8820388960714015 0.7783587928187794
0 0.8942301731421881 0.8264353782 0.9045927586523566 0.8264353782 0.9045927586523566 0.8411028110281691 0.8942301731421881 0.8411028110281691
