0 0.5544115447998047 0.6865834808349609 0.5630153727531433 0.6865834808349609 0.5630153727531433 0.6968263185024262 0.5544115447998047 0.6968263185024262
0 0.4924518585205078 0.6887784576416016 0.5006506484746933 0.6887784576416016 0.5006506484746933 0.697836960554123 0.4924518585205078 0.697836960554123
0 0.5848709106445312 0.44936916351318357 0.5928939580917357 0.44936916351318357 0.5928939580917357 0.45933564305305474 0.5848709106445312 0.45933564305305474
0 0.4671260070800781 0.6877047729492188 0.47432339429855347 0.6877047729492188 0.47432339429855347 0.6971471965312959 0.4671260070800781 0.6971471965312959
0 0.5458047485351563 0.37460899353027344 0.5540604633092882 0.37460899353027344 0.5540604633092882 0.38495781302452087 0.5458047485351563 0.38495781302452087
0 0.4547307586669922 0.7707605743408203 0.4621879595518112 0.7707605743408203 0.4621879595518112 0.7803316301107407 0.4547307586669922 0.7803316301107407
0 0.5293049621582031 0.2883312225341797 0.5376875376701354 0.2883312225341797 0.5376875376701354 0.2997983014583588 0.5293049621582031 0.2997983014583588
0 0.5628540802001953 0.6064179229736328 0.571379366517067 0.6064179229736328 0.571379366517067 0.6172966098785401 0.5628540802001953 0.6172966098785401
0 0.4449243927001953 0.8472737884521484 0.4515186440944671 0.8472737884521484 0.4515186440944671 0.855453606247902 0.4449243927001953 0.855453606247902
0 0.5549599075317383 0.4501692962646484 0.5640484088659287 0.4501692962646484 0.5640484088659287 0.4605824315547943 0.5549599075317383 0.4605824315547943
0 0.48318603515625 0.7714697265625 0.4903125107288361 0.7714697265625 0.4903125107288361 0.7812245994806291 0.48318603515625 0.7812245994806291
0 0.5397657012939453 0.7683662414550783 0.5473707884550094 0.7683662414550783 0.5473707884550094 0.7786292397975921 0.5397657012939453 0.7786292397975921
0 0.4457482147216797 0.6847174835205078 0.4534838294982911 0.6847174835205078 0.4534838294982911 0.6944379645586013 0.4457482147216797 0.6944379645586013
0 0.49242156982421875 0.3522381591796875 0.5005233657360078 0.3522381591796875 0.5005233657360078 0.3620702743530273 0.49242156982421875 0.3620702743530273
0 0.4457391738891602 0.37836002349853515 0.4527449691295624 0.37836002349853515 0.4527449691295624 0.3877320033311844 0.4457391738891602 0.3877320033311844
0 0.5936621856689454 0.6837791442871095 0.6017479836940766 0.6837791442871095 0.6017479836940766 0.6945918548107147 0.5936621856689454 0.6945918548107147
0 0.5059645080566406 0.2946347999572754 0.5148343592882156 0.2946347999572754 0.5148343592882156 0.30517963171005247 0.5059645080566406 0.30517963171005247
0 0.5065725708007812 0.8488253784179688 0.5150724261999131 0.8488253784179688 0.5150724261999131 0.8580468261241913 0.5065725708007812 0.8580468261241913
0 0.5533649444580078 0.5215155410766602 0.5607031208276749 0.5215155410766602 0.5607031208276749 0.5309644079208374 0.5533649444580078 0.5309644079208374
0 0.5376005935668945 0.6101421737670898 0.5445143038034439 0.6101421737670898 0.5445143038034439 0.6195638829469681 0.5376005935668945 0.6195638829469681
0 0.475765380859375 0.29436073303222654 0.4851571655273437 0.29436073303222654 0.4851571655273437 0.304503835439682 0.475765380859375 0.304503835439682
0 0.4462416458129883 0.4511255264282227 0.4535560762882233 0.4511255264282227 0.4535560762882233 0.4612889468669892 0.4462416458129883 0.4612889468669892
0 0.6037672424316406 0.28747636795043946 0.6110201942920684 0.28747636795043946 0.6110201942920684 0.29861220002174377 0.6037672424316406 0.29861220002174377
0 0.473681755065918 0.607495346069336 0.4822665983438492 0.607495346069336 0.4822665983438492 0.6174453812837601 0.473681755065918 0.6174453812837601
0 0.46330745697021486 0.3763542175292969 0.4706607741117477 0.3763542175292969 0.4706607741117477 0.38658472180366515 0.46330745697021486 0.38658472180366515
0 0.5292604827880859 0.526639060974121 0.5372136831283569 0.526639060974121 0.5372136831283569 0.5373945701122284 0.5292604827880859 0.5373945701122284
0 0.4432974624633789 0.5248259735107422 0.44945760726928713 0.5248259735107422 0.44945760726928713 0.5329688304662704 0.4432974624633789 0.5329688304662704
0 0.513275032043457 0.6946025085449219 0.5205131983757019 0.6946025085449219 0.5205131983757019 0.7046292722225189 0.513275032043457 0.7046292722225189
0 0.5382257843017578 0.8483186340332032 0.5464510995149612 0.8483186340332032 0.5464510995149612 0.8591919052600862 0.5382257843017578 0.8591919052600862
0 0.8293818664550782 0.0 0.836699874997139 0.0 0.836699874997139 0.00791343629360199 0.8293818664550782 0.00791343629360199
0 0.5641265869140625 0.765734634399414 0.5720139616727828 0.765734634399414 0.5720139616727828 0.775118236541748 0.5641265869140625 0.775118236541748
0 0.5627077484130859 0.28646259307861327 0.5706539106369019 0.28646259307861327 0.5706539106369019 0.296879266500473 0.5627077484130859 0.296879266500473
0 0.5144311904907226 0.6102727890014649 0.5225826960802078 0.6102727890014649 0.5225826960802078 0.620590695142746 0.5144311904907226 0.620590695142746
0 0.47994781494140626 0.8523213195800782 0.4872877949476242 0.8523213195800782 0.4872877949476242 0.8624067461490632 0.47994781494140626 0.8624067461490632
0 0.6126304244995118 0.36764396667480465 0.6207534229755403 0.36764396667480465 0.6207534229755403 0.37724431455135343 0.6126304244995118 0.37724431455135343
0 0.46208553314208983 0.8494205474853516 0.4691365128755569 0.8494205474853516 0.4691365128755569 0.8587633538246154 0.46208553314208983 0.8587633538246154
0 0.4681177549034562 0.4515126187498543 0.47718564693957827 0.4515126187498543 0.47718564693957827 0.46430789991308724 0.4681177549034562 0.46430789991308724
0 0.5084194972862213 0.7656443239576299 0.5179911611021281 0.7656443239576299 0.5179911611021281 0.7770927334194699 0.5084194972862213 0.7770927334194699
0 0.5814664053549833 0.2834642548589612 0.5900305256113209 0.2834642548589612 0.5900305256113209 0.2969329718728905 0.5814664053549833 0.2969329718728905
