0 0.5544596862792969 0.687014389038086 0.5630406260490417 0.687014389038086 0.5630406260490417 0.6971370542049408 0.5544596862792969 0.6971370542049408
0 0.4925860595703125 0.6890943145751953 0.5006830060482025 0.6890943145751953 0.5006830060482025 0.6981744801998139 0.4925860595703125 0.6981744801998139
0 0.5850048828125 0.4493941116333008 0.5929561311006546 0.4493941116333008 0.5929561311006546 0.4593697226047516 0.5850048828125 0.4593697226047516
0 0.46715518951416013 0.6876818847656251 0.474307746887207 0.6876818847656251 0.474307746887207 0.6971470779180526 0.46715518951416013 0.6971470779180526
0 0.5458192443847656 0.37450340270996096 0.5540439683198929 0.37450340270996096 0.5540439683198929 0.38487313389778144 0.5458192443847656 0.38487313389778144
0 0.4546564865112305 0.7707399749755859 0.4620356488227845 0.7707399749755859 0.4620356488227845 0.7801672184467314 0.4546564865112305 0.7801672184467314
0 0.5291012191772461 0.2880621147155762 0.5371159279346466 0.2880621147155762 0.5371159279346466 0.29982683897018436 0.5291012191772461 0.29982683897018436
0 0.5166392898559571 0.4563811874389649 0.5244960284233093 0.4563811874389649 0.5244960284233093 0.46642629384994505 0.5166392898559571 0.46642629384994505
0 0.563084602355957 0.6064933395385742 0.5716411751508713 0.6064933395385742 0.5716411751508713 0.617223391532898 0.563084602355957 0.617223391532898
0 0.4448308181762695 0.8475169372558594 0.45157901763916014 0.8475169372558594 0.45157901763916014 0.8558239644765854 0.4448308181762695 0.8558239644765854
0 0.48319416046142577 0.771233901977539 0.4904671025276184 0.771233901977539 0.4904671025276184 0.7810449868440628 0.48319416046142577 0.7810449868440628
0 0.5551446533203125 0.45019466400146485 0.564071991443634 0.45019466400146485 0.564071991443634 0.46078367114067076 0.5551446533203125 0.46078367114067076
0 0.4455788040161133 0.6849224090576171 0.4533214569091797 0.6849224090576171 0.4533214569091797 0.694741004705429 0.4455788040161133 0.694741004705429
0 0.47310108184814453 0.5323395919799805 0.48167519032955164 0.5323395919799805 0.48167519032955164 0.5428510391712189 0.47310108184814453 0.5428510391712189
0 0.5397509765625 0.7682266235351562 0.5475595730543137 0.7682266235351562 0.5475595730543137 0.778295922279358 0.5397509765625 0.778295922279358
0 0.5065572738647461 0.8487896728515625 0.5152297073602677 0.8487896728515625 0.5152297073602677 0.858098087310791 0.5065572738647461 0.858098087310791
0 0.5938639831542969 0.6837963104248048 0.6017909240722656 0.6837963104248048 0.6017909240722656 0.6946447563171387 0.5938639831542969 0.6946447563171387
0 0.4757914733886719 0.2942289161682129 0.48504365205764777 0.2942289161682129 0.48504365205764777 0.3043516993522644 0.4757914733886719 0.3043516993522644
0 0.5059103012084961 0.2947676467895508 0.5145842128992081 0.2947676467895508 0.5145842128992081 0.305210429430008 0.5059103012084961 0.305210429430008
0 0.5375680923461914 0.6099443435668945 0.5445207184553146 0.6099443435668945 0.5445207184553146 0.6194736152887345 0.5375680923461914 0.6194736152887345
0 0.5535966110229492 0.5216661834716797 0.5607284390926361 0.5216661834716797 0.5607284390926361 0.5309606832265854 0.5535966110229492 0.5309606832265854
0 0.4461884307861328 0.451190299987793 0.4535522156953811 0.451190299987793 0.4535522156953811 0.46127414584159854 0.4461884307861328 0.46127414584159854
0 0.44568714141845706 0.37831851959228513 0.4526725620031357 0.37831851959228513 0.4526725620031357 0.3876890760660171 0.44568714141845706 0.3876890760660171
0 0.44342838287353514 0.524604148864746 0.4499093168973923 0.524604148864746 0.4499093168973923 0.5330765324831008 0.44342838287353514 0.5330765324831008
0 0.4736270523071289 0.6075395584106446 0.48219968259334567 0.6075395584106446 0.48219968259334567 0.6174484026432038 0.4736270523071289 0.6174484026432038
0 0.4991031646728515 0.5270223999023438 0.5070257288217543 0.5270223999023438 0.5070257288217543 0.5372804176807404 0.4991031646728515 0.5372804176807404
0 0.5293571090698242 0.5265644073486329 0.537254478931427 0.5265644073486329 0.537254478931427 0.5373709106445312 0.5293571090698242 0.5373709106445312
0 0.47977977752685547 0.8527503967285155 0.4869417679309845 0.8527503967285155 0.4869417679309845 0.8624517452716826 0.47977977752685547 0.8624517452716826
0 0.6040575408935547 0.2874428176879883 0.6111743468046188 0.2874428176879883 0.6111743468046188 0.2987380373477936 0.6040575408935547 0.2987380373477936
0 0.5135467529296875 0.6945915985107421 0.5206103301048279 0.6945915985107421 0.5206103301048279 0.7046476936340332 0.5135467529296875 0.7046476936340332
0 0.5641386032104492 0.7656666564941407 0.5720666086673737 0.7656666564941407 0.5720666086673737 0.7748712641000748 0.5641386032104492 0.7748712641000748
0 0.5380086898803711 0.8484706115722657 0.5462083965539932 0.8484706115722657 0.5462083965539932 0.8589228034019469 0.5380086898803711 0.8589228034019469
0 0.5144187927246093 0.6102858352661132 0.5226053696870804 0.6102858352661132 0.5226053696870804 0.6205957961082459 0.5144187927246093 0.6205957961082459
0 0.4629751968383789 0.3761528015136718 0.4708174455165863 0.3761528015136718 0.4708174455165863 0.3864853739738464 0.4629751968383789 0.3864853739738464
0 0.562297592163086 0.2854733467102051 0.5709620410203934 0.2854733467102051 0.5709620410203934 0.29647770047187805 0.562297592163086 0.29647770047187805
0 0.46209213256835935 0.8494466400146484 0.4691266709566116 0.8494466400146484 0.4691266709566116 0.8588118207454681 0.46209213256835935 0.8588118207454681
0 0.6126723098754883 0.3674859619140625 0.6208794093132018 0.3674859619140625 0.6208794093132018 0.37719292342662813 0.6126723098754883 0.37719292342662813
0 0.579451318235845 0.28382709192643457 0.5895267538315363 0.28382709192643457 0.5895267538315363 0.2959489372389709 0.579451318235845 0.2959489372389709
0 0.46912529846302525 0.4521860546005508 0.4797045058385011 0.4521860546005508 0.4797045058385011 0.4676750791665694 0.46912529846302525 0.4676750791665694
0 0.5089232690660059 0.7673540327264965 0.5195024764414816 0.7673540327264965 0.5195024764414816 0.7767821346362468 0.5089232690660059 0.7767821346362468
