0 0.16532169342041014 0.21718721389770507 0.1729599744081497 0.21718721389770507 0.1729599744081497 0.22715901017189025 0.16532169342041014 0.22715901017189025
0 0.19658306121826172 0.8348826599121094 0.20332780063152314 0.8348826599121094 0.20332780063152314 0.8432483500242234 0.19658306121826172 0.8432483500242234
0 0.1411446189880371 0.2180014419555664 0.14888076603412628 0.2180014419555664 0.14888076603412628 0.22669096648693082 0.1411446189880371 0.22669096648693082
0 0.15849266052246094 0.5316469955444336 0.16528144657611848 0.5316469955444336 0.16528144657611848 0.541560464501381 0.15849266052246094 0.541560464501381
0 0.23291492462158203 0.218486328125 0.23998432755470278 0.218486328125 0.23998432755470278 0.22785670697689056 0.23291492462158203 0.22785670697689056
0 0.2193717575073242 0.32446624755859377 0.22715767264366152 0.32446624755859377 0.22715767264366152 0.334493089914322 0.2193717575073242 0.334493089914322
0 0.16199954986572265 0.32144622802734374 0.16887966692447662 0.32144622802734374 0.16887966692447662 0.3311568462848663 0.16199954986572265 0.3311568462848663
0 0.17166349411010742 0.778648910522461 0.17900720059871672 0.778648910522461 0.17900720059871672 0.7886978113651276 0.17166349411010742 0.7886978113651276
0 0.2215269088745117 0.1668099594116211 0.22863190054893495 0.1668099594116211 0.22863190054893495 0.1768593549728394 0.2215269088745117 0.1768593549728394
0 0.16276903152465821 0.37256675720214844 0.16940240561962128 0.37256675720214844 0.16940240561962128 0.3817806541919708 0.16276903152465821 0.3817806541919708
0 0.13909224510192872 0.32070274353027345 0.14569776296615602 0.32070274353027345 0.14569776296615602 0.3301361733675003 0.13909224510192872 0.3301361733675003
0 0.15041359901428222 0.7802234649658202 0.15737237572669985 0.7802234649658202 0.15737237572669985 0.7901166945695877 0.15041359901428222 0.7901166945695877
0 0.20353099822998047 0.22489545822143556 0.2113704967498779 0.22489545822143556 0.2113704967498779 0.23489251494407654 0.20353099822998047 0.23489251494407654
0 0.21745626449584962 0.020990583896636963 0.22468177437782288 0.020990583896636963 0.22468177437782288 0.028778144717216493 0.21745626449584962 0.028778144717216493
0 0.2480136299133301 0.8365343475341797 0.2554162275791168 0.8365343475341797 0.2554162275791168 0.8461829620599747 0.2480136299133301 0.8461829620599747
0 0.1855149269104004 0.37224292755126953 0.19306684494018553 0.37224292755126953 0.19306684494018553 0.3811157947778702 0.1855149269104004 0.3811157947778702
0 0.1653740119934082 0.023440072536468504 0.17205651879310607 0.023440072536468504 0.17205651879310607 0.03141291081905365 0.1653740119934082 0.03141291081905365
0 0.17773809432983398 0.8323020935058594 0.18436448991298673 0.8323020935058594 0.18436448991298673 0.8407553833723068 0.17773809432983398 0.8407553833723068
0 0.24736129760742187 0.16411130905151367 0.25467824161052705 0.16411130905151367 0.25467824161052705 0.17504800677299498 0.24736129760742187 0.17504800677299498
0 0.13344711303710938 0.7743733978271484 0.14004361152648925 0.7743733978271484 0.14004361152648925 0.7832112407684325 0.13344711303710938 0.7832112407684325
0 0.21793851852416993 0.07593307495117188 0.22533747851848604 0.07593307495117188 0.22533747851848604 0.08465245485305786 0.21793851852416993 0.08465245485305786
0 0.20743932723999023 0.6241093063354493 0.2155967617034912 0.6241093063354493 0.2155967617034912 0.6345787727832795 0.20743932723999023 0.6345787727832795
0 0.22881258010864258 0.5277260208129883 0.23760669946670532 0.5277260208129883 0.23760669946670532 0.5381269013881683 0.22881258010864258 0.5381269013881683
0 0.2217523193359375 0.7794430541992187 0.22894886374473572 0.7794430541992187 0.22894886374473572 0.7896872353553771 0.2217523193359375 0.7896872353553771
0 0.15635072708129882 0.6187850570678711 0.16254972815513613 0.6187850570678711 0.16254972815513613 0.6278798884153366 0.15635072708129882 0.6278798884153366
0 0.2098917007446289 0.36813320159912105 0.2166488307714462 0.36813320159912105 0.2166488307714462 0.37775410532951353 0.2098917007446289 0.37775410532951353
0 0.17496335983276368 0.4722354125976562 0.18244442462921143 0.4722354125976562 0.18244442462921143 0.4809709113836288 0.17496335983276368 0.4809709113836288
0 0.23387931823730468 0.6711734771728517 0.2411866074800491 0.6711734771728517 0.2411866074800491 0.6798297172784806 0.23387931823730468 0.6798297172784806
0 0.1705771255493164 0.07595905303955078 0.17759004712104795 0.07595905303955078 0.17759004712104795 0.08455903649330139 0.1705771255493164 0.08455903649330139
0 0.19445058822631836 0.1597594165802002 0.20210638999938965 0.1597594165802002 0.20210638999938965 0.1697738766670227 0.19445058822631836 0.1697738766670227
0 0.13080215454101562 0.47293647766113284 0.13858061790466308 0.47293647766113284 0.13858061790466308 0.4824112367630005 0.13080215454101562 0.4824112367630005
0 0.17060077667236329 0.16162689208984374 0.17742699980735777 0.16162689208984374 0.17742699980735777 0.1718295669555664 0.17060077667236329 0.1718295669555664
0 0.18430688858032226 0.31816505432128905 0.19280943453311922 0.31816505432128905 0.19280943453311922 0.3284083271026611 0.18430688858032226 0.3284083271026611
0 0.1969145393371582 0.47311378479003907 0.20450473725795745 0.47311378479003907 0.20450473725795745 0.4831905937194825 0.1969145393371582 0.4831905937194825
0 0.25313796997070315 0.3246014404296875 0.26069213509559636 0.3246014404296875 0.26069213509559636 0.3344120311737061 0.25313796997070315 0.3344120311737061
0 0.21179059982299805 0.6730451965332032 0.21927151679992674 0.6730451965332032 0.21927151679992674 0.6835675942897796 0.21179059982299805 0.6835675942897796
0 0.18399215698242188 0.6694783020019531 0.1919006156921387 0.6694783020019531 0.1919006156921387 0.6791870027780533 0.18399215698242188 0.6791870027780533
0 0.13614538192749023 0.8248529052734375 0.14301080226898194 0.8248529052734375 0.14301080226898194 0.8333243000507354 0.13614538192749023 0.8333243000507354
0 0.13953446388244628 0.3687926864624023 0.14616029739379882 0.3687926864624023 0.14616029739379882 0.3780838656425476 0.13953446388244628 0.3780838656425476
0 0.14449169158935546 0.02261772871017456 0.15056081593036652 0.02261772871017456 0.15056081593036652 0.031106383800506593 0.14449169158935546 0.031106383800506593
0 0.15403459548950196 0.658515396118164 0.16094466805458071 0.658515396118164 0.16094466805458071 0.6680556577444076 0.15403459548950196 0.6680556577444076
0 0.23889509201049805 0.6240787887573243 0.24657387077808382 0.6240787887573243 0.24657387077808382 0.6344794714450837 0.23889509201049805 0.6344794714450837
0 0.1945497512817383 0.026767704486846924 0.20032493650913238 0.026767704486846924 0.20032493650913238 0.03432169914245605 0.1945497512817383 0.03432169914245605
0 0.15393245697021485 0.4722425842285156 0.160916029214859 0.4722425842285156 0.160916029214859 0.48095800161361696 0.15393245697021485 0.48095800161361696
0 0.14551827430725098 0.07570820331573486 0.15304042875766755 0.07570820331573486 0.15304042875766755 0.08514749884605408 0.14551827430725098 0.08514749884605408
0 0.2230817985534668 0.47449020385742186 0.23200900316238401 0.47449020385742186 0.23200900316238401 0.4849932706356049 0.2230817985534668 0.4849932706356049
0 0.23113420486450195 0.3713915252685547 0.2389583855867386 0.3713915252685547 0.2389583855867386 0.38103025734424584 0.23113420486450195 0.38103025734424584
0 0.15676209449768067 0.8284185028076172 0.16337769627571105 0.8284185028076172 0.16337769627571105 0.8382352805137634 0.15676209449768067 0.8382352805137634
0 0.13929001808166505 0.16006845474243164 0.14769481658935552 0.16006845474243164 0.14769481658935552 0.17095888137817383 0.13929001808166505 0.17095888137817383
0 0.20990728378295898 0.8380194854736328 0.21660601019859313 0.8380194854736328 0.21660601019859313 0.8467985069751739 0.20990728378295898 0.8467985069751739
0 0.13424093246459962 0.5256166076660156 0.1414388519525528 0.5256166076660156 0.1414388519525528 0.5348381739854812 0.13424093246459962 0.5348381739854812
0 0.18129327774047851 0.525550765991211 0.18813992023468018 0.525550765991211 0.18813992023468018 0.5361689066886902 0.18129327774047851 0.5361689066886902
0 0.2495052719116211 0.021382827758789063 0.2558756983280182 0.021382827758789063 0.2558756983280182 0.028844568729400638 0.2495052719116211 0.028844568729400638
0 0.19370439529418945 0.0776474666595459 0.20074805617332458 0.0776474666595459 0.20074805617332458 0.08790709972381593 0.19370439529418945 0.08790709972381593
0 0.2020648956298828 0.5266911315917969 0.20923825621604916 0.5266911315917969 0.20923825621604916 0.5369164574146271 0.2020648956298828 0.5369164574146271
0 0.13170207023620606 0.6197168350219726 0.13936048924922945 0.6197168350219726 0.13936048924922945 0.629310621023178 0.13170207023620606 0.629310621023178
0 0.24565643310546875 0.07240969181060791 0.25331000208854676 0.07240969181060791 0.25331000208854676 0.08191128253936768 0.24565643310546875 0.08191128253936768
0 0.26195583343505857 0.2242371940612793 0.2702064913511276 0.2242371940612793 0.2702064913511276 0.23473808765411375 0.26195583343505857 0.23473808765411375
0 0.13614681243896484 0.67382080078125 0.1440421712398529 0.67382080078125 0.1440421712398529 0.6847425365447998 0.13614681243896484 0.6847425365447998
0 0.17527927213991887 0.6211193465927726 0.18235705747573508 0.6211193465927726 0.18235705747573508 0.6311374005700754 0.17527927213991887 0.6311374005700754
0 0.19942701034446828 0.7758426246866712 0.20692113599415599 0.7758426246866712 0.20692113599415599 0.7853041201096794 0.19942701034446828 0.7853041201096794
