0 0.5172589111328125 0.6335646057128906 0.5244935882091523 0.6335646057128906 0.5244935882091523 0.6440628504753113 0.5172589111328125 0.6440628504753113
0 0.47029857635498046 0.15546122550964356 0.47796886801719657 0.15546122550964356 0.47796886801719657 0.16514322340488433 0.47029857635498046 0.16514322340488433
0 0.21012123107910155 0.6761486816406249 0.21754755973815917 0.6761486816406249 0.21754755973815917 0.6865143013000489 0.21012123107910155 0.6865143013000489
0 0.14833314895629882 0.78223876953125 0.1545950925350189 0.78223876953125 0.1545950925350189 0.7916625344753265 0.14833314895629882 0.7916625344753265
0 0.5071738815307617 0.20936777114868163 0.5141741174459458 0.20936777114868163 0.5141741174459458 0.21778678834438323 0.5071738815307617 0.21778678834438323
0 0.21970909118652343 0.7822612762451173 0.22680043578147888 0.7822612762451173 0.22680043578147888 0.7922657442092896 0.21970909118652343 0.7922657442092896
0 0.18116291046142577 0.5298052978515625 0.187952761054039 0.5298052978515625 0.187952761054039 0.5386219131946564 0.18116291046142577 0.5386219131946564
0 0.20242446899414063 0.22811529159545899 0.21043598353862764 0.22811529159545899 0.21043598353862764 0.23765582978725436 0.20242446899414063 0.23765582978725436
0 0.4756076049804687 0.7834626770019532 0.48324010431766506 0.7834626770019532 0.48324010431766506 0.7927509313821792 0.4756076049804687 0.7927509313821792
0 0.45326828002929687 0.06272895336151123 0.460821321606636 0.06272895336151123 0.460821321606636 0.07104017555713653 0.45326828002929687 0.07104017555713653
0 0.19679689407348633 0.4765817260742187 0.2043159580230713 0.4765817260742187 0.2043159580230713 0.48608388006687164 0.19679689407348633 0.48608388006687164
0 0.44640010833740235 0.21823598861694335 0.45431119918823243 0.21823598861694335 0.45431119918823243 0.22791440904140473 0.44640010833740235 0.22791440904140473
0 0.5255384826660157 0.20809499740600587 0.5328807401657105 0.20809499740600587 0.5328807401657105 0.2174550986289978 0.5255384826660157 0.2174550986289978
0 0.4524479293823242 0.7901268005371094 0.4600368410348892 0.7901268005371094 0.4600368410348892 0.8010102701187134 0.4524479293823242 0.8010102701187134
0 0.2022410202026367 0.5299124526977539 0.208907972574234 0.5299124526977539 0.208907972574234 0.5385966408252716 0.2022410202026367 0.5385966408252716
0 0.5166854476928711 0.47142284393310546 0.5253023463487624 0.47142284393310546 0.5253023463487624 0.480547639131546 0.5166854476928711 0.480547639131546
0 0.4986663436889648 0.8341413116455079 0.5053723448514937 0.8341413116455079 0.5053723448514937 0.8433328741788865 0.4986663436889648 0.8433328741788865
0 0.22902523040771483 0.5305398941040039 0.237467303276062 0.5305398941040039 0.237467303276062 0.5409483253955841 0.22902523040771483 0.5409483253955841
0 0.19418373107910156 0.1631367874145508 0.201211541891098 0.1631367874145508 0.201211541891098 0.17269543051719666 0.19418373107910156 0.17269543051719666
0 0.13908408164978028 0.16393667221069336 0.14625040471553805 0.16393667221069336 0.14625040471553805 0.17320506215095519 0.13908408164978028 0.17320506215095519
0 0.47474380493164064 0.3241181182861328 0.48190381407737737 0.3241181182861328 0.48190381407737737 0.3343185198307037 0.47474380493164064 0.3343185198307037
0 0.4470391845703125 0.32416305541992185 0.455295135974884 0.32416305541992185 0.455295135974884 0.33336246490478516 0.4470391845703125 0.33336246490478516
0 0.13390719413757324 0.8265921783447266 0.14023554027080537 0.8265921783447266 0.14023554027080537 0.8345814591646195 0.13390719413757324 0.8345814591646195
0 0.4544600677490234 0.375528564453125 0.4623439234495163 0.375528564453125 0.4623439234495163 0.3841931450366974 0.4544600677490234 0.3841931450366974
0 0.15884915351867676 0.5341160202026367 0.165349959731102 0.5341160202026367 0.165349959731102 0.5433402746915816 0.15884915351867676 0.5433402746915816
0 0.20561885833740234 0.6269726943969727 0.2138268005847931 0.6269726943969727 0.2138268005847931 0.6367476880550385 0.20561885833740234 0.6367476880550385
0 0.4686973190307617 0.007153709530830383 0.47607751607894894 0.007153709530830383 0.47607751607894894 0.017939648032188414 0.4686973190307617 0.017939648032188414
0 0.5204290390014649 0.5264493560791016 0.5277360475063324 0.5264493560791016 0.5277360475063324 0.5359132838249208 0.5204290390014649 0.5359132838249208
0 0.4842593383789062 0.21041067123413085 0.4912554931640625 0.21041067123413085 0.4912554931640625 0.2185544764995575 0.4842593383789062 0.2185544764995575
0 0.19337692260742187 0.08083622932434081 0.20014979958534238 0.08083622932434081 0.20014979958534238 0.08946638405323028 0.19337692260742187 0.08946638405323028
0 0.4997992706298828 0.785878448486328 0.5073312574625015 0.785878448486328 0.5073312574625015 0.7940847516059875 0.4997992706298828 0.7940847516059875
0 0.5263307952880859 0.31457183837890623 0.5335069799423218 0.31457183837890623 0.5335069799423218 0.3239943385124206 0.5263307952880859 0.3239943385124206
0 0.17012500762939453 0.16518199920654297 0.1765377503633499 0.16518199920654297 0.1765377503633499 0.1745429104566574 0.17012500762939453 0.1745429104566574
0 0.13462034225463868 0.6772270965576171 0.14184543788433074 0.6772270965576171 0.14184543788433074 0.6864857816696167 0.13462034225463868 0.6864857816696167
0 0.5392532348632812 0.6848351287841797 0.5464744865894318 0.6848351287841797 0.5464744865894318 0.6949249827861786 0.5392532348632812 0.6949249827861786
0 0.16957847595214845 0.7807213592529297 0.17644197404384615 0.7807213592529297 0.17644197404384615 0.7909522593021394 0.16957847595214845 0.7909522593021394
0 0.22350561141967773 0.47768333435058596 0.23195785701274874 0.47768333435058596 0.23195785701274874 0.4872438353300095 0.22350561141967773 0.4872438353300095
0 0.5313415908813477 0.15902567863464356 0.5385466963052751 0.15902567863464356 0.5385466963052751 0.16874133706092834 0.5313415908813477 0.16874133706092834
0 0.1734185791015625 0.6228329849243164 0.18074995398521423 0.6228329849243164 0.18074995398521423 0.6315477693080902 0.1734185791015625 0.6315477693080902
0 0.5409756469726562 0.4719714736938477 0.5495441669225692 0.4719714736938477 0.5495441669225692 0.4810006445646286 0.5409756469726562 0.4810006445646286
0 0.5478831481933594 0.3618461227416992 0.5558674573898316 0.3618461227416992 0.5558674573898316 0.3706297695636749 0.5478831481933594 0.3706297695636749
0 0.49509147644042967 0.6893561553955078 0.5031198763847351 0.6893561553955078 0.5031198763847351 0.6992266154289245 0.49509147644042967 0.6992266154289245
0 0.4509556198120117 0.8417076110839845 0.4579603797197342 0.8417076110839845 0.4579603797197342 0.8522042346000672 0.4509556198120117 0.8522042346000672
0 0.5020668029785156 0.315903377532959 0.5093548858165741 0.315903377532959 0.5093548858165741 0.325623562335968 0.5020668029785156 0.325623562335968
0 0.2205656051635742 0.16991264343261717 0.22750275015830995 0.16991264343261717 0.22750275015830995 0.17960859596729278 0.2205656051635742 0.17960859596729278
0 0.13448562622070312 0.5290431213378907 0.14187624752521513 0.5290431213378907 0.14187624752521513 0.5377587360143662 0.13448562622070312 0.5377587360143662
0 0.45296085357666016 0.6325175094604493 0.4595445477962494 0.6325175094604493 0.4595445477962494 0.642414059638977 0.45296085357666016 0.642414059638977
0 0.500723991394043 0.5245070266723633 0.5078131181001664 0.5245070266723633 0.5078131181001664 0.5346621465682984 0.500723991394043 0.5346621465682984
0 0.174927978515625 0.8346011352539063 0.182176553606987 0.8346011352539063 0.182176553606987 0.8432791167497635 0.174927978515625 0.8432791167497635
0 0.19413358688354493 0.837491226196289 0.20087928771972657 0.837491226196289 0.20087928771972657 0.8453280770778655 0.19413358688354493 0.8453280770778655
0 0.5099015426635742 0.1594785976409912 0.516943473815918 0.1594785976409912 0.516943473815918 0.16887566983699798 0.5099015426635742 0.16887566983699798
0 0.5524479675292969 0.8363672637939453 0.559718189239502 0.8363672637939453 0.559718189239502 0.8453467053174973 0.5524479675292969 0.8453467053174973
0 0.44754615783691404 0.528566665649414 0.4542040467262268 0.528566665649414 0.4542040467262268 0.5382556802034378 0.44754615783691404 0.5382556802034378
0 0.237392578125 0.6272364425659179 0.24475033044815062 0.6272364425659179 0.24475033044815062 0.636794690489769 0.237392578125 0.636794690489769
0 0.19371742248535156 0.029055745601654054 0.19997453153133393 0.029055745601654054 0.19997453153133393 0.03712487816810608 0.19371742248535156 0.03712487816810608
0 0.23232463836669923 0.2215916442871094 0.23928950667381285 0.2215916442871094 0.23928950667381285 0.23115269899368288 0.23232463836669923 0.23115269899368288
0 0.4666973876953125 0.2175117874145508 0.4731512641906738 0.2175117874145508 0.4731512641906738 0.22769202828407287 0.4666973876953125 0.22769202828407287
0 0.13063631057739258 0.6226613998413086 0.13764027237892154 0.6226613998413086 0.13764027237892154 0.631453150510788 0.13063631057739258 0.631453150510788
0 0.23194820404052735 0.6741693878173828 0.2395222854614258 0.6741693878173828 0.2395222854614258 0.6837353044748307 0.23194820404052735 0.6837353044748307
0 0.131257963180542 0.475521240234375 0.13876120626926422 0.475521240234375 0.13876120626926422 0.4850569558143616 0.131257963180542 0.4850569558143616
0 0.5288255310058594 0.8324201202392578 0.5357593494653703 0.8324201202392578 0.5357593494653703 0.8423624467849732 0.5288255310058594 0.8423624467849732
0 0.5173155212402344 0.0053456854820251466 0.5245510262250901 0.0053456854820251466 0.5245510262250901 0.015669844150543216 0.5173155212402344 0.015669844150543216
0 0.47557174682617187 0.47537170410156254 0.48307682335376734 0.47537170410156254 0.48307682335376734 0.4852678191661835 0.47557174682617187 0.4852678191661835
0 0.16102699279785157 0.3238297653198242 0.16847539603710174 0.3238297653198242 0.16847539603710174 0.3335423010587692 0.16102699279785157 0.3335423010587692
0 0.4940385055541992 0.01252249836921692 0.5012403875589371 0.01252249836921692 0.5012403875589371 0.020996049642562867 0.4940385055541992 0.020996049642562867
0 0.14851882934570312 0.2167938232421875 0.1572111493349075 0.2167938232421875 0.1572111493349075 0.2267693555355072 0.14851882934570312 0.2267693555355072
0 0.5374515151977539 0.6311016464233399 0.5446903914213181 0.6311016464233399 0.5446903914213181 0.6403838920593262 0.5374515151977539 0.6403838920593262
0 0.2171727752685547 0.023807461261749267 0.22400401115417481 0.023807461261749267 0.22400401115417481 0.031660097241401675 0.2171727752685547 0.031660097241401675
0 0.1544694709777832 0.8306607055664063 0.16101966083049776 0.8306607055664063 0.16101966083049776 0.8404710793495178 0.1544694709777832 0.8404710793495178
0 0.4712100601196289 0.5272863388061524 0.47804522871971133 0.5272863388061524 0.47804522871971133 0.5359925055503846 0.4712100601196289 0.5359925055503846
0 0.16181085586547853 0.3749572372436523 0.16841184914112092 0.3749572372436523 0.16841184914112092 0.38498601675033567 0.16181085586547853 0.38498601675033567
0 0.19783971786499024 0.7785282897949218 0.20554993093013765 0.7785282897949218 0.20554993093013765 0.7881512093544006 0.19783971786499024 0.7881512093544006
0 0.5398992538452149 0.00873243749141693 0.5478836220502855 0.00873243749141693 0.5478836220502855 0.018060752153396604 0.5398992538452149 0.018060752153396604
0 0.22989534378051757 0.3740143966674805 0.2374809283018112 0.3740143966674805 0.2374809283018112 0.3845028376579284 0.22989534378051757 0.3845028376579284
0 0.49755321502685546 0.054593834877014163 0.5047372657060623 0.054593834877014163 0.5047372657060623 0.06327956438064575 0.49755321502685546 0.06327956438064575
0 0.21700408935546875 0.07821815490722656 0.2244089490175247 0.07821815490722656 0.2244089490175247 0.08799856424331665 0.21700408935546875 0.08799856424331665
0 0.18299161911010742 0.32138694763183595 0.19101780116558073 0.32138694763183595 0.19101780116558073 0.3314415216445923 0.18299161911010742 0.3314415216445923
0 0.20723161697387696 0.8402565002441407 0.21306578218936922 0.8402565002441407 0.21306578218936922 0.8488927376270294 0.20723161697387696 0.8488927376270294
0 0.14424994468688965 0.02505182981491089 0.14997413456439973 0.02505182981491089 0.14997413456439973 0.03215096652507782 0.14424994468688965 0.03215096652507782
0 0.468759765625 0.6318999862670899 0.4765553802251816 0.6318999862670899 0.4765553802251816 0.6414500910043717 0.468759765625 0.6414500910043717
0 0.18181772232055665 0.6715250396728516 0.18972776353359222 0.6715250396728516 0.18972776353359222 0.6812908226251602 0.18181772232055665 0.6812908226251602
0 0.4483636856079102 0.6847728729248048 0.455080007314682 0.6847728729248048 0.455080007314682 0.6947008103132248 0.4483636856079102 0.6947008103132248
0 0.13826936721801758 0.3231779861450195 0.14493435323238374 0.3231779861450195 0.14493435323238374 0.3329428601264954 0.13826936721801758 0.3329428601264954
0 0.5539125061035156 0.3179146766662598 0.5616220390796661 0.3179146766662598 0.5616220390796661 0.32860812306404114 0.5539125061035156 0.32860812306404114
0 0.14075944900512696 0.2191866683959961 0.1481421005725861 0.2191866683959961 0.1481421005725861 0.22799516022205354 0.14075944900512696 0.22799516022205354
0 0.5263232040405273 0.36096691131591796 0.5337611538171767 0.36096691131591796 0.5337611538171767 0.37058801293373106 0.5263232040405273 0.37058801293373106
0 0.47285301208496094 0.6865027618408203 0.4809210968017578 0.6865027618408203 0.4809210968017578 0.6973054313659668 0.47285301208496094 0.6973054313659668
0 0.5031988525390625 0.36661441802978517 0.5109574735164641 0.36661441802978517 0.5109574735164641 0.37593069911003113 0.5031988525390625 0.37593069911003113
0 0.21821897506713867 0.3270188140869141 0.22652160465717316 0.3270188140869141 0.22652160465717316 0.33834061861038206 0.21821897506713867 0.33834061861038206
0 0.47344547271728515 0.06148193836212158 0.4809811556339264 0.06148193836212158 0.4809811556339264 0.07098446309566497 0.47344547271728515 0.07098446309566497
0 0.24647567749023438 0.16709260940551757 0.2543973845243454 0.16709260940551757 0.2543973845243454 0.17801102399826046 0.24647567749023438 0.17801102399826046
0 0.16938486099243164 0.07778032302856445 0.17676010489463806 0.07778032302856445 0.17676010489463806 0.08816465020179748 0.16938486099243164 0.08816465020179748
0 0.13852612495422365 0.3711830139160156 0.1451970398426056 0.3711830139160156 0.1451970398426056 0.3808691430091858 0.13852612495422365 0.3808691430091858
0 0.5472311019897461 0.5272185134887696 0.5555983597040177 0.5272185134887696 0.5555983597040177 0.5366102188825608 0.5472311019897461 0.5366102188825608
0 0.13188817024230956 0.7759214782714844 0.13900694251060486 0.7759214782714844 0.13900694251060486 0.7846000921726227 0.13188817024230956 0.7846000921726227
0 0.2611977577209473 0.22702938079833984 0.26911023855209354 0.22702938079833984 0.26911023855209354 0.23776275277137754 0.2611977577209473 0.23776275277137754
0 0.4757299041748047 0.8401940155029296 0.48303729712963106 0.8401940155029296 0.48303729712963106 0.8505085611343384 0.4757299041748047 0.8505085611343384
0 0.2520594596862793 0.32699234008789063 0.2594410169124603 0.32699234008789063 0.2594410169124603 0.33793969154357906 0.2520594596862793 0.33793969154357906
0 0.49039085388183595 0.16124006271362304 0.49708961009979247 0.16124006271362304 0.49708961009979247 0.1718982172012329 0.49039085388183595 0.1718982172012329
0 0.517884521484375 0.055633525848388675 0.5243967121839523 0.055633525848388675 0.5243967121839523 0.06473003268241882 0.517884521484375 0.06473003268241882
0 0.5222113037109375 0.682087631225586 0.5288040471076965 0.682087631225586 0.5288040471076965 0.6920764458179475 0.5222113037109375 0.6920764458179475
0 0.2453912353515625 0.07567073345184326 0.25259480297565456 0.07567073345184326 0.25259480297565456 0.0841639006137848 0.2453912353515625 0.0841639006137848
0 0.5261385345458984 0.7864896392822266 0.5335912704467773 0.7864896392822266 0.5335912704467773 0.7971767997741699 0.5261385345458984 0.7971767997741699
0 0.20839000701904298 0.370850715637207 0.2154898238182068 0.370850715637207 0.2154898238182068 0.380857081413269 0.20839000701904298 0.380857081413269
0 0.5424045562744141 0.05393216133117676 0.5499190366268158 0.05393216133117676 0.5499190366268158 0.06273041963577271 0.5424045562744141 0.06273041963577271
0 0.4951051330566406 0.6299016189575195 0.5032606893777847 0.6299016189575195 0.5032606893777847 0.6400646448135375 0.4951051330566406 0.6400646448135375
0 0.44803676605224607 0.15982964515686035 0.4561871182918548 0.15982964515686035 0.4561871182918548 0.17112871885299683 0.44803676605224607 0.17112871885299683
0 0.24499608993530272 0.8384491729736329 0.2536656993627548 0.8384491729736329 0.2536656993627548 0.8498582410812378 0.24499608993530272 0.8498582410812378
0 0.4798581314086914 0.3705052185058594 0.4878660678863525 0.3705052185058594 0.4878660678863525 0.3813340568542481 0.4798581314086914 0.3813340568542481
0 0.4485456848144531 0.4744706726074219 0.4562528520822525 0.4744706726074219 0.4562528520822525 0.4852978110313415 0.4485456848144531 0.4852978110313415
0 0.4925389862060547 0.4734865951538086 0.49991566419601435 0.4734865951538086 0.49991566419601435 0.48321680068969725 0.4925389862060547 0.48321680068969725
0 0.1644163703918457 0.02449756383895874 0.17196874618530272 0.02449756383895874 0.17196874618530272 0.0347777259349823 0.1644163703918457 0.0347777259349823
0 0.15163910865783692 0.6608761596679688 0.15927267253398897 0.6608761596679688 0.15927267253398897 0.6698197865486145 0.15163910865783692 0.6698197865486145
0 0.24886325921357513 0.023570254774376274 0.2549085205709899 0.023570254774376274 0.2549085205709899 0.03367179253482325 0.24886325921357513 0.03367179253482325
0 0.14458250079817012 0.07744512283009347 0.15062776215558493 0.07744512283009347 0.15062776215558493 0.08822009644123692 0.14458250079817012 0.08822009644123692
0 0.18035029716287426 0.36836941033096626 0.19395213521705754 0.36836941033096626 0.19395213521705754 0.37981781979280616 0.18035029716287426 0.37981781979280616
0 0.15213907749493863 0.47409883889031146 0.1612069695310608 0.47409883889031146 0.1612069695310608 0.48420037665075844 0.15213907749493863 0.48420037665075844
0 0.1753125793650286 0.47477227474100786 0.1813578407224434 0.47477227474100786 0.1813578407224434 0.48420037665075844 0.1753125793650286 0.48420037665075844
0 0.44936442756783196 0.004714050954875255 0.4564172324848158 0.004714050954875255 0.4564172324848158 0.012121845312536371 0.44936442756783196 0.012121845312536371
0 0.15465793639386144 0.6215812901928371 0.16120696953106078 0.6215812901928371 0.16120696953106078 0.6316828279532841 0.15465793639386144 0.6316828279532841
0 0.5435697503875456 0.7879199453148642 0.5521338706438832 0.7879199453148642 0.5521338706438832 0.7973480472246146 0.5435697503875456 0.7973480472246146
