0 0.5009109497070312 0.53024169921875 0.5084979391098022 0.53024169921875 0.5084979391098022 0.5401086407899856 0.5009109497070312 0.5401086407899856
0 0.5479225921630859 0.8433245086669922 0.5564728957414627 0.8433245086669922 0.5564728957414627 0.854377248287201 0.5479225921630859 0.854377248287201
0 0.5398886108398437 0.22605098724365236 0.5477562320232391 0.22605098724365236 0.5477562320232391 0.23702120661735537 0.5398886108398437 0.23702120661735537
0 0.516668930053711 0.6866846466064453 0.5246357923746109 0.6866846466064453 0.5246357923746109 0.6963528680801391 0.516668930053711 0.6963528680801391
0 0.5216326141357421 0.37330780029296873 0.530078768134117 0.37330780029296873 0.530078768134117 0.38358052253723146 0.5216326141357421 0.38358052253723146
0 0.5781622314453125 0.8439334106445312 0.5866972762346269 0.8439334106445312 0.5866972762346269 0.8540452444553375 0.5781622314453125 0.8540452444553375
0 0.46936027526855467 0.373404426574707 0.47696725487709046 0.373404426574707 0.47696725487709046 0.3839210522174835 0.46936027526855467 0.3839210522174835
0 0.4692218780517578 0.8426886749267578 0.476989666223526 0.8426886749267578 0.476989666223526 0.8529707264900207 0.4692218780517578 0.8529707264900207
0 0.5069667434692383 0.8440106964111328 0.5150906294584274 0.8440106964111328 0.5150906294584274 0.8543389987945557 0.5069667434692383 0.8543389987945557
0 0.4533333969116211 0.14438752174377442 0.46154904246330264 0.14438752174377442 0.46154904246330264 0.15499814152717592 0.4533333969116211 0.15499814152717592
0 0.44610496520996096 0.37282009124755866 0.4541469383239746 0.37282009124755866 0.4541469383239746 0.3822840189933777 0.44610496520996096 0.3822840189933777
0 0.5072533416748047 0.22718679428100585 0.5151564478874208 0.22718679428100585 0.5151564478874208 0.2374926435947418 0.5072533416748047 0.2374926435947418
0 0.5789864349365235 0.7702115631103515 0.5869822770357133 0.7702115631103515 0.5869822770357133 0.7801035279035569 0.5789864349365235 0.7801035279035569
0 0.7737577819824218 0.7631806182861328 0.7821811068058013 0.7631806182861328 0.7821811068058013 0.7727663004398346 0.7737577819824218 0.7727663004398346
0 0.4851639938354492 0.7733350372314454 0.49301369428634645 0.7733350372314454 0.49301369428634645 0.7844296002388002 0.4851639938354492 0.7844296002388002
0 0.5621424865722656 0.532717628479004 0.5708850628137588 0.532717628479004 0.5708850628137588 0.5433059632778168 0.5621424865722656 0.5433059632778168
0 0.43756809234619143 0.22660938262939453 0.4460395884513855 0.22660938262939453 0.4460395884513855 0.23744549512863158 0.43756809234619143 0.23744549512863158
0 0.4982830047607421 0.3739883804321289 0.5054973959922789 0.3739883804321289 0.5054973959922789 0.3842384123802185 0.4982830047607421 0.3842384123802185
0 0.5697669982910156 0.46992542266845705 0.5783086675405502 0.46992542266845705 0.5783086675405502 0.4787259489297867 0.5697669982910156 0.4787259489297867
0 0.5798533630371093 0.685414581298828 0.5871271330118178 0.685414581298828 0.5871271330118178 0.6966324007511139 0.5798533630371093 0.6966324007511139
0 0.4620758056640625 0.4711949920654297 0.46936456859111786 0.4711949920654297 0.46936456859111786 0.4808322221040726 0.4620758056640625 0.4808322221040726
0 0.5290184402465821 0.46796981811523436 0.5369123202562333 0.46796981811523436 0.5369123202562333 0.4777905488014221 0.5290184402465821 0.4777905488014221
0 0.5844900131225585 0.6248380661010742 0.5922483974695205 0.6248380661010742 0.5922483974695205 0.6341996097564697 0.5844900131225585 0.6341996097564697
0 0.4665886688232422 0.3034209632873535 0.47419887185096743 0.3034209632873535 0.47419887185096743 0.3139954423904419 0.4665886688232422 0.3139954423904419
0 0.5244845199584961 0.14657669067382811 0.5323171877861023 0.14657669067382811 0.5323171877861023 0.1578383195400238 0.5244845199584961 0.1578383195400238
0 0.5283599472045899 0.533304557800293 0.537135939002037 0.533304557800293 0.537135939002037 0.5436208832263947 0.5283599472045899 0.5436208832263947
0 0.5480615234375 0.6217252349853516 0.556137917637825 0.6217252349853516 0.556137917637825 0.6318163943290711 0.5480615234375 0.6318163943290711
0 0.21797353744506837 0.7733002471923828 0.2249797022342682 0.7733002471923828 0.2249797022342682 0.7828170669078828 0.21797353744506837 0.7828170669078828
0 0.8196574401855469 0.8377230834960937 0.8279087781906128 0.8377230834960937 0.8279087781906128 0.8475350379943847 0.8196574401855469 0.8475350379943847
0 0.43595726013183594 0.4709495544433594 0.44357234239578247 0.4709495544433594 0.44357234239578247 0.47964457392692567 0.43595726013183594 0.47964457392692567
0 0.5444840621948243 0.6854680633544922 0.5517421001195908 0.6854680633544922 0.5517421001195908 0.6951532042026519 0.5444840621948243 0.6951532042026519
0 0.4792512893676758 0.5340493392944335 0.4866248625516892 0.5340493392944335 0.4866248625516892 0.5438421612977982 0.4792512893676758 0.5438421612977982
0 0.510107650756836 0.7695619201660157 0.5184198462963104 0.7695619201660157 0.5184198462963104 0.7794975262880325 0.510107650756836 0.7794975262880325
0 0.48563930511474607 0.3053192138671875 0.4928646671772003 0.3053192138671875 0.4928646671772003 0.314485456943512 0.48563930511474607 0.314485456943512
0 0.5374535369873047 0.30813405990600584 0.5449515759944916 0.30813405990600584 0.5449515759944916 0.31827334761619563 0.5374535369873047 0.31827334761619563
0 0.2249606132507324 0.842125473022461 0.23263745486736298 0.842125473022461 0.23263745486736298 0.8523020577430725 0.2249606132507324 0.8523020577430725
0 0.7692544555664063 0.8363944244384766 0.7782957613468171 0.8363944244384766 0.7782957613468171 0.8472797918319702 0.7692544555664063 0.8472797918319702
0 0.25905145645141603 0.7733311462402344 0.26760794043540953 0.7733311462402344 0.26760794043540953 0.7837457835674285 0.25905145645141603 0.7837457835674285
0 0.18902139663696288 0.7709909057617188 0.1961609572172165 0.7709909057617188 0.1961609572172165 0.7802571809291841 0.18902139663696288 0.7802571809291841
0 0.6016904830932617 0.7685694122314453 0.6097000461816788 0.7685694122314453 0.6097000461816788 0.7776295751333235 0.6016904830932617 0.7776295751333235
0 0.5123987197875977 0.30851699829101564 0.5202705991268158 0.30851699829101564 0.5202705991268158 0.319539042711258 0.5123987197875977 0.319539042711258
0 0.45622241973876954 0.770671615600586 0.4639928990602493 0.770671615600586 0.4639928990602493 0.7810372352600099 0.45622241973876954 0.7810372352600099
0 0.12746679306030273 0.8328116607666015 0.13554834723472597 0.8328116607666015 0.13554834723472597 0.8421841150522232 0.12746679306030273 0.8421841150522232
0 0.5528756713867188 0.36838268280029296 0.5612801295518876 0.36838268280029296 0.5612801295518876 0.37817423999309535 0.5528756713867188 0.37817423999309535
0 0.8360779571533203 0.7735780334472656 0.8444561558961869 0.7735780334472656 0.8444561558961869 0.7826391452550887 0.8360779571533203 0.7826391452550887
0 0.5673352813720703 0.22485450744628907 0.5753997880220414 0.22485450744628907 0.5753997880220414 0.2351469361782074 0.5673352813720703 0.2351469361782074
0 0.48751636505126955 0.6852867126464843 0.4952924925088883 0.6852867126464843 0.4952924925088883 0.6954534149169922 0.48751636505126955 0.6954534149169922
0 0.45042922973632815 0.6171812438964843 0.4581693685054779 0.6171812438964843 0.4581693685054779 0.6272799134254454 0.45042922973632815 0.6272799134254454
0 0.16301195144653322 0.8380474090576173 0.1701369190216065 0.8380474090576173 0.1701369190216065 0.8474909394979477 0.16301195144653322 0.8474909394979477
0 0.48598323822021483 0.14873193740844726 0.4941643738746643 0.14873193740844726 0.4941643738746643 0.1581137508153915 0.48598323822021483 0.1581137508153915
0 0.4870502471923828 0.6186013793945313 0.49573847174644475 0.6186013793945313 0.49573847174644475 0.6288218426704407 0.4870502471923828 0.6288218426704407
0 0.847579345703125 0.8392942047119141 0.8536373215913773 0.8392942047119141 0.8536373215913773 0.8470893114805222 0.847579345703125 0.8470893114805222
0 0.8029155731201172 0.7668757629394531 0.8114806032180787 0.7668757629394531 0.8114806032180787 0.7774124705791473 0.8029155731201172 0.7774124705791473
0 0.5639896392822266 0.3060506820678711 0.572877647280693 0.3060506820678711 0.572877647280693 0.31719374895095825 0.5639896392822266 0.31719374895095825
0 0.4730416488647461 0.22235063552856446 0.4818136781454086 0.22235063552856446 0.4818136781454086 0.23418686985969545 0.4730416488647461 0.23418686985969545
0 0.45003379821777345 0.5353039169311523 0.45849674820899966 0.5353039169311523 0.45849674820899966 0.5444684010744094 0.45003379821777345 0.5444684010744094
0 0.2843319320678711 0.8518750762939453 0.2927689778804779 0.8518750762939453 0.2927689778804779 0.8621884369850159 0.2843319320678711 0.8621884369850159
0 0.4979655075073242 0.46403285980224607 0.5055610132217407 0.46403285980224607 0.5055610132217407 0.47444473028182976 0.4979655075073242 0.47444473028182976
0 0.43614051818847654 0.8407637786865235 0.44338486492633816 0.8407637786865235 0.44338486492633816 0.8505393654108049 0.43614051818847654 0.8505393654108049
0 0.5187469863891602 0.620709457397461 0.5277115249633789 0.620709457397461 0.5277115249633789 0.6315535151958466 0.5187469863891602 0.6315535151958466
0 0.4557617568969727 0.6836026763916015 0.4637512409687043 0.6836026763916015 0.4637512409687043 0.6940466451644897 0.4557617568969727 0.6940466451644897
0 0.605837287902832 0.15562294006347657 0.6143197554349898 0.15562294006347657 0.6143197554349898 0.16651501774787905 0.605837287902832 0.16651501774787905
0 0.5809268569946289 0.3687516403198242 0.5902890706062316 0.3687516403198242 0.5902890706062316 0.3802492964267731 0.5809268569946289 0.3802492964267731
0 0.12280509857839976 0.7667463098951336 0.13104863679305626 0.7667463098951336 0.13104863679305626 0.7796028124993386 0.12280509857839976 0.7796028124993386
0 0.18234176346203015 0.8395998246522965 0.1905853016766867 0.8395998246522965 0.1905853016766867 0.8481708263884332 0.18234176346203015 0.8481708263884332
0 0.8818426189232565 0.7655218810756853 0.8905441314831719 0.7655218810756853 0.8905441314831719 0.780215026909063 0.8818426189232565 0.780215026909063
0 0.8969557723167934 0.8261311076383673 0.9056572848767086 0.8261311076383673 0.9056572848767086 0.8402120390620207 0.8969557723167934 0.8402120390620207
