0 0.16604215621948243 0.21729095458984374 0.17357650876045227 0.21729095458984374 0.17357650876045227 0.22718596279621123 0.16604215621948243 0.22718596279621123
0 0.5324798583984375 0.15541861534118653 0.5401411896944045 0.15541861534118653 0.5401411896944045 0.16532945573329924 0.5324798583984375 0.16532945573329924
0 0.47608089447021484 0.32020427703857424 0.48386048138141635 0.32020427703857424 0.48386048138141635 0.33055183172225955 0.47608089447021484 0.33055183172225955
0 0.1622412109375 0.3216876602172852 0.1693629842996597 0.3216876602172852 0.1693629842996597 0.33144273042678835 0.1622412109375 0.33144273042678835
0 0.5230401611328125 0.5223856353759766 0.5299880558252335 0.5223856353759766 0.5299880558252335 0.5317719650268555 0.5230401611328125 0.5317719650268555
0 0.5247341156005859 0.6786630249023438 0.5317383730411529 0.6786630249023438 0.5317383730411529 0.6875275909900667 0.5247341156005859 0.6875275909900667
0 0.4978997039794922 0.6262174224853516 0.506442555785179 0.6262174224853516 0.506442555785179 0.6358813351392747 0.4978997039794922 0.6358813351392747
0 0.5088275527954101 0.20589340209960938 0.5160256797075271 0.20589340209960938 0.5160256797075271 0.21406175613403325 0.5088275527954101 0.21406175613403325
0 0.19717645645141602 0.8345462799072265 0.20410186171531677 0.8345462799072265 0.20410186171531677 0.8431935065984726 0.19717645645141602 0.8431935065984726
0 0.5395478820800781 0.6265142822265625 0.5481750118732452 0.6265142822265625 0.5481750118732452 0.6360954183340072 0.5395478820800781 0.6360954183340072
0 0.14172243118286132 0.21857551574707032 0.1494757443666458 0.21857551574707032 0.1494757443666458 0.22712162375450134 0.14172243118286132 0.22712162375450134
0 0.477725830078125 0.47142642974853516 0.48580595016479494 0.47142642974853516 0.48580595016479494 0.48066285967826844 0.477725830078125 0.48066285967826844
0 0.5476911544799805 0.7831230163574219 0.555305290222168 0.7831230163574219 0.555305290222168 0.7918306457996368 0.5476911544799805 0.7918306457996368
0 0.485828857421875 0.20735879898071288 0.493216033577919 0.20735879898071288 0.493216033577919 0.2160343497991562 0.485828857421875 0.2160343497991562
0 0.5551902008056641 0.3125238227844238 0.5636015784740448 0.3125238227844238 0.5636015784740448 0.3230651557445526 0.5551902008056641 0.3230651557445526
0 0.4545191955566406 0.06311334133148193 0.461913498044014 0.06311334133148193 0.461913498044014 0.07126574456691742 0.4545191955566406 0.07126574456691742
0 0.23347558975219726 0.21880342483520507 0.24062521934509276 0.21880342483520507 0.24062521934509276 0.2281742388010025 0.23347558975219726 0.2281742388010025
0 0.13954458236694336 0.32098678588867186 0.14615628063678743 0.32098678588867186 0.14615628063678743 0.330406202673912 0.13954458236694336 0.330406202673912
0 0.4920232009887695 0.15778600692749023 0.4982963669300079 0.15778600692749023 0.4982963669300079 0.16761277616024017 0.4920232009887695 0.16761277616024017
0 0.502749366760254 0.7809461212158203 0.5108104431629181 0.7809461212158203 0.5108104431629181 0.7911559903621672 0.502749366760254 0.7911559903621672
0 0.16335491180419923 0.37290493011474607 0.16985395848751067 0.37290493011474607 0.16985395848751067 0.38211281895637506 0.16335491180419923 0.38211281895637506
0 0.5293681335449218 0.7824132537841797 0.5358984220027924 0.7824132537841797 0.5358984220027924 0.7924785995483399 0.5293681335449218 0.7924785995483399
0 0.4748845672607422 0.06287731170654297 0.4817572915554047 0.06287731170654297 0.4817572915554047 0.07110071659088135 0.4748845672607422 0.07110071659088135
0 0.4950589752197266 0.4701899337768555 0.5022662395238876 0.4701899337768555 0.5022662395238876 0.479018012881279 0.4950589752197266 0.479018012881279
0 0.20827978134155273 0.6245991134643555 0.21623255252838133 0.6245991134643555 0.21623255252838133 0.6345511645078659 0.20827978134155273 0.6345511645078659
0 0.21821842193603516 0.021249260902404785 0.22508328020572663 0.021249260902404785 0.22508328020572663 0.02872626543045044 0.21821842193603516 0.02872626543045044
0 0.24787313461303712 0.16439762115478515 0.25501763403415684 0.16439762115478515 0.25501763403415684 0.17505089521408082 0.24787313461303712 0.17505089521408082
0 0.24890304565429686 0.836436996459961 0.25607429206371307 0.836436996459961 0.25607429206371307 0.8457066714763641 0.24890304565429686 0.8457066714763641
0 0.22020448684692384 0.3249183654785156 0.22748340249061585 0.3249183654785156 0.22748340249061585 0.3346923118829727 0.22020448684692384 0.3346923118829727
0 0.15921586990356446 0.531302604675293 0.16638934910297395 0.531302604675293 0.16638934910297395 0.5417325794696809 0.15921586990356446 0.5417325794696809
0 0.4979902267456054 0.6861637115478516 0.5058783107995986 0.6861637115478516 0.5058783107995986 0.6946930581331253 0.4979902267456054 0.6946930581331253
0 0.4715911102294922 0.6275859832763672 0.47935156464576717 0.6275859832763672 0.47935156464576717 0.6371427291631698 0.4715911102294922 0.6371427291631698
0 0.17233806610107422 0.7784966278076172 0.17979055047035217 0.7784966278076172 0.17979055047035217 0.7882345813512802 0.17233806610107422 0.7882345813512802
0 0.20388214111328126 0.22547012329101562 0.2117739808559418 0.22547012329101562 0.2117739808559418 0.23493756949901579 0.20388214111328126 0.23493756949901579
0 0.18585636138916015 0.3727390670776367 0.19334628283977506 0.3727390670776367 0.19334628283977506 0.38110199034214015 0.18585636138916015 0.38110199034214015
0 0.5496961975097656 0.5220167922973633 0.5576569682359694 0.5220167922973633 0.5576569682359694 0.5315861088037491 0.5496961975097656 0.5315861088037491
0 0.4509302520751953 0.47008155822753905 0.45821168124675754 0.47008155822753905 0.45821168124675754 0.480269923210144 0.4509302520751953 0.480269923210144
0 0.4790061569213867 0.7791976165771485 0.48655245602130887 0.7791976165771485 0.48655245602130887 0.788622013926506 0.4790061569213867 0.788622013926506
0 0.1344300937652588 0.7743206024169922 0.14076952934265138 0.7743206024169922 0.14076952934265138 0.7827050304412841 0.1344300937652588 0.7827050304412841
0 0.17822319030761719 0.8319701385498047 0.18472563743591305 0.8319701385498047 0.18472563743591305 0.8405288958549499 0.17822319030761719 0.8405288958549499
0 0.23994298934936523 0.624456787109375 0.24707004129886628 0.624456787109375 0.24707004129886628 0.6343179970979691 0.23994298934936523 0.6343179970979691
0 0.5557279586791992 0.8322243499755859 0.5632782202959061 0.8322243499755859 0.5632782202959061 0.8406157350540161 0.5557279586791992 0.8406157350540161
0 0.5030501937866211 0.5204540252685547 0.5106791150569916 0.5204540252685547 0.5106791150569916 0.531072324514389 0.5030501937866211 0.531072324514389
0 0.4539817810058594 0.8379613494873047 0.46091497838497164 0.8379613494873047 0.46091497838497164 0.8470450729131698 0.4539817810058594 0.8470450729131698
0 0.471004638671875 0.010059555768966675 0.47825398266315455 0.010059555768966675 0.47825398266315455 0.018601192831993102 0.471004638671875 0.018601192831993102
0 0.17122413635253905 0.1620313835144043 0.17803742229938505 0.1620313835144043 0.17803742229938505 0.1720856511592865 0.17122413635253905 0.1720856511592865
0 0.451148681640625 0.6804586791992188 0.45819073081016537 0.6804586791992188 0.45819073081016537 0.6904884469509125 0.451148681640625 0.6904884469509125
0 0.18472932815551757 0.6695867919921875 0.19224360167980192 0.6695867919921875 0.19224360167980192 0.6789971953630447 0.18472932815551757 0.6789971953630447
0 0.5318437957763672 0.8278518676757811 0.5387426608800888 0.8278518676757811 0.5387426608800888 0.8374286156892775 0.5318437957763672 0.8374286156892775
0 0.5056908416748047 0.3618379974365234 0.5126645815372467 0.3618379974365234 0.5126645815372467 0.37120250582695 0.5056908416748047 0.37120250582695
0 0.5187340545654296 0.4670884323120117 0.5273097306489944 0.4670884323120117 0.5273097306489944 0.47700941205024716 0.5187340545654296 0.47700941205024716
0 0.2103953742980957 0.3681259536743164 0.21721241593360902 0.3681259536743164 0.21721241593360902 0.37770108103752137 0.2103953742980957 0.37770108103752137
0 0.15492289543151855 0.4720581817626953 0.16166898071765898 0.4720581817626953 0.16166898071765898 0.4805181527137757 0.15492289543151855 0.4805181527137757
0 0.5429825973510742 0.46705757141113285 0.5516934734582901 0.46705757141113285 0.5516934734582901 0.47672705829143525 0.5429825973510742 0.47672705829143525
0 0.21797685623168944 0.07603912353515625 0.22553108036518096 0.07603912353515625 0.22553108036518096 0.0848882031440735 0.21797685623168944 0.0848882031440735
0 0.2321866226196289 0.37164485931396485 0.23941952526569368 0.37164485931396485 0.23941952526569368 0.38148725271224976 0.2321866226196289 0.38148725271224976
0 0.5497854232788086 0.3566608047485352 0.5575060749053956 0.3566608047485352 0.5575060749053956 0.36599088251590733 0.5497854232788086 0.36599088251590733
0 0.47170467376708985 0.1529630470275879 0.47873598873615264 0.1529630470275879 0.47873598873615264 0.162339049577713 0.47170467376708985 0.162339049577713
0 0.17089221954345704 0.07596808910369873 0.17794081926345826 0.07596808910369873 0.17794081926345826 0.08493856191635132 0.17089221954345704 0.08493856191635132
0 0.2219105529785156 0.1668351936340332 0.22936042010784147 0.1668351936340332 0.22936042010784147 0.17720832347869878 0.2219105529785156 0.17720832347869878
0 0.2129877471923828 0.6736402893066407 0.22056444585323332 0.6736402893066407 0.22056444585323332 0.684145451784134 0.2129877471923828 0.684145451784134
0 0.46805458068847655 0.21477367401123046 0.4744738882780075 0.21477367401123046 0.4744738882780075 0.22438959658145904 0.46805458068847655 0.22438959658145904
0 0.4824834442138672 0.36744380950927735 0.49018008410930636 0.36744380950927735 0.49018008410930636 0.3766175436973572 0.4824834442138672 0.3766175436973572
0 0.45590103149414063 0.628748779296875 0.4623370760679245 0.628748779296875 0.4623370760679245 0.6374143087863923 0.45590103149414063 0.6374143087863923
0 0.4796498870849609 0.8365250396728515 0.4865834689140319 0.8365250396728515 0.4865834689140319 0.8456594407558442 0.4796498870849609 0.8456594407558442
0 0.5201419448852539 0.6287053298950195 0.5272945320606232 0.6287053298950195 0.5272945320606232 0.6381162077188491 0.5201419448852539 0.6381162077188491
0 0.13132442474365236 0.47302047729492186 0.13936792075634005 0.47302047729492186 0.13936792075634005 0.4822812181711197 0.13132442474365236 0.4822812181711197
0 0.1572902488708496 0.6190192031860352 0.16358205974102022 0.6190192031860352 0.16358205974102022 0.6282198578119279 0.1572902488708496 0.6282198578119279
0 0.1658419418334961 0.023952553272247313 0.17246956408023834 0.023952553272247313 0.17246956408023834 0.032004516720771786 0.1658419418334961 0.032004516720771786
0 0.18483390808105468 0.31847324371337893 0.19273892164230347 0.31847324371337893 0.19273892164230347 0.32847642779350283 0.18483390808105468 0.32847642779350283
0 0.1546234130859375 0.6593090057373047 0.16158326923847197 0.6593090057373047 0.16158326923847197 0.6682329857349396 0.1546234130859375 0.6682329857349396
0 0.5416011428833007 0.011515687704086305 0.5494807696342467 0.011515687704086305 0.5494807696342467 0.019621862173080446 0.5416011428833007 0.019621862173080446
0 0.23469913482666016 0.6712759399414062 0.2422435563802719 0.6712759399414062 0.2422435563802719 0.6799079871177673 0.23469913482666016 0.6799079871177673
0 0.44837154388427736 0.21587255477905273 0.45578302741050725 0.21587255477905273 0.45578302741050725 0.2256936413049698 0.44837154388427736 0.2256936413049698
0 0.1515004253387451 0.7797591400146485 0.15843249917030336 0.7797591400146485 0.15843249917030336 0.789595999121666 0.1515004253387451 0.789595999121666
0 0.15766161918640137 0.8282281494140625 0.16412109911441805 0.8282281494140625 0.16412109911441805 0.837359625697136 0.15766161918640137 0.837359625697136
0 0.14002711296081544 0.36875492095947265 0.14678866386413575 0.36875492095947265 0.14678866386413575 0.37822711050510405 0.14002711296081544 0.37822711050510405
0 0.2227691650390625 0.779680633544922 0.2301507818698883 0.779680633544922 0.2301507818698883 0.788857332468033 0.2227691650390625 0.788857332468033
0 0.22957393646240234 0.5274258804321289 0.2385062277317047 0.5274258804321289 0.2385062277317047 0.5383144497871398 0.22957393646240234 0.5383144497871398
0 0.5276971435546876 0.30920827865600586 0.5356977760791779 0.30920827865600586 0.5356977760791779 0.3195666241645813 0.5276971435546876 0.3195666241645813
0 0.14596710205078126 0.0758417272567749 0.15325484454631808 0.0758417272567749 0.15325484454631808 0.08521694362163544 0.14596710205078126 0.08521694362163544
0 0.5188061904907226 0.007000354528427124 0.5262837070226669 0.007000354528427124 0.5262837070226669 0.017731139659881594 0.5188061904907226 0.017731139659881594
0 0.44842761993408203 0.31989871978759765 0.4566707074642181 0.31989871978759765 0.4566707074642181 0.32994335174560546 0.44842761993408203 0.32994335174560546
0 0.14523967742919922 0.023215892314910887 0.15088680446147917 0.023215892314910887 0.15088680446147917 0.031104741096496583 0.14523967742919922 0.031104741096496583
0 0.4985755157470703 0.05533041000366211 0.5059256982803345 0.05533041000366211 0.5059256982803345 0.06404631078243256 0.4985755157470703 0.06404631078243256
0 0.22388690948486328 0.4745364761352539 0.2328255879878998 0.4745364761352539 0.2328255879878998 0.48496925830841064 0.22388690948486328 0.48496925830841064
0 0.20961483001708983 0.838675537109375 0.21664370536804195 0.838675537109375 0.21664370536804195 0.846888006925583 0.20961483001708983 0.846888006925583
0 0.19430074691772461 0.026333258152008057 0.20091722130775452 0.026333258152008057 0.20091722130775452 0.035783416628837585 0.19430074691772461 0.035783416628837585
0 0.19487230300903322 0.15996674537658692 0.2026270800828934 0.15996674537658692 0.2026270800828934 0.17022940754890442 0.19487230300903322 0.17022940754890442
0 0.5033673858642578 0.31151914596557617 0.5113765943050385 0.31151914596557617 0.5113765943050385 0.32193578004837037 0.5033673858642578 0.32193578004837037
0 0.5267496109008789 0.20454044342041017 0.5343892961740493 0.20454044342041017 0.5343892961740493 0.21421797454357147 0.5267496109008789 0.21421797454357147
0 0.5111233139038086 0.15576689720153808 0.5184105682373047 0.15576689720153808 0.5184105682373047 0.16599779725074765 0.5111233139038086 0.16599779725074765
0 0.4526816177368164 0.004956061840057373 0.4598719674348831 0.004956061840057373 0.4598719674348831 0.015153520107269286 0.4526816177368164 0.015153520107269286
0 0.45566017150878907 0.7862265014648437 0.4628843504190445 0.7862265014648437 0.4628843504190445 0.7968358659744262 0.45566017150878907 0.7968358659744262
0 0.14004626274108886 0.16112031936645507 0.14804946780204772 0.16112031936645507 0.14804946780204772 0.17147934675216675 0.14004626274108886 0.17147934675216675
0 0.19740283966064454 0.4732228469848633 0.20516610324382784 0.4732228469848633 0.20516610324382784 0.4833387911319732 0.19740283966064454 0.4833387911319732
0 0.5423214340209961 0.6805867767333984 0.5498425978422165 0.6805867767333984 0.5498425978422165 0.6902842509746551 0.5423214340209961 0.6902842509746551
0 0.5446758270263672 0.05503077030181885 0.5515448844432831 0.05503077030181885 0.5515448844432831 0.06388467252254486 0.5446758270263672 0.06388467252254486
0 0.4732522201538086 0.5223933029174804 0.4806359362602234 0.5223933029174804 0.4806359362602234 0.5324213707447052 0.4732522201538086 0.5324213707447052
0 0.13796782493591309 0.6751438903808594 0.14500904619693758 0.6751438903808594 0.14500904619693758 0.6849590075016022 0.13796782493591309 0.6849590075016022
0 0.19386791229248046 0.07821143627166748 0.20079587578773497 0.07821143627166748 0.20079587578773497 0.08792373478412628 0.19386791229248046 0.08792373478412628
0 0.4755367660522461 0.682228012084961 0.4838368374109268 0.682228012084961 0.4838368374109268 0.6926666045188904 0.4755367660522461 0.6926666045188904
0 0.5015407562255859 0.8283609771728515 0.5089770501852035 0.8283609771728515 0.5089770501852035 0.8391351056098938 0.5015407562255859 0.8391351056098938
0 0.20085977554321288 0.7758982849121093 0.2083660942316055 0.7758982849121093 0.2083660942316055 0.7856536316871643 0.20085977554321288 0.7856536316871643
0 0.26275487899780275 0.22420774459838866 0.27045976877212524 0.22420774459838866 0.27045976877212524 0.2347120368480682 0.26275487899780275 0.2347120368480682
0 0.449451904296875 0.15711064338684083 0.45747468590736384 0.15711064338684083 0.45747468590736384 0.1677350103855133 0.449451904296875 0.1677350103855133
0 0.17523460388183593 0.4721628189086914 0.18290465891361235 0.4721628189086914 0.18290465891361235 0.480896103978157 0.17523460388183593 0.480896103978157
0 0.18156427383422852 0.5255788421630859 0.18849062561988833 0.5255788421630859 0.18849062561988833 0.5363879156112672 0.18156427383422852 0.5363879156112672
0 0.2533335876464844 0.32389991760253906 0.2615449452400208 0.32389991760253906 0.2615449452400208 0.33456114649772645 0.2533335876464844 0.33456114649772645
0 0.20256250381469726 0.5256952667236328 0.21035842895507811 0.5256952667236328 0.21035842895507811 0.5364047229290008 0.20256250381469726 0.5364047229290008
0 0.5281563186645508 0.3555445098876953 0.5355771762132645 0.3555445098876953 0.5355771762132645 0.365562379360199 0.5281563186645508 0.365562379360199
0 0.24999889373779297 0.02166295289993286 0.25647929549217224 0.02166295289993286 0.25647929549217224 0.029195695519447326 0.24999889373779297 0.029195695519447326
0 0.13628780364990234 0.8245833587646484 0.1434101390838623 0.8245833587646484 0.1434101390838623 0.8332286882400513 0.13628780364990234 0.8332286882400513
0 0.4562142562866211 0.37046802520751954 0.46421139955520635 0.37046802520751954 0.46421139955520635 0.3806788432598114 0.4562142562866211 0.3806788432598114
0 0.13501941680908203 0.5255797576904296 0.14260619938373567 0.5255797576904296 0.14260619938373567 0.5350811207294464 0.13501941680908203 0.5350811207294464
0 0.1326909065246582 0.6197787857055664 0.140115504860878 0.6197787857055664 0.140115504860878 0.6294308787584305 0.1326909065246582 0.6294308787584305
0 0.44984073638916017 0.5237521743774414 0.45736935198307044 0.5237521743774414 0.45736935198307044 0.533452416062355 0.44984073638916017 0.533452416062355
0 0.246602783203125 0.07258845329284667 0.2542067760229111 0.07258845329284667 0.2542067760229111 0.08229264795780182 0.246602783203125 0.08229264795780182
0 0.1756652196108778 0.6192654891583438 0.18397745397732312 0.6192654891583438 0.18397745397732312 0.6311179601306016 0.1756652196108778 0.6311179601306016
0 0.4948550192823782 0.013334029843790007 0.5020589557332974 0.013334029843790007 0.5020589557332974 0.022223383072983344 0.4948550192823782 0.022223383072983344
0 0.519237573423951 0.05704001655399059 0.5253332119593442 0.05704001655399059 0.5253332119593442 0.06667014921895004 0.519237573423951 0.06667014921895004
