0 0.16460859298706054 0.21710653305053712 0.172299924492836 0.21710653305053712 0.172299924492836 0.2270041507482529 0.16460859298706054 0.2270041507482529
0 0.15682333946228028 0.5312262725830078 0.16382401883602143 0.5312262725830078 0.16382401883602143 0.5408444488048554 0.15682333946228028 0.5408444488048554
0 0.14061766624450683 0.21778459548950196 0.14810723304748533 0.21778459548950196 0.14810723304748533 0.2265058827400208 0.14061766624450683 0.2265058827400208
0 0.22086383819580077 0.16690536499023437 0.22805999815464018 0.16690536499023437 0.22805999815464018 0.1769523882865906 0.22086383819580077 0.1769523882865906
0 0.16495290756225586 0.01999732255935669 0.17201599717140198 0.01999732255935669 0.17201599717140198 0.028611034154891968 0.16495290756225586 0.028611034154891968
0 0.13385927200317382 0.824490966796875 0.1407560670375824 0.824490966796875 0.1407560670375824 0.832904726266861 0.13385927200317382 0.832904726266861
0 0.2173118782043457 0.07351847648620606 0.22468795001506806 0.07351847648620606 0.22468795001506806 0.0820392006635666 0.2173118782043457 0.0820392006635666
0 0.2195606994628906 0.7795571899414062 0.22691188752651212 0.7795571899414062 0.22691188752651212 0.7896930575370789 0.2195606994628906 0.7896930575370789
0 0.17415441513061525 0.4711942291259766 0.1815083235502243 0.4711942291259766 0.1815083235502243 0.48003539264202116 0.17415441513061525 0.48003539264202116
0 0.2187623405456543 0.32478450775146483 0.22633278489112857 0.32478450775146483 0.22633278489112857 0.3348586094379425 0.2187623405456543 0.3348586094379425
0 0.14833373069763184 0.7805003356933594 0.1545546591281891 0.7805003356933594 0.1545546591281891 0.7895247632265091 0.14833373069763184 0.7895247632265091
0 0.19402143478393555 0.8357210540771485 0.20069844126701353 0.8357210540771485 0.20069844126701353 0.8433890306949615 0.19402143478393555 0.8433890306949615
0 0.1699952507019043 0.07301536560058594 0.1769219869375229 0.07301536560058594 0.1769219869375229 0.08175879001617432 0.1699952507019043 0.08175879001617432
0 0.205809326171875 0.6240962982177735 0.2140486878156662 0.6240962982177735 0.2140486878156662 0.6345273804664612 0.205809326171875 0.6345273804664612
0 0.2029866409301758 0.22516006469726563 0.2108882981538773 0.22516006469726563 0.2108882981538773 0.23532443404197692 0.2029866409301758 0.23532443404197692
0 0.23247005462646483 0.2186692428588867 0.23947497725486752 0.2186692428588867 0.23947497725486752 0.22848169207572935 0.23247005462646483 0.22848169207572935
0 0.1823401641845703 0.669674072265625 0.18990553677082062 0.669674072265625 0.18990553677082062 0.6785967481136322 0.1823401641845703 0.6785967481136322
0 0.227305908203125 0.5281099700927734 0.23641426682472227 0.5281099700927734 0.23641426682472227 0.5379513359069824 0.227305908203125 0.5379513359069824
0 0.16195770263671874 0.37238368988037107 0.16874335408210756 0.37238368988037107 0.16874335408210756 0.3820213150978088 0.16195770263671874 0.3820213150978088
0 0.13199002265930176 0.7739915466308593 0.13814204990863801 0.7739915466308593 0.13814204990863801 0.7824517941474914 0.13199002265930176 0.7824517941474914
0 0.13855749130249023 0.32059440612792967 0.14517915546894072 0.32059440612792967 0.14517915546894072 0.33020311474800107 0.13855749130249023 0.33020311474800107
0 0.16966861724853516 0.7782457733154297 0.1770482969284058 0.7782457733154297 0.1770482969284058 0.78844797372818 0.16966861724853516 0.78844797372818
0 0.2526201629638672 0.3251910018920898 0.25977236568927764 0.3251910018920898 0.25977236568927764 0.3347925359010696 0.2526201629638672 0.3347925359010696
0 0.19574867248535155 0.4729381942749023 0.2031442618370056 0.4729381942749023 0.2031442618370056 0.4827911025285721 0.19574867248535155 0.4827911025285721
0 0.18445159912109374 0.372231559753418 0.19253702759742736 0.372231559753418 0.19253702759742736 0.38106426417827605 0.18445159912109374 0.38106426417827605
0 0.19340749740600585 0.07563433647155762 0.2001308423280716 0.07563433647155762 0.2001308423280716 0.08433452963829041 0.19340749740600585 0.08433452963829041
0 0.21008859634399413 0.6730061340332031 0.21789666056632995 0.6730061340332031 0.21789666056632995 0.6837681663036347 0.21008859634399413 0.6837681663036347
0 0.23743963241577148 0.6242266464233398 0.24550378441810608 0.6242266464233398 0.24550378441810608 0.6349856734275817 0.23743963241577148 0.6349856734275817
0 0.13309822082519532 0.5253392791748047 0.14006552875041964 0.5253392791748047 0.14006552875041964 0.5339857947826386 0.13309822082519532 0.5339857947826386
0 0.19416189193725586 0.15984079360961914 0.20157009303569792 0.15984079360961914 0.20157009303569792 0.16998111963272095 0.19416189193725586 0.16998111963272095
0 0.19435060501098633 0.023958244323730466 0.20071857690811157 0.023958244323730466 0.20071857690811157 0.03187315285205841 0.19435060501098633 0.03187315285205841
0 0.21714338302612304 0.018362195491790773 0.22420647263526916 0.018362195491790773 0.22420647263526916 0.025833290219306946 0.21714338302612304 0.025833290219306946
0 0.13501903533935547 0.674183120727539 0.14223870456218718 0.674183120727539 0.14223870456218718 0.6842296493053436 0.13501903533935547 0.6842296493053436
0 0.17504560470581054 0.8318348693847656 0.18245500385761262 0.8318348693847656 0.18245500385761262 0.8412427431344985 0.17504560470581054 0.8412427431344985
0 0.1551017189025879 0.6189537048339844 0.16121709287166597 0.6189537048339844 0.16121709287166597 0.6278499740362167 0.1551017189025879 0.6278499740362167
0 0.16109846115112306 0.32104244232177737 0.16846393167972568 0.32104244232177737 0.16846393167972568 0.3313213908672333 0.16109846115112306 0.3313213908672333
0 0.2324397659301758 0.671216583251953 0.23992718875408175 0.671216583251953 0.23992718875408175 0.6802614080905913 0.2324397659301758 0.6802614080905913
0 0.24676187515258788 0.1643380928039551 0.25440159022808073 0.1643380928039551 0.25440159022808073 0.17569437742233276 0.24676187515258788 0.17569437742233276
0 0.22981401443481445 0.3713669204711914 0.2376058292388916 0.3713669204711914 0.2376058292388916 0.3825657653808594 0.22981401443481445 0.3825657653808594
0 0.20713624954223633 0.8381084442138673 0.2133463990688324 0.8381084442138673 0.2133463990688324 0.8466113847494126 0.20713624954223633 0.8466113847494126
0 0.24528856277465821 0.836964340209961 0.2535150611400604 0.836964340209961 0.2535150611400604 0.846966278553009 0.24528856277465821 0.846966278553009
0 0.2455208969116211 0.07074681282043457 0.2528410053253174 0.07074681282043457 0.2528410053253174 0.0794444215297699 0.2455208969116211 0.0794444215297699
0 0.1702677345275879 0.16159120559692383 0.17704994082450867 0.16159120559692383 0.17704994082450867 0.17185415506362914 0.1702677345275879 0.17185415506362914
0 0.145257625579834 0.07224911212921142 0.15277552127838134 0.07224911212921142 0.15277552127838134 0.08256449341773987 0.145257625579834 0.08256449341773987
0 0.13026793479919432 0.47256954193115236 0.13750990092754362 0.47256954193115236 0.13750990092754362 0.4813445711135864 0.13026793479919432 0.4813445711135864
0 0.1439599609375 0.019749597311019898 0.1504399633407593 0.019749597311019898 0.1504399633407593 0.027800665497779847 0.1439599609375 0.027800665497779847
0 0.13926618576049804 0.16102838516235352 0.14666621029376983 0.16102838516235352 0.14666621029376983 0.17142439365386963 0.13926618576049804 0.17142439365386963
0 0.17999988555908203 0.5255302429199219 0.18697845995426177 0.5255302429199219 0.18697845995426177 0.5360365915298462 0.17999988555908203 0.5360365915298462
0 0.13880285263061523 0.36865089416503904 0.1454318058490753 0.36865089416503904 0.1454318058490753 0.37786234021186826 0.13880285263061523 0.37786234021186826
0 0.1835489273071289 0.3182183647155762 0.19230865478515627 0.3182183647155762 0.19230865478515627 0.32843198895454406 0.1835489273071289 0.32843198895454406
0 0.19801137924194337 0.7761379241943358 0.20578173995018006 0.7761379241943358 0.20578173995018006 0.7857226574420928 0.19801137924194337 0.7857226574420928
0 0.20107709884643554 0.5255286026000977 0.20817988753318786 0.5255286026000977 0.20817988753318786 0.5356731677055359 0.20107709884643554 0.5356731677055359
0 0.15182587623596192 0.6581629180908203 0.15931971609592435 0.6581629180908203 0.15931971609592435 0.6674341744184494 0.15182587623596192 0.6674341744184494
0 0.1547551155090332 0.828405990600586 0.1614503675699234 0.828405990600586 0.1614503675699234 0.8382970064878464 0.1547551155090332 0.8382970064878464
0 0.15184977531433105 0.47086265563964846 0.15949895322322846 0.47086265563964846 0.15949895322322846 0.47994906663894654 0.15184977531433105 0.47994906663894654
0 0.20878379821777343 0.3680665969848632 0.21553360939025878 0.3680665969848632 0.21553360939025878 0.37769177019596095 0.20878379821777343 0.37769177019596095
0 0.2611345672607422 0.2241770362854004 0.26930094718933106 0.2241770362854004 0.26930094718933106 0.2352872931957245 0.2611345672607422 0.2352872931957245
0 0.17358762741088868 0.6196587753295898 0.1811430495977402 0.6196587753295898 0.1811430495977402 0.6293263643980026 0.17358762741088868 0.6293263643980026
0 0.249098014831543 0.018691827058792115 0.255805790424347 0.018691827058792115 0.255805790424347 0.026714121699333192 0.249098014831543 0.026714121699333192
0 0.13044795036315918 0.6195775604248047 0.13783815741539 0.6195775604248047 0.13783815741539 0.629234476685524 0.13044795036315918 0.629234476685524
0 0.2216598129272461 0.4730558395385742 0.23118159294128418 0.4730558395385742 0.23118159294128418 0.48495251655578614 0.2216598129272461 0.48495251655578614
