0 0.14463997493070355 0.019706575288084314 0.1495538884069313 0.019706575288084314 0.1495538884069313 0.028274651500294883 0.14463997493070355 0.028274651500294883
0 0.16557751930767395 0.021420190530526424 0.1715596748439512 0.021420190530526424 0.1715596748439512 0.027417843879073825 0.16557751930767395 0.027417843879073825
0 0.1946337033410206 0.024847421015410657 0.20018856205327804 0.024847421015410657 0.20018856205327804 0.031130676904365072 0.1946337033410206 0.031130676904365072
0 0.21685313819005037 0.019706575288084314 0.22411718419838703 0.019706575288084314 0.22411718419838703 0.024561818475003636 0.21685313819005037 0.024561818475003636
0 0.24890039999153568 0.020848985449712386 0.2555235007638426 0.020848985449712386 0.2555235007638426 0.02684663879825979 0.24890039999153568 0.02684663879825979
0 0.14463997493070355 0.07311425034419687 0.15297226299908973 0.07311425034419687 0.15297226299908973 0.08196792909681447 0.14463997493070355 0.08196792909681447
0 0.16985048754787202 0.07311425034419687 0.17711453355620865 0.07311425034419687 0.17711453355620865 0.08053991639477937 0.16985048754787202 0.08053991639477937
0 0.19356546128097107 0.075113468127046 0.20018856205327804 0.075113468127046 0.20018856205327804 0.08482395450088466 0.19356546128097107 0.08482395450088466
0 0.2170667866020603 0.07397105796541793 0.22497177784642663 0.07397105796541793 0.22497177784642663 0.08168232655640745 0.2170667866020603 0.08168232655640745
0 0.24676391587143662 0.06854460969768457 0.25167782934766436 0.06854460969768457 0.25167782934766436 0.07854069861193023 0.24676391587143662 0.07854069861193023
0 0.1395124130424659 0.16136543532996575 0.1465628106387927 0.16136543532996575 0.1465628106387927 0.1699335115421763 0.1395124130424659 0.1699335115421763
0 0.1700641359598819 0.16079423024915174 0.17668723673218886 0.16079423024915174 0.17668723673218886 0.17164712678461844 0.1700641359598819 0.17164712678461844
0 0.1946337033410206 0.1579382048450815 0.20125680411332753 0.1579382048450815 0.20125680411332753 0.16936230646136227 0.1946337033410206 0.16936230646136227
0 0.22027151278220886 0.16450706327444298 0.2281765040265752 0.16450706327444298 0.2281765040265752 0.17621676743113074 0.22027151278220886 0.17621676743113074
0 0.2480458063434961 0.16393585819362894 0.2538143134677634 0.16393585819362894 0.2538143134677634 0.1756455623503167 0.2480458063434961 0.1756455623503167
0 0.1399397098664857 0.2190571484921836 0.14891294317090156 0.2190571484921836 0.14891294317090156 0.225340404381138 0.1399397098664857 0.225340404381138
0 0.16493657407164425 0.21677232816892744 0.17262791690400067 0.21677232816892744 0.17262791690400067 0.22648281454276611 0.16493657407164425 0.22648281454276611
0 0.20403423346945626 0.22591160946195207 0.21001638900573352 0.22591160946195207 0.21001638900573352 0.2356220958357907 0.20403423346945626 0.2356220958357907
0 0.23266312067878311 0.21848594341136957 0.2390725730390802 0.21848594341136957 0.2390725730390802 0.22876763486602225 0.23266312067878311 0.22876763486602225
0 0.26278754677217925 0.2233411865982889 0.26834240548443666 0.2233411865982889 0.26834240548443666 0.23476528821456968 0.26278754677217925 0.23476528821456968
0 0.1378032257463867 0.31873243509423327 0.14592186540276297 0.31873243509423327 0.14592186540276297 0.33072774179132797 0.1378032257463867 0.33072774179132797
0 0.1595953637713967 0.32101725541748943 0.16878224548782247 0.32101725541748943 0.16878224548782247 0.330727741791328 0.1595953637713967 0.330727741791328
0 0.1841649311525354 0.3195892427154543 0.19142897716087204 0.3195892427154543 0.19142897716087204 0.32730051130644383 0.1841649311525354 0.32730051130644383
0 0.21728043501407018 0.3258724986044087 0.2266809651425059 0.3258724986044087 0.2266809651425059 0.3358685875186544 0.21728043501407018 0.3358685875186544
0 0.2531733682317337 0.3238732808215596 0.25958282059203075 0.3238732808215596 0.25958282059203075 0.3350117798974333 0.2531733682317337 0.3350117798974333
0 0.139298764630456 0.3672848669634265 0.1448536233427135 0.3672848669634265 0.1448536233427135 0.37928017366052125 0.139298764630456 0.37928017366052125
0 0.16215914471551549 0.37128330252912467 0.16835494866380266 0.37128330252912467 0.16835494866380266 0.38442101938784756 0.16215914471551549 0.38442101938784756
0 0.1845922279765552 0.3718545076099387 0.19271086763293147 0.3718545076099387 0.19271086763293147 0.3807081863625564 0.1845922279765552 0.3807081863625564
0 0.20916179535769394 0.36699926442301944 0.2149303024819613 0.36699926442301944 0.2149303024819613 0.3789945711201143 0.20916179535769394 0.3789945711201143
0 0.22945839449863464 0.37071209744831063 0.2369360889189812 0.37071209744831063 0.2369360889189812 0.3815649939837774 0.22945839449863464 0.3815649939837774
0 0.13075282815005995 0.4738146145352446 0.1367349836863372 0.4738146145352446 0.1367349836863372 0.4812402805858272 0.13075282815005995 0.4812402805858272
0 0.15233131776306003 0.4706729865907673 0.15916806694737687 0.4706729865907673 0.15916806694737687 0.48009787042419905 0.15233131776306003 0.48009787042419905
0 0.1734825105520403 0.47152979421198843 0.1816011502084166 0.47152979421198843 0.1816011502084166 0.47981226788379194 0.1734825105520403 0.47981226788379194
0 0.19591559381308 0.47238660183320946 0.20253869458538695 0.47238660183320946 0.20253869458538695 0.4823826907474551 0.19591559381308 0.4823826907474551
0 0.22219434849029793 0.4749570246968726 0.2300993397346643 0.4749570246968726 0.2300993397346643 0.4829538958282692 0.22219434849029793 0.4829538958282692
0 0.13395755433020845 0.525223071808508 0.1399397098664857 0.525223071808508 0.1399397098664857 0.5337911480207185 0.13395755433020845 0.5337911480207185
0 0.15681793441526795 0.5306495200762413 0.16344103518757494 0.5306495200762413 0.16344103518757494 0.5415024166117081 0.15681793441526795 0.5415024166117081
0 0.18010561132434727 0.525223071808508 0.1858741184486146 0.525223071808508 0.1858741184486146 0.5369327759651957 0.18010561132434727 0.5369327759651957
0 0.20147045252533743 0.525223071808508 0.20787990488563454 0.525223071808508 0.20787990488563454 0.5369327759651957 0.20147045252533743 0.5369327759651957
0 0.22796285561456528 0.5283646997529852 0.23608149527094155 0.5283646997529852 0.23608149527094155 0.5392175962884519 0.22796285561456528 0.5392175962884519
0 0.13096647656206983 0.6206143203044523 0.13737592892236689 0.6206143203044523 0.13737592892236689 0.6288967939762559 0.13096647656206983 0.6288967939762559
0 0.15489509870717885 0.6177582949003821 0.1617318478914957 0.6177582949003821 0.1617318478914957 0.6288967939762559 0.15489509870717885 0.6288967939762559
0 0.17348251055204028 0.6200431152236383 0.18096020497238688 0.6200431152236383 0.18096020497238688 0.629753601597477 0.17348251055204028 0.629753601597477
0 0.20638436600156518 0.6240415507893365 0.21343476359789193 0.6240415507893365 0.21343476359789193 0.6334664346227681 0.20638436600156518 0.6334664346227681
0 0.23821797939104056 0.6231847431681155 0.2446274317513376 0.6231847431681155 0.2446274317513376 0.6346088447843962 0.23821797939104056 0.6346088447843962
0 0.13545309321427776 0.6745932004413789 0.14207619398658472 0.6745932004413789 0.14207619398658472 0.6834468791939966 0.13545309321427776 0.6834468791939966
0 0.1519040209390402 0.6588850607189929 0.15938171535938678 0.6588850607189929 0.15938171535938678 0.6685955470928315 0.1519040209390402 0.6685955470928315
0 0.18245574385645613 0.6711659699564947 0.19057438351283246 0.6711659699564947 0.19057438351283246 0.677734828385856 0.18245574385645613 0.677734828385856
0 0.21087098265377313 0.6720227775777157 0.2174940834260801 0.6720227775777157 0.2174940834260801 0.6828756741131825 0.21087098265377313 0.6828756741131825
0 0.23202217544275341 0.6711659699564947 0.2403544635111396 0.6711659699564947 0.2403544635111396 0.6803052512495193 0.23202217544275341 0.6803052512495193
0 0.13224836703412923 0.7720891727551987 0.13780322574638673 0.7720891727551987 0.13780322574638673 0.7832276718310726 0.13224836703412923 0.7832276718310726
0 0.14869929475889168 0.7795148388057812 0.15404050505913922 0.7795148388057812 0.15404050505913922 0.789796530260434 0.14869929475889168 0.789796530260434
0 0.17027778437189178 0.7763732108613042 0.17647358832017895 0.7763732108613042 0.17647358832017895 0.7889397226392131 0.17027778437189178 0.7889397226392131
0 0.19847937475719885 0.7755164032400831 0.20446153029347605 0.7755164032400831 0.20446153029347605 0.7849412870735147 0.19847937475719885 0.7849412870735147
0 0.22133975484225835 0.7780868261037461 0.22604001990647613 0.7780868261037461 0.22604001990647613 0.7912245429624691 0.22133975484225835 0.7912245429624691
0 0.13395755433020848 0.8234976300284622 0.14079430351452532 0.8234976300284622 0.14079430351452532 0.832922513861894 0.13395755433020848 0.832922513861894
0 0.15446780188315903 0.8269248605133463 0.16151819947948579 0.8269248605133463 0.16151819947948579 0.8389201672104412 0.15446780188315903 0.8389201672104412
0 0.17476440102409974 0.8303520909982308 0.18202844703243637 0.8303520909982308 0.18202844703243637 0.8406337824528834 0.17476440102409974 0.8406337824528834
0 0.19335181286896116 0.834064924023522 0.2014704525253374 0.834064924023522 0.2014704525253374 0.8429186027761393 0.19335181286896116 0.8429186027761393
0 0.20595706917754542 0.8380633595892201 0.21428935724593154 0.8380633595892201 0.21428935724593154 0.8472026408822448 0.20595706917754542 0.8472026408822448
0 0.24590932222339706 0.836064141806371 0.2531733682317337 0.836064141806371 0.2531733682317337 0.8466314358014306 0.24590932222339706 0.8466314358014306
