0 0.1972734260559082 0.2168337059020996 0.20511597037315368 0.2168337059020996 0.20511597037315368 0.22635651469230653 0.1972734260559082 0.22635651469230653
0 0.7890087890625 0.3136803436279297 0.7968846899271013 0.3136803436279297 0.7968846899271013 0.3225042128562927 0.7890087890625 0.3225042128562927
0 0.5615247344970703 0.6856413269042969 0.5696047365665435 0.6856413269042969 0.5696047365665435 0.6967616641521454 0.5615247344970703 0.6967616641521454
0 0.2105116844177246 0.8241757202148438 0.21645087242126465 0.8241757202148438 0.21645087242126465 0.8325485259294509 0.2105116844177246 0.8325485259294509
0 0.5249139404296875 0.8337715911865234 0.5325237590074539 0.8337715911865234 0.5325237590074539 0.8435607761144639 0.5249139404296875 0.8435607761144639
0 0.18718830108642578 0.8224735260009766 0.1934975588321686 0.8224735260009766 0.1934975588321686 0.8308432483673096 0.18718830108642578 0.8308432483673096
0 0.8195868682861328 0.3141551208496094 0.8275589942932129 0.3141551208496094 0.8275589942932129 0.323788081407547 0.8195868682861328 0.323788081407547
0 0.773160400390625 0.21583831787109375 0.7808462762832641 0.21583831787109375 0.7808462762832641 0.22496906280517578 0.773160400390625 0.22496906280517578
0 0.55435791015625 0.8330762481689453 0.562109375 0.8330762481689453 0.562109375 0.8432977390289307 0.55435791015625 0.8432977390289307
0 0.7651899719238281 0.3147639846801758 0.773098578453064 0.3147639846801758 0.773098578453064 0.3243203747272491 0.7651899719238281 0.3243203747272491
0 0.47802490234375 0.519351692199707 0.4863354122638702 0.519351692199707 0.4863354122638702 0.5295046770572662 0.47802490234375 0.5295046770572662
0 0.4846449661254883 0.1469333553314209 0.49183685302734376 0.1469333553314209 0.49183685302734376 0.15599322199821475 0.4846449661254883 0.15599322199821475
0 0.5799953842163086 0.2086634635925293 0.5884059929847717 0.2086634635925293 0.5884059929847717 0.21914599418640138 0.5799953842163086 0.21914599418640138
0 0.8306273651123047 0.5303411865234375 0.8378356051445007 0.5303411865234375 0.8378356051445007 0.5394938904047013 0.8306273651123047 0.5394938904047013
0 0.1707656478881836 0.2180467414855957 0.1771174591779709 0.2180467414855957 0.1771174591779709 0.22635683238506316 0.1707656478881836 0.22635683238506316
0 0.5618420028686524 0.6332688903808594 0.5701436120271683 0.6332688903808594 0.5701436120271683 0.642372813820839 0.5618420028686524 0.642372813820839
0 0.28005224227905273 0.36665229797363275 0.28772229731082916 0.36665229797363275 0.28772229731082916 0.37549899578094476 0.28005224227905273 0.37549899578094476
0 0.8105599975585938 0.6266556549072265 0.8178660595417023 0.6266556549072265 0.8178660595417023 0.636092820763588 0.8105599975585938 0.636092820763588
0 0.2556276321411133 0.3120172119140625 0.2632528573274613 0.3120172119140625 0.2632528573274613 0.3213748025894165 0.2556276321411133 0.3213748025894165
0 0.5262262725830078 0.6359672164916992 0.5345882070064545 0.6359672164916992 0.5345882070064545 0.646544245481491 0.5262262725830078 0.646544245481491
0 0.6005572128295898 0.6867721557617188 0.6078022986650466 0.6867721557617188 0.6078022986650466 0.6954035705327988 0.6005572128295898 0.6954035705327988
0 0.7992958831787109 0.7835738372802735 0.8069508272409439 0.7835738372802735 0.8069508272409439 0.7932162851095199 0.7992958831787109 0.7932162851095199
0 0.2514251899719238 0.523792495727539 0.2596998006105423 0.523792495727539 0.2596998006105423 0.5336846184730529 0.2514251899719238 0.5336846184730529
0 0.16466880798339845 0.8219491577148438 0.17119825363159183 0.8219491577148438 0.17119825363159183 0.8304542326927185 0.16466880798339845 0.8304542326927185
0 0.27416467666625977 0.513292465209961 0.2817580533027649 0.513292465209961 0.2817580533027649 0.5236043226718903 0.27416467666625977 0.5236043226718903
0 0.5525093460083008 0.20790014266967777 0.5600304502248765 0.20790014266967777 0.5600304502248765 0.21746103882789616 0.5525093460083008 0.21746103882789616
0 0.7952449035644531 0.5340834426879882 0.8025491321086883 0.5340834426879882 0.8025491321086883 0.5438186687231064 0.7952449035644531 0.5438186687231064
0 0.5679006576538086 0.3763581848144531 0.576176894903183 0.3763581848144531 0.576176894903183 0.38587547898292535 0.5679006576538086 0.38587547898292535
0 0.5839596939086914 0.7832422637939453 0.5921224361658096 0.7832422637939453 0.5921224361658096 0.7925911575555802 0.5839596939086914 0.7925911575555802
0 0.5838634490966796 0.31971940994262693 0.5911756616830826 0.31971940994262693 0.5911756616830826 0.3302321422100067 0.5838634490966796 0.3302321422100067
0 0.7712680053710937 0.7814329528808593 0.7782019424438478 0.7814329528808593 0.7782019424438478 0.7908545833826065 0.7712680053710937 0.7908545833826065
0 0.4944021224975586 0.3821793365478516 0.5023331737518311 0.3821793365478516 0.5023331737518311 0.3917487716674805 0.4944021224975586 0.3917487716674805
0 0.5932488250732422 0.5225615692138672 0.6014912325143814 0.5225615692138672 0.6014912325143814 0.5319598370790481 0.5932488250732422 0.5319598370790481
0 0.49728599548339847 0.7809165954589845 0.5051048827171326 0.7809165954589845 0.5051048827171326 0.7907996261119844 0.49728599548339847 0.7907996261119844
0 0.8133785247802734 0.6810665130615234 0.8217712134122848 0.6810665130615234 0.8217712134122848 0.6900340163707733 0.8133785247802734 0.6900340163707733
0 0.52631103515625 0.7836135101318359 0.534282569885254 0.7836135101318359 0.534282569885254 0.7931405287981034 0.52631103515625 0.7931405287981034
0 0.4599158477783203 0.7924568939208984 0.46716735064983367 0.7924568939208984 0.46716735064983367 0.8015167409181594 0.4599158477783203 0.8015167409181594
0 0.226693115234375 0.15128363609313966 0.23516143262386324 0.15128363609313966 0.23516143262386324 0.16134700536727906 0.226693115234375 0.16134700536727906
0 0.55290771484375 0.5281162643432618 0.5607397317886353 0.5281162643432618 0.5607397317886353 0.5381037348508835 0.55290771484375 0.5381037348508835
0 0.4972618103027344 0.8336519622802734 0.5048716878890992 0.8336519622802734 0.5048716878890992 0.84327361702919 0.4972618103027344 0.84327361702919
0 0.22329658508300781 0.21323638916015625 0.23067397296428682 0.21323638916015625 0.23067397296428682 0.22267904937267302 0.22329658508300781 0.22267904937267302
0 0.7707884216308594 0.6804963684082032 0.7784850615262985 0.6804963684082032 0.7784850615262985 0.6902324247360229 0.7707884216308594 0.6902324247360229
0 0.27446720123291013 0.4593522644042969 0.2823526537418365 0.4593522644042969 0.2823526537418365 0.4702467238903046 0.27446720123291013 0.4702467238903046
0 0.7733167266845703 0.5145964813232422 0.780875090956688 0.5145964813232422 0.780875090956688 0.5238857632875442 0.7733167266845703 0.5238857632875442
0 0.5362594985961914 0.46343795776367186 0.5435978525876999 0.46343795776367186 0.5435978525876999 0.47255433320999146 0.5362594985961914 0.47255433320999146
0 0.20868528366088868 0.36622211456298825 0.2162508487701416 0.36622211456298825 0.2162508487701416 0.37553539156913757 0.20868528366088868 0.37553539156913757
0 0.826671371459961 0.47296119689941407 0.8346890962123872 0.47296119689941407 0.8346890962123872 0.48254047513008125 0.826671371459961 0.48254047513008125
0 0.2608403015136719 0.1515175724029541 0.26941322743892676 0.1515175724029541 0.26941322743892676 0.16243280529975893 0.2608403015136719 0.16243280529975893
0 0.5211869430541992 0.21266571044921875 0.5284396582841874 0.21266571044921875 0.5284396582841874 0.22228232502937317 0.5211869430541992 0.22228232502937317
0 0.24792652130126952 0.7747204589843749 0.2553784143924713 0.7747204589843749 0.2553784143924713 0.7841586130857467 0.24792652130126952 0.7841586130857467
0 0.8670516967773437 0.22679548263549804 0.8752366179227828 0.22679548263549804 0.8752366179227828 0.2357613456249237 0.8670516967773437 0.2357613456249237
0 0.562825813293457 0.14778009414672852 0.5708268600702286 0.14778009414672852 0.5708268600702286 0.1572607433795929 0.562825813293457 0.1572607433795929
0 0.4745856475830078 0.4587735748291016 0.4815190815925598 0.4587735748291016 0.4815190815925598 0.46762331664562223 0.4745856475830078 0.46762331664562223
0 0.5521628952026367 0.7859434509277343 0.5599499046802521 0.7859434509277343 0.5599499046802521 0.79487173974514 0.5521628952026367 0.79487173974514
0 0.8470824432373046 0.1701921844482422 0.8539896476268768 0.1701921844482422 0.8539896476268768 0.1794400978088379 0.8470824432373046 0.1794400978088379
0 0.4665346908569336 0.1456236457824707 0.47348329484462737 0.1456236457824707 0.47348329484462737 0.1555876350402832 0.4665346908569336 0.1555876350402832
0 0.5939157104492188 0.6322079849243164 0.6025166404247285 0.6322079849243164 0.6025166404247285 0.6419455432891846 0.5939157104492188 0.6419455432891846
0 0.5363797760009765 0.14931656837463378 0.5430767285823822 0.14931656837463378 0.5430767285823822 0.15804376542568208 0.5363797760009765 0.15804376542568208
0 0.5051642608642578 0.4670272445678711 0.5123506772518158 0.4670272445678711 0.5123506772518158 0.4763241559267044 0.5051642608642578 0.4763241559267044
0 0.8158246612548828 0.16958196640014647 0.8228605008125306 0.16958196640014647 0.8228605008125306 0.1796712076663971 0.8158246612548828 0.1796712076663971
0 0.4707309341430664 0.37849830627441405 0.4786568105220794 0.37849830627441405 0.4786568105220794 0.38780763030052184 0.4707309341430664 0.38780763030052184
0 0.44503978729248045 0.21192907333374023 0.453526394367218 0.21192907333374023 0.453526394367218 0.221368927359581 0.44503978729248045 0.221368927359581
0 0.5733180618286133 0.4601500701904297 0.5811765748262406 0.4601500701904297 0.5811765748262406 0.4700208467245102 0.5733180618286133 0.4700208467245102
0 0.5500901794433594 0.31910186767578125 0.5567766636610031 0.31910186767578125 0.5567766636610031 0.32798716723918914 0.5500901794433594 0.32798716723918914
0 0.19903526306152344 0.1519804096221924 0.2078415507078171 0.1519804096221924 0.2078415507078171 0.16258186817169193 0.19903526306152344 0.16258186817169193
0 0.4434623718261719 0.4590536880493164 0.4505003702640534 0.4590536880493164 0.4505003702640534 0.4682207417488098 0.4434623718261719 0.4682207417488098
0 0.4904325866699219 0.6324702835083008 0.4987138801813126 0.6324702835083008 0.4987138801813126 0.6418876838684082 0.4904325866699219 0.6418876838684082
0 0.7983248901367187 0.8276872253417968 0.8057248115539549 0.8276872253417968 0.8057248115539549 0.8375058209896088 0.7983248901367187 0.8375058209896088
0 0.7786154937744141 0.6256299591064454 0.7856907814741134 0.6256299591064454 0.7856907814741134 0.6352334696054459 0.7786154937744141 0.6352334696054459
0 0.8148323059082031 0.8151481628417969 0.8219817584753036 0.8151481628417969 0.8219817584753036 0.8235619223117829 0.8148323059082031 0.8235619223117829
0 0.44166343688964843 0.3828243637084961 0.4479268741607666 0.3828243637084961 0.4479268741607666 0.3906637841463089 0.44166343688964843 0.3906637841463089
0 0.45773365020751955 0.3158621597290039 0.4644405382871628 0.3158621597290039 0.4644405382871628 0.3240823382139206 0.45773365020751955 0.3240823382139206
0 0.20762453079223633 0.7751321411132812 0.21351489663124085 0.7751321411132812 0.21351489663124085 0.7832386690378189 0.20762453079223633 0.7832386690378189
0 0.8514413452148437 0.30906177520751954 0.8592957180738449 0.30906177520751954 0.8592957180738449 0.3183350670337677 0.8514413452148437 0.3183350670337677
0 0.25780094146728516 0.2117932891845703 0.2652071911096573 0.2117932891845703 0.2652071911096573 0.2220425307750702 0.25780094146728516 0.2220425307750702
0 0.7658987426757813 0.8282391357421875 0.774061958193779 0.8282391357421875 0.774061958193779 0.8372292506694795 0.7658987426757813 0.8372292506694795
0 0.16283638000488282 0.3643560028076172 0.16934497833251955 0.3643560028076172 0.16934497833251955 0.37308881342411043 0.16283638000488282 0.37308881342411043
0 0.5206755447387695 0.6871273803710937 0.5279382550716399 0.6871273803710937 0.5279382550716399 0.6979480755329132 0.5206755447387695 0.6979480755329132
0 0.5160576629638672 0.5249957656860351 0.5239219129085543 0.5249957656860351 0.5239219129085543 0.5342635828256607 0.5160576629638672 0.5342635828256607
0 0.49422977447509764 0.3160255432128906 0.5016444516181946 0.3160255432128906 0.5016444516181946 0.32600781559944153 0.49422977447509764 0.32600781559944153
0 0.20899803161621094 0.469603157043457 0.21594605922698976 0.469603157043457 0.21594605922698976 0.4794815629720688 0.20899803161621094 0.4794815629720688
0 0.7969219207763671 0.1702680778503418 0.8048608082532882 0.1702680778503418 0.8048608082532882 0.17995689511299134 0.7969219207763671 0.17995689511299134
0 0.20781318664550782 0.5188139724731445 0.21530235409736634 0.5188139724731445 0.21530235409736634 0.5297114753723144 0.20781318664550782 0.5297114753723144
0 0.7991256713867188 0.47326515197753904 0.8076909977197647 0.47326515197753904 0.8076909977197647 0.4830661964416504 0.7991256713867188 0.4830661964416504
0 0.8338996124267578 0.6797714233398438 0.8408039778470993 0.6797714233398438 0.8408039778470993 0.6887900793552398 0.8338996124267578 0.6887900793552398
0 0.7648036193847656 0.598086280822754 0.7725552022457123 0.598086280822754 0.7725552022457123 0.6074464410543442 0.7648036193847656 0.6074464410543442
0 0.8922883605957032 0.4809401321411133 0.8999450790882111 0.4809401321411133 0.8999450790882111 0.49059020936489106 0.8922883605957032 0.49059020936489106
0 0.5106462097167969 0.1491117572784424 0.5185276108980179 0.1491117572784424 0.5185276108980179 0.15970389604568483 0.5106462097167969 0.15970389604568483
0 0.4419142532348633 0.5299565505981445 0.44928951203823086 0.5299565505981445 0.44928951203823086 0.539672880768776 0.4419142532348633 0.539672880768776
0 0.7686197662353516 0.16206790924072265 0.7759928369522094 0.16206790924072265 0.7759928369522094 0.17220217585563657 0.7686197662353516 0.17220217585563657
0 0.18274694442749023 0.7704811096191406 0.1890390211343765 0.7704811096191406 0.1890390211343765 0.7786984813213348 0.18274694442749023 0.7786984813213348
0 0.25875272750854494 0.610865592956543 0.26654674530029293 0.610865592956543 0.26654674530029293 0.6206245768070221 0.25875272750854494 0.6206245768070221
0 0.5221964263916016 0.3164235496520996 0.5302527123689652 0.3164235496520996 0.5302527123689652 0.32749030232429505 0.5221964263916016 0.32749030232429505
0 0.7596823120117188 0.3597233581542969 0.7666329270601273 0.3597233581542969 0.7666329270601273 0.3699970293045044 0.7596823120117188 0.3699970293045044
0 0.1868194580078125 0.6587464904785156 0.19305756747722624 0.6587464904785156 0.19305756747722624 0.666940855383873 0.1868194580078125 0.666940855383873
0 0.13347930908203126 0.5194607543945312 0.14072770714759827 0.5194607543945312 0.14072770714759827 0.5275129282474518 0.13347930908203126 0.5275129282474518
0 0.8386130523681641 0.22246574401855468 0.8469462436437607 0.22246574401855468 0.8469462436437607 0.23248972058296205 0.8386130523681641 0.23248972058296205
0 0.1801459312438965 0.315334587097168 0.18787195026874542 0.315334587097168 0.18787195026874542 0.3238621354103089 0.1801459312438965 0.3238621354103089
0 0.21069009780883788 0.6653988647460937 0.2179566818475723 0.6653988647460937 0.2179566818475723 0.6735247629880905 0.21069009780883788 0.6735247629880905
0 0.46956809997558596 0.2121613883972168 0.476409981250763 0.2121613883972168 0.476409981250763 0.22190533101558685 0.46956809997558596 0.22190533101558685
0 0.4978849411010742 0.2139022445678711 0.5048048019409179 0.2139022445678711 0.5048048019409179 0.22391772270202637 0.4978849411010742 0.22391772270202637
0 0.1703103256225586 0.15238704681396484 0.17688000321388248 0.15238704681396484 0.17688000321388248 0.16124131500720976 0.1703103256225586 0.16124131500720976
0 0.839384536743164 0.37205020904541014 0.8470663905143738 0.37205020904541014 0.8470663905143738 0.3823707640171051 0.839384536743164 0.3823707640171051
0 0.15744197845458985 0.5125958251953125 0.16525900304317473 0.5125958251953125 0.16525900304317473 0.5210868668556214 0.15744197845458985 0.5210868668556214
0 0.22266155242919922 0.30348035812377927 0.23104214668273926 0.30348035812377927 0.23104214668273926 0.3146898758411407 0.22266155242919922 0.3146898758411407
0 0.9123725891113281 0.5323468399047852 0.9190064364671707 0.5323468399047852 0.9190064364671707 0.5412440973520278 0.9123725891113281 0.5412440973520278
0 0.14776069641113282 0.36799819946289064 0.15376256048679351 0.36799819946289064 0.15376256048679351 0.37611350357532497 0.14776069641113282 0.37611350357532497
0 0.8895829010009766 0.18054786682128907 0.8965394896268845 0.18054786682128907 0.8965394896268845 0.18935189187526702 0.8895829010009766 0.18935189187526702
0 0.7706769561767578 0.47330982208251954 0.7785810089111328 0.47330982208251954 0.7785810089111328 0.48461401581764224 0.7706769561767578 0.48461401581764224
0 0.836504135131836 0.6298368072509766 0.8443014943599702 0.6298368072509766 0.8443014943599702 0.6385589051246643 0.836504135131836 0.6385589051246643
0 0.7843242645263672 0.3680344009399414 0.7926996839046478 0.3680344009399414 0.7926996839046478 0.38040864586830136 0.7843242645263672 0.38040864586830136
0 0.8820783996582031 0.3184960746765137 0.8883588105440139 0.3184960746765137 0.8883588105440139 0.32630319833755494 0.8820783996582031 0.32630319833755494
0 0.14591307640075685 0.3207192230224609 0.15227449834346773 0.3207192230224609 0.15227449834346773 0.32988346993923184 0.14591307640075685 0.32988346993923184
0 0.4651001739501953 0.8337071990966797 0.47311508953571324 0.8337071990966797 0.47311508953571324 0.8447546410560608 0.4651001739501953 0.8447546410560608
0 0.8619755554199219 0.4788630294799805 0.8704580229520797 0.4788630294799805 0.8704580229520797 0.4889609479904175 0.8619755554199219 0.4889609479904175
0 0.9071540832519531 0.8221131896972657 0.9140970689058304 0.8221131896972657 0.9140970689058304 0.8299147003889084 0.9071540832519531 0.8299147003889084
0 0.1580759811401367 0.6073723220825196 0.16520112574100493 0.6073723220825196 0.16520112574100493 0.6162681168317795 0.1580759811401367 0.6162681168317795
0 0.527248764038086 0.37883110046386725 0.5358806848526002 0.37883110046386725 0.5358806848526002 0.3907414555549622 0.527248764038086 0.3907414555549622
0 0.5868616104125977 0.8306366729736329 0.5949203801155091 0.8306366729736329 0.5949203801155091 0.8400598055124283 0.5868616104125977 0.8400598055124283
0 0.9116762542724609 0.7748313903808592 0.91711459338665 0.7748313903808592 0.91711459338665 0.7828843939304351 0.9116762542724609 0.7828843939304351
0 0.863580093383789 0.7805803680419922 0.8702985143661498 0.7805803680419922 0.8702985143661498 0.7893491911888123 0.863580093383789 0.7893491911888123
0 0.2328799057006836 0.8179835510253907 0.24116143584251404 0.8179835510253907 0.24116143584251404 0.8287915170192719 0.2328799057006836 0.8287915170192719
0 0.14072302608858095 0.21504202020116508 0.14780081142439716 0.21504202020116508 0.14780081142439716 0.2267297498413517 0.14072302608858095 0.2267297498413517
0 0.1353106020082509 0.1515943450115808 0.14155570671632403 0.1515943450115808 0.14155570671632403 0.16383863320606198 0.1353106020082509 0.16383863320606198
0 0.11990601039500388 0.31243976720271993 0.13114719886953552 0.31243976720271993 0.13114719886953552 0.32468405539720113 0.11990601039500388 0.32468405539720113
0 0.12157137165049005 0.36698250552359063 0.13156353918340705 0.36698250552359063 0.13156353918340705 0.383122703598134 0.12157137165049005 0.383122703598134
0 0.1365596229498655 0.4593712255364942 0.1457191098550394 0.4593712255364942 0.1457191098550394 0.4710589551766808 0.1365596229498655 0.4710589551766808
0 0.1536295758185987 0.6563929537567822 0.1632054030376442 0.6563929537567822 0.1632054030376442 0.6708634761684418 0.1536295758185987 0.6708634761684418
0 0.18235705747573508 0.6146510621846872 0.19026752343929434 0.6146510621846872 0.19026752343929434 0.6257822332705792 0.18235705747573508 0.6257822332705792
0 0.2119172197606145 0.6068592424245629 0.2198276857241738 0.6068592424245629 0.2198276857241738 0.6191035306190441 0.2119172197606145 0.6191035306190441
0 0.2302361935709623 0.6068592424245629 0.23856299984839316 0.6068592424245629 0.23856299984839316 0.6202166477276333 0.2302361935709623 0.6202166477276333
0 0.14113936640245248 0.7654784303985237 0.14780081142439716 0.7654784303985237 0.14780081142439716 0.7743833672672373 0.14113936640245248 0.7743833672672373
0 0.13905766483309479 0.8194646101650999 0.14863349205214027 0.8194646101650999 0.14863349205214027 0.8311523398052864 0.13905766483309479 0.8311523398052864
0 0.16154004178215803 0.7626956376270507 0.16945050774571727 0.7626956376270507 0.16945050774571727 0.7727136916043534 0.16154004178215803 0.7727136916043534
0 0.45089655992287914 0.6285650260420522 0.45839068557256685 0.6285650260420522 0.45839068557256685 0.6413658727908279 0.45089655992287914 0.6413658727908279
0 0.45048021960900764 0.6814380887000392 0.45880702588643846 0.6814380887000392 0.45880702588643846 0.6947954940031096 0.45048021960900764 0.6947954940031096
0 0.8580279529698044 0.8241274968429068 0.8671874398749784 0.8241274968429068 0.8671874398749784 0.8352586679287989 0.8580279529698044 0.8352586679287989
0 0.8359619163346127 0.779046253945044 0.8447050629259151 0.779046253945044 0.8447050629259151 0.7868380737051687 0.8359619163346127 0.7868380737051687
0 0.8663547592472353 0.6304451199483861 0.8725998639553083 0.6304451199483861 0.8725998639553083 0.6399066153713944 0.8663547592472353 0.6399066153713944
0 0.8663547592472353 0.6788657141720162 0.8734325445830512 0.6788657141720162 0.8734325445830512 0.6899968852579084 0.8663547592472353 0.6899968852579084
0 0.8938332199627568 0.6794222727263108 0.9029927068679309 0.6794222727263108 0.9029927068679309 0.6894403267036135 0.8938332199627568 0.6894403267036135
0 0.9067397696927748 0.6204270659710833 0.9117358534592332 0.6204270659710833 0.9117358534592332 0.6321147956112699 0.9067397696927748 0.6321147956112699
0 0.8676037801888498 0.5352736071640096 0.8734325445830513 0.5352736071640096 0.8734325445830513 0.5464047782499016 0.8676037801888498 0.5464047782499016
0 0.8717671833275652 0.3677494823213353 0.8788449686633814 0.3677494823213353 0.8788449686633814 0.3788806534072273 0.8717671833275652 0.3788806534072273
0 0.8971639424737292 0.36441013099556774 0.9059070890650316 0.36441013099556774 0.9059070890650316 0.37776753629863813 0.8971639424737292 0.37776753629863813
0 0.8884207958824268 0.22137458254185574 0.8963312618459862 0.22137458254185574 0.8963312618459862 0.23473198784492613 0.8884207958824268 0.23473198784492613
