0 0.5006011962890625 0.5299381637573242 0.5083772051334381 0.5299381637573242 0.5083772051334381 0.5399405372142791 0.5006011962890625 0.5399405372142791
0 0.5479040908813476 0.8425648498535155 0.5564743846654892 0.8425648498535155 0.5564743846654892 0.8538331103324889 0.5479040908813476 0.8538331103324889
0 0.5166008377075195 0.6863423919677735 0.5245642697811127 0.6863423919677735 0.5245642697811127 0.6960071349143981 0.5166008377075195 0.6960071349143981
0 0.5070701599121094 0.8435253143310548 0.5150713247060775 0.8435253143310548 0.5150713247060775 0.8540766489505769 0.5070701599121094 0.8540766489505769
0 0.4692822265625 0.373262939453125 0.4768014681339264 0.373262939453125 0.4768014681339264 0.3838019800186157 0.4692822265625 0.3838019800186157
0 0.21798427581787108 0.7726678466796875 0.2251674687862396 0.7726678466796875 0.2251674687862396 0.7823429465293885 0.21798427581787108 0.7823429465293885
0 0.4532114791870117 0.1441923999786377 0.46142724275588987 0.1441923999786377 0.46142724275588987 0.1548500621318817 0.4532114791870117 0.1548500621318817
0 0.44590660095214846 0.3725532150268555 0.45410675108432774 0.3725532150268555 0.45410675108432774 0.3821666079759598 0.44590660095214846 0.3821666079759598
0 0.5397737884521484 0.22561149597167968 0.5476144403219223 0.22561149597167968 0.5476144403219223 0.23667998790740966 0.5397737884521484 0.23667998790740966
0 0.7736132049560547 0.7627326202392578 0.7821777027845382 0.7627326202392578 0.7821777027845382 0.7721232587099075 0.7736132049560547 0.7721232587099075
0 0.57798095703125 0.8433968353271485 0.5865688163042068 0.8433968353271485 0.5865688163042068 0.8536078119277954 0.57798095703125 0.8536078119277954
0 0.5694647216796875 0.4695029830932617 0.5781662529706957 0.4695029830932617 0.5781662529706957 0.47857686340808864 0.5694647216796875 0.47857686340808864
0 0.5216249465942383 0.37325889587402344 0.5299856984615327 0.37325889587402344 0.5299856984615327 0.3834609770774841 0.5216249465942383 0.3834609770774841
0 0.4689890670776367 0.8417371368408203 0.47692981779575344 0.8417371368408203 0.47692981779575344 0.8522847545146942 0.4689890670776367 0.8522847545146942
0 0.5071057510375977 0.22700023651123047 0.51500554561615 0.22700023651123047 0.51500554561615 0.23734124779701235 0.5071057510375977 0.23734124779701235
0 0.5621451568603516 0.5323849487304687 0.5707734698057175 0.5323849487304687 0.5707734698057175 0.5429890561103821 0.5621451568603516 0.5429890561103821
0 0.4850266647338867 0.7728753662109376 0.4930006831884384 0.7728753662109376 0.4930006831884384 0.7839284217357636 0.4850266647338867 0.7839284217357636
0 0.43729793548583984 0.22640369415283204 0.44587517857551573 0.22640369415283204 0.44587517857551573 0.23744293332099917 0.43729793548583984 0.23744293332099917
0 0.18905900955200194 0.7705744171142578 0.19632899463176726 0.7705744171142578 0.19632899463176726 0.7803267598152162 0.18905900955200194 0.7803267598152162
0 0.4619161605834961 0.4707817077636719 0.46934585988521577 0.4707817077636719 0.46934585988521577 0.4804370427131653 0.4619161605834961 0.4804370427131653
0 0.49814296722412116 0.37387077331542967 0.5053614389896394 0.37387077331542967 0.5053614389896394 0.38410376787185674 0.49814296722412116 0.38410376787185674
0 0.16257524490356445 0.8352388000488281 0.16987496376037597 0.8352388000488281 0.16987496376037597 0.8439671438932418 0.16257524490356445 0.8439671438932418
0 0.8193784332275391 0.8368402862548828 0.8277198451757432 0.8368402862548828 0.8277198451757432 0.8467623728513719 0.8193784332275391 0.8467623728513719
0 0.46632110595703125 0.3032460021972656 0.4741485100984573 0.3032460021972656 0.4741485100984573 0.3139317202568054 0.46632110595703125 0.3139317202568054
0 0.5785707092285156 0.7692890167236328 0.5869399183988571 0.7692890167236328 0.5869399183988571 0.7791774237155914 0.5785707092285156 0.7791774237155914
0 0.5795524215698242 0.6844593811035157 0.5870256799459458 0.6844593811035157 0.5870256799459458 0.6960185861587525 0.5795524215698242 0.6960185861587525
0 0.5289142608642579 0.4673252487182617 0.5367624241113662 0.4673252487182617 0.5367624241113662 0.4774383866786957 0.5289142608642579 0.4774383866786957
0 0.584224853515625 0.6241292953491211 0.5922085124254226 0.6241292953491211 0.5922085124254226 0.633899347782135 0.584224853515625 0.633899347782135
0 0.4358487319946289 0.47031726837158205 0.4434145480394364 0.47031726837158205 0.4434145480394364 0.47924401581287385 0.4358487319946289 0.47924401581287385
0 0.48543907165527345 0.3049485397338867 0.49256315171718595 0.3049485397338867 0.49256315171718595 0.3142497599124908 0.48543907165527345 0.3142497599124908
0 0.47925796508789065 0.5335160827636719 0.4863732624053955 0.5335160827636719 0.4863732624053955 0.5435433995723725 0.47925796508789065 0.5435433995723725
0 0.5283429336547851 0.5329529571533204 0.5369350510835648 0.5329529571533204 0.5369350510835648 0.5430798125267029 0.5283429336547851 0.5430798125267029
0 0.5244345855712891 0.14657452583312988 0.5322105944156647 0.14657452583312988 0.5322105944156647 0.15778350949287415 0.5244345855712891 0.15778350949287415
0 0.2592441177368164 0.7728529357910157 0.267852942943573 0.7728529357910157 0.267852942943573 0.7833893275260926 0.2592441177368164 0.7833893275260926
0 0.8357991027832031 0.7731935119628907 0.8443933492898941 0.7731935119628907 0.8443933492898941 0.7825449359416962 0.8357991027832031 0.7825449359416962
0 0.45606491088867185 0.7701059722900391 0.46378644943237296 0.7701059722900391 0.46378644943237296 0.7801464140415193 0.45606491088867185 0.7801464140415193
0 0.22507463455200194 0.8417546844482422 0.23292337417602538 0.8417546844482422 0.23292337417602538 0.8522885465621949 0.22507463455200194 0.8522885465621949
0 0.5100577926635742 0.768609390258789 0.5183807522058487 0.768609390258789 0.5183807522058487 0.7783518505096435 0.5100577926635742 0.7783518505096435
0 0.5526799011230469 0.36822650909423826 0.5610004359483719 0.36822650909423826 0.5610004359483719 0.3777534484863281 0.5526799011230469 0.3777534484863281
0 0.48688636779785155 0.617752799987793 0.4953931427001953 0.617752799987793 0.4953931427001953 0.6280837118625642 0.48688636779785155 0.6280837118625642
0 0.7686930847167969 0.8357151794433594 0.778074164390564 0.8357151794433594 0.778074164390564 0.846740642786026 0.7686930847167969 0.846740642786026
0 0.5439860916137695 0.6844441223144532 0.5516696017980577 0.6844441223144532 0.5516696017980577 0.6945752465724945 0.5439860916137695 0.6945752465724945
0 0.487408447265625 0.6850324249267579 0.4953511202335357 0.6850324249267579 0.4953511202335357 0.6949904054403306 0.487408447265625 0.6949904054403306
0 0.1274450397491455 0.8323415374755859 0.13561362266540525 0.8323415374755859 0.13561362266540525 0.8416378557682036 0.1274450397491455 0.8416378557682036
0 0.5372984313964844 0.3077850914001465 0.5446822661161422 0.3077850914001465 0.5446822661161422 0.3180330681800842 0.5372984313964844 0.3180330681800842
0 0.4501378631591797 0.6164175415039063 0.45798410415649415 0.6164175415039063 0.45798410415649415 0.6270007765293121 0.4501378631591797 0.6270007765293121
0 0.5669142150878906 0.22436460494995117 0.5753373032808304 0.22436460494995117 0.5753373032808304 0.23500345945358275 0.5669142150878906 0.23500345945358275
0 0.5478405380249023 0.621217918395996 0.5560639017820357 0.621217918395996 0.5560639017820357 0.6313431525230407 0.5478405380249023 0.6313431525230407
0 0.5636875915527344 0.305975456237793 0.57256223320961 0.305975456237793 0.57256223320961 0.3168418681621552 0.5636875915527344 0.3168418681621552
0 0.45014801025390627 0.5348046493530273 0.458516982793808 0.5348046493530273 0.458516982793808 0.5442509073019027 0.45014801025390627 0.5442509073019027
0 0.48573516845703124 0.14862174034118653 0.4941133081912994 0.14862174034118653 0.4941133081912994 0.15802004754543306 0.48573516845703124 0.15802004754543306
0 0.5119923400878906 0.3081143188476563 0.5201717609167099 0.3081143188476563 0.5201717609167099 0.3191642510890961 0.5119923400878906 0.3191642510890961
0 0.47281757354736326 0.2222576904296875 0.4816802096366882 0.2222576904296875 0.4816802096366882 0.2339936554431915 0.47281757354736326 0.2339936554431915
0 0.497154426574707 0.46248191833496094 0.5056208068132401 0.46248191833496094 0.5056208068132401 0.4736468064785004 0.497154426574707 0.4736468064785004
0 0.8471961212158203 0.8385176849365235 0.8535168081521988 0.8385176849365235 0.8535168081521988 0.8466866713762284 0.8471961212158203 0.8466866713762284
0 0.2842788887023926 0.8508019256591797 0.29345412254333497 0.8508019256591797 0.29345412254333497 0.8616946458816528 0.2842788887023926 0.8616946458816528
0 0.8021778106689453 0.7657495880126953 0.8109242314100266 0.7657495880126953 0.8109242314100266 0.7771461641788484 0.8021778106689453 0.7771461641788484
0 0.3126218605041504 0.7543962860107422 0.319802303314209 0.7543962860107422 0.319802303314209 0.7621587401628495 0.3126218605041504 0.7621587401628495
0 0.5806745147705078 0.3687470626831055 0.589711325764656 0.3687470626831055 0.589711325764656 0.37964950680732734 0.5806745147705078 0.37964950680732734
0 0.4358866882324219 0.8386437225341797 0.4438201349973679 0.8386437225341797 0.4438201349973679 0.8493971371650696 0.4358866882324219 0.8493971371650696
0 0.5188654708862305 0.6192437362670898 0.5284308391809464 0.6192437362670898 0.5284308391809464 0.6311837387084961 0.5188654708862305 0.6311837387084961
0 0.6013660049438476 0.7676287078857422 0.6096048045158385 0.7676287078857422 0.6096048045158385 0.7772790616750718 0.6013660049438476 0.7772790616750718
0 0.6055803298950195 0.15533711433410644 0.6142657744884491 0.15533711433410644 0.6142657744884491 0.16651449322700498 0.6055803298950195 0.16651449322700498
0 0.18330915451049803 0.8385051727294923 0.1922158074378967 0.8385051727294923 0.1922158074378967 0.8485960555076599 0.18330915451049803 0.8485960555076599
0 0.4538479964079146 0.6807240631848057 0.464376826605412 0.6807240631848057 0.464376826605412 0.6933173135928296 0.4538479964079146 0.6933173135928296
0 0.12191277070786473 0.7666544777336746 0.1313333029898361 0.7666544777336746 0.1313333029898361 0.7785069487059324 0.12191277070786473 0.7785069487059324
0 0.8808579740809502 0.7651729188621423 0.8886160594896325 0.7651729188621423 0.8886160594896325 0.7814700664489969 0.8808579740809502 0.7814700664489969
0 0.895819995940552 0.8244352737234313 0.9052405282225232 0.8244352737234313 0.9052405282225232 0.8377693035672212 0.895819995940552 0.8377693035672212
