0 0.49251522064208986 0.6336789703369141 0.5001102530956268 0.6336789703369141 0.5001102530956268 0.6432919281721116 0.49251522064208986 0.6432919281721116
0 0.4670432662963867 0.6347616195678711 0.4745449125766754 0.6347616195678711 0.4745449125766754 0.6445029729604721 0.4670432662963867 0.6445029729604721
0 0.47002941131591797 0.5308102035522461 0.4775539165735245 0.5308102035522461 0.4775539165735245 0.5398747545480728 0.47002941131591797 0.5398747545480728
0 0.5156869888305664 0.6332251358032227 0.5231890493631363 0.6332251358032227 0.5231890493631363 0.6430916029214859 0.5156869888305664 0.6430916029214859
0 0.516959342956543 0.31259830474853517 0.5242594909667969 0.31259830474853517 0.5242594909667969 0.32185908496379856 0.516959342956543 0.32185908496379856
0 0.5395765686035157 0.22791589736938478 0.5472481912374498 0.22791589736938478 0.5472481912374498 0.2375290137529373 0.5395765686035157 0.2375290137529373
0 0.49377197265625 0.16294008255004883 0.5012722885608673 0.16294008255004883 0.5012722885608673 0.17307604908943175 0.49377197265625 0.17307604908943175
0 0.4907746887207031 0.31412899017333984 0.4979767191410065 0.31412899017333984 0.4979767191410065 0.3226186090707779 0.4907746887207031 0.3226186090707779
0 0.49274856567382813 0.534244155883789 0.49954230487346646 0.534244155883789 0.49954230487346646 0.5437278491258621 0.49274856567382813 0.5437278491258621
0 0.5164373397827149 0.3519927597045898 0.5232248395681381 0.3519927597045898 0.5232248395681381 0.3609191513061523 0.5164373397827149 0.3609191513061523
0 0.47653873443603517 0.3570848083496094 0.4834117543697357 0.3570848083496094 0.4834117543697357 0.36534273862838745 0.47653873443603517 0.36534273862838745
0 0.5451768493652344 0.3103280830383301 0.5525996589660644 0.3103280830383301 0.5525996589660644 0.3206173098087311 0.5451768493652344 0.3206173098087311
0 0.45119205474853513 0.2185758399963379 0.45800637543201445 0.2185758399963379 0.45800637543201445 0.22738480627536775 0.45119205474853513 0.22738480627536775
0 0.46784000396728515 0.3095069313049316 0.47516658842563625 0.3095069313049316 0.47516658842563625 0.3184627336263657 0.46784000396728515 0.3184627336263657
0 0.5263651657104492 0.4709287643432617 0.5326811218261719 0.4709287643432617 0.5326811218261719 0.4792067366838455 0.5263651657104492 0.4792067366838455
0 0.4452096939086914 0.6331530380249023 0.4529287487268448 0.6331530380249023 0.4529287487268448 0.6421505451202393 0.4452096939086914 0.6421505451202393
0 0.44709564208984376 0.31243751525878904 0.4547821390628815 0.31243751525878904 0.4547821390628815 0.3211169594526291 0.44709564208984376 0.3211169594526291
0 0.4980286026000976 0.35577316284179694 0.5049335592985152 0.35577316284179694 0.5049335592985152 0.36444493830204017 0.4980286026000976 0.36444493830204017
0 0.5084568405151367 0.22473894119262694 0.5158974516391754 0.22473894119262694 0.5158974516391754 0.23467782855033872 0.5084568405151367 0.23467782855033872
0 0.45224987030029296 0.35785957336425783 0.4589503711462021 0.35785957336425783 0.4589503711462021 0.36654439389705656 0.45224987030029296 0.36654439389705656
0 0.503042106628418 0.47030399322509764 0.5106826788187027 0.47030399322509764 0.5106826788187027 0.4800800937414169 0.503042106628418 0.4800800937414169
0 0.5457493591308594 0.4657395935058594 0.5533995127677918 0.4657395935058594 0.5533995127677918 0.47467092633247376 0.5457493591308594 0.47467092633247376
0 0.5186194610595704 0.5281902694702149 0.525934808254242 0.5281902694702149 0.525934808254242 0.5384297871589661 0.5186194610595704 0.5384297871589661
0 0.5444767761230469 0.5272774505615234 0.5526236683130265 0.5272774505615234 0.5526236683130265 0.5373757648468017 0.5444767761230469 0.5373757648468017
0 0.4546858978271484 0.4725735855102539 0.4629311442375183 0.4725735855102539 0.4629311442375183 0.4809873449802399 0.4546858978271484 0.4809873449802399
0 0.5406486511230468 0.3477119064331055 0.5477868074178696 0.3477119064331055 0.5477868074178696 0.3563418585062027 0.5406486511230468 0.3563418585062027
0 0.44857295989990237 0.16497316360473632 0.4563552969694138 0.16497316360473632 0.4563552969694138 0.1747659558057785 0.44857295989990237 0.1747659558057785
0 0.4486708068847656 0.5303283309936524 0.4562235528230667 0.5303283309936524 0.4562235528230667 0.5403066700696946 0.4486708068847656 0.5403066700696946
0 0.49037822723388674 0.22124114990234375 0.4968242377042771 0.22124114990234375 0.4968242377042771 0.23079661071300506 0.49037822723388674 0.23079661071300506
0 0.47087600708007815 0.16176300048828124 0.4783834493160248 0.16176300048828124 0.4783834493160248 0.1717182630300522 0.47087600708007815 0.1717182630300522
0 0.5445596313476563 0.6296617889404297 0.5518334013223648 0.6296617889404297 0.5518334013223648 0.6397258305549621 0.5445596313476563 0.6397258305549621
0 0.4797101211547852 0.4724337768554687 0.48804047346115115 0.4724337768554687 0.48804047346115115 0.482008073925972 0.4797101211547852 0.482008073925972
0 0.4720944976806641 0.21761161804199217 0.47945615351200105 0.21761161804199217 0.47945615351200105 0.22568818211555478 0.4720944976806641 0.22568818211555478
0 0.6416350555419922 0.5917669677734375 0.6526807630062104 0.5917669677734375 0.6526807630062104 0.6048169875144959 0.6416350555419922 0.6048169875144959
0 0.5420916748046875 0.15948333740234374 0.5506957393884658 0.15948333740234374 0.5506957393884658 0.17010929584503176 0.5420916748046875 0.17010929584503176
