0 0.15536726169772072 0.160225771265324 0.16312269905368015 0.160225771265324 0.16312269905368015 0.16955640626042134 0.15536726169772072 0.16955640626042134
0 0.18974970064247423 0.16299040385646393 0.19414444847751788 0.16299040385646393 0.19414444847751788 0.17301219699934625 0.18974970064247423 0.17301219699934625
0 0.2176692751239282 0.16817408996485134 0.22309808127309977 0.16817408996485134 0.22309808127309977 0.17681356681216365 0.2176692751239282 0.17681356681216365
0 0.2424866746629984 0.16195366663478647 0.24894953912629794 0.16195366663478647 0.24894953912629794 0.1699019853343138 0.2424866746629984 0.1699019853343138
0 0.27324990950830413 0.160225771265324 0.27971277397160366 0.160225771265324 0.27971277397160366 0.16851966903874382 0.27324990950830413 0.16851966903874382
0 0.15536726169772072 0.21379052771866042 0.1597620095327644 0.21379052771866042 0.1597620095327644 0.2234667417876502 0.15536726169772072 0.2234667417876502
0 0.1765654571373432 0.21655516030980038 0.1830283216006427 0.21655516030980038 0.1830283216006427 0.22657695345268267 0.1765654571373432 0.22657695345268267
0 0.20758720656118093 0.21482726494033794 0.2143085856030124 0.21482726494033794 0.2143085856030124 0.22277558363986524 0.20758720656118093 0.22277558363986524
0 0.2357652956211669 0.21240821142309044 0.24119410177033848 0.21240821142309044 0.24119410177033848 0.22001095104872528 0.2357652956211669 0.22001095104872528
0 0.2660115013094087 0.21206263234919795 0.27221585119417624 0.21206263234919795 0.27221585119417624 0.22173884641818772 0.2660115013094087 0.22173884641818772
0 0.14528519313497346 0.3146996172952684 0.15097251386267704 0.3146996172952684 0.15097251386267704 0.3236846732164732 0.14528519313497346 0.3236846732164732
0 0.17811654460853507 0.308824773039096 0.18535495280743058 0.308824773039096 0.18535495280743058 0.3195377243297633 0.17811654460853507 0.3195377243297633
0 0.20138285667641337 0.30571456137406355 0.2109478960820967 0.30571456137406355 0.2109478960820967 0.3133173009996984 0.20138285667641337 0.3133173009996984
0 0.23266312067878311 0.3070968776696335 0.23835044140648673 0.3070968776696335 0.23835044140648673 0.31677309173862334 0.23266312067878311 0.31677309173862334
0 0.2579975493749173 0.30640571952184853 0.26446041383821683 0.30640571952184853 0.26446041383821683 0.31539077544305333 0.2579975493749173 0.31539077544305333
0 0.14011490156433384 0.37206574356142225 0.1458022222920374 0.37206574356142225 0.1458022222920374 0.381050799482627 0.14011490156433384 0.381050799482627
0 0.17217070930229952 0.36722763652692725 0.18018466123679092 0.36722763652692725 0.18018466123679092 0.3769038505959171 0.17217070930229952 0.3769038505959171
0 0.1982806817340296 0.36826437374860477 0.20474354619732915 0.36826437374860477 0.20474354619732915 0.3751759552264548 0.1982806817340296 0.3751759552264548
0 0.22413213958722775 0.3603160550490774 0.2326631206787831 0.3603160550490774 0.2326631206787831 0.37102900633974467 0.22413213958722775 0.37102900633974467
0 0.25050062659748984 0.3561691061623675 0.2577390347963853 0.3561691061623675 0.2577390347963853 0.36757321560081974 0.25050062659748984 0.36757321560081974
0 0.15743537832597657 0.4677911470296428 0.165190815681936 0.4677911470296428 0.165190815681936 0.4764306238769551 0.15743537832597657 0.4764306238769551
0 0.178633573765599 0.47228367499024515 0.18664752570009044 0.47228367499024515 0.18664752570009044 0.4795408355419875 0.178633573765599 0.4795408355419875
0 0.2052605753543931 0.46329861906904035 0.21094789608209671 0.46329861906904035 0.21094789608209671 0.47435714943360013 0.2052605753543931 0.47435714943360013
0 0.22232253753750386 0.460879565551793 0.2293024311578674 0.460879565551793 0.2293024311578674 0.4702102005468902 0.22232253753750386 0.4702102005468902
0 0.25256874322574563 0.44947545611334067 0.25748052021785334 0.44947545611334067 0.25748052021785334 0.4598428283301155 0.25256874322574563 0.4598428283301155
0 0.16829299062431974 0.5255028523696891 0.17398031135202335 0.5255028523696891 0.17398031135202335 0.5327600129214315 0.16829299062431974 0.5327600129214315
0 0.1858719819644945 0.5237749570002267 0.19414444847751788 0.5237749570002267 0.19414444847751788 0.5327600129214315 0.1858719819644945 0.5327600129214315
0 0.21043086692503268 0.5192824290396242 0.21715224596686422 0.5192824290396242 0.21715224596686422 0.5275763268130441 0.21043086692503268 0.5275763268130441
0 0.2357652956211669 0.5230837988524416 0.24119410177033848 0.5230837988524416 0.24119410177033848 0.5327600129214316 0.2357652956211669 0.5327600129214316
0 0.2551538890110655 0.5192824290396242 0.2603241805817051 0.5192824290396242 0.2603241805817051 0.5293042221825066 0.2551538890110655 0.5293042221825066
0 0.14425113482084553 0.6236473093551571 0.15148954301974096 0.6236473093551571 0.15148954301974096 0.6322867862024695 0.14425113482084553 0.6322867862024695
0 0.16829299062431974 0.6277942582418671 0.17423882593055534 0.6277942582418671 0.17423882593055534 0.6378160513847494 0.16829299062431974 0.6378160513847494
0 0.1861304965430265 0.6229561512073721 0.19259336100632599 0.6229561512073721 0.19259336100632599 0.632632365276362 0.1861304965430265 0.632632365276362
0 0.22645877079401555 0.6257207837985121 0.23369717899291104 0.6257207837985121 0.23369717899291104 0.6340146815719321 0.22645877079401555 0.6340146815719321
0 0.25437834527546954 0.6277942582418671 0.26084120973876906 0.6277942582418671 0.26084120973876906 0.6360881560152869 0.25437834527546954 0.6360881560152869
0 0.1486458826558892 0.6668617727676365 0.15562577627625268 0.6668617727676365 0.15562577627625268 0.6765379868366264 0.1486458826558892 0.6765379868366264
0 0.178892088344131 0.6699719844326691 0.18432089449330258 0.6699719844326691 0.18432089449330258 0.6786114612799814 0.178892088344131 0.6786114612799814
0 0.20965532318943678 0.6692808262848842 0.21585967307420437 0.6692808262848842 0.21585967307420437 0.6796481985016589 0.20965532318943678 0.6796481985016589
0 0.23085351862905923 0.6748100914671639 0.2393844997206146 0.6748100914671639 0.2393844997206146 0.6820672520189063 0.23085351862905923 0.6820672520189063
0 0.2598071514246411 0.6723910379499165 0.2665285304664727 0.6723910379499165 0.2665285304664727 0.6806849357233363 0.2598071514246411 0.6806849357233363
0 0.1582109220615725 0.7771014973393419 0.16467378652487208 0.7771014973393419 0.16467378652487208 0.7857409741866542 0.1582109220615725 0.7857409741866542
0 0.178633573765599 0.7739912856743096 0.18483792365036658 0.7739912856743096 0.18483792365036658 0.784013078817192 0.178633573765599 0.784013078817192
0 0.2109478960820967 0.7694987577137072 0.2171522459668642 0.7694987577137072 0.2171522459668642 0.7795205508565896 0.2109478960820967 0.7795205508565896
0 0.23809192682795474 0.7739912856743096 0.24326221839859433 0.7739912856743096 0.24326221839859433 0.7860865532605469 0.23809192682795474 0.7860865532605469
0 0.2740254532439001 0.7708810740092771 0.28307346349251944 0.7708810740092771 0.28307346349251944 0.7805572880782667 0.2740254532439001 0.7805572880782667
0 0.1556257762762527 0.828247200275431 0.16234715531808425 0.828247200275431 0.16234715531808425 0.8389601515660982 0.1556257762762527 0.8389601515660982
0 0.1783750591870671 0.8320485700882486 0.18535495280743058 0.8320485700882486 0.18535495280743058 0.8396513097138832 0.1783750591870671 0.8396513097138832
0 0.20732869198264894 0.8220267769453661 0.21379155644594852 0.8220267769453661 0.21379155644594852 0.8334308863838183 0.20732869198264894 0.8334308863838183
0 0.23318014983584706 0.8185709862064411 0.2419696455059344 0.8185709862064411 0.2419696455059344 0.826864883979861 0.23318014983584706 0.826864883979861
0 0.2691136762517925 0.823409093240936 0.2776446573433479 0.823409093240936 0.2776446573433479 0.8330853073099258 0.2691136762517925 0.8330853073099258
0 0.12899877468745866 0.9177521804135865 0.13649569746488607 0.9177521804135865 0.13649569746488607 0.924318182817544 0.12899877468745866 0.924318182817544
0 0.16286418447514817 0.9087671244923818 0.16777596146725582 0.9087671244923818 0.16777596146725582 0.9201712339308341 0.16286418447514817 0.9201712339308341
0 0.18096020497238688 0.9132596524529842 0.18664752570009047 0.9132596524529842 0.18664752570009047 0.9236270246697591 0.18096020497238688 0.9236270246697591
0 0.20345097330466924 0.918097759487479 0.2091382940323728 0.918097759487479 0.2091382940323728 0.9284651317042537 0.20345097330466924 0.9284651317042537
0 0.2386089559850187 0.9218991293002965 0.24403776213419026 0.9218991293002965 0.24403776213419026 0.9326120805909637 0.2386089559850187 0.9326120805909637
0 0.14683628060616533 0.9657876716846432 0.1545917179621248 0.9657876716846432 0.1545917179621248 0.9754638857536329 0.14683628060616533 0.9754638857536329
0 0.16777596146725582 0.9664788298324284 0.17527288424468326 0.9664788298324284 0.17527288424468326 0.9747727276058481 0.16777596146725582 0.9747727276058481
0 0.19853919631256153 0.9675155670541057 0.20370948788320123 0.9675155670541057 0.20370948788320123 0.9765006229753105 0.19853919631256153 0.9765006229753105
0 0.2156011584956724 0.9685523042757831 0.22258105211603596 0.9685523042757831 0.22258105211603596 0.977537360196988 0.2156011584956724 0.977537360196988
0 0.23938449972061462 0.9723536740886005 0.2458473641839142 0.9723536740886005 0.2458473641839142 0.9823754672314826 0.23938449972061462 0.9823754672314826
0 0.26187526805289696 0.9761550439014179 0.2683381325161965 0.9761550439014179 0.2683381325161965 0.9834122044531602 0.26187526805289696 0.9834122044531602
0 0.28255643433545546 0.9806475718620203 0.289536327955819 0.9806475718620203 0.289536327955819 0.9903237859310102 0.28255643433545546 0.9903237859310102
