0 0.5172659301757813 0.633577651977539 0.5245164573192597 0.633577651977539 0.5245164573192597 0.6440362083911895 0.5172659301757813 0.6440362083911895
0 0.4702999496459961 0.15551985740661622 0.47790003895759586 0.15551985740661622 0.47790003895759586 0.16513138294219973 0.4702999496459961 0.16513138294219973
0 0.21011613845825194 0.6761590576171875 0.21754178702831264 0.6761590576171875 0.21754178702831264 0.6865254676342011 0.21011613845825194 0.6865254676342011
0 0.14832864761352538 0.7822330474853516 0.1545933562517166 0.7822330474853516 0.1545933562517166 0.791661872267723 0.14832864761352538 0.791661872267723
0 0.50716552734375 0.2093674659729004 0.514177650809288 0.2093674659729004 0.514177650809288 0.21779731452465056 0.50716552734375 0.21779731452465056
0 0.21968626022338866 0.7822736358642578 0.22676543653011322 0.7822736358642578 0.22676543653011322 0.7922608691453933 0.21968626022338866 0.7922608691453933
0 0.1811614990234375 0.529801025390625 0.18794159114360812 0.529801025390625 0.18794159114360812 0.5385939615964889 0.1811614990234375 0.5385939615964889
0 0.2024185562133789 0.228104248046875 0.21042572379112243 0.228104248046875 0.21042572379112243 0.2376492726802826 0.2024185562133789 0.2376492726802826
0 0.45323040008544924 0.06268402099609376 0.460815556049347 0.06268402099609376 0.460815556049347 0.0710456246137619 0.45323040008544924 0.0710456246137619
0 0.47560901641845704 0.7834693145751953 0.48325195431709295 0.7834693145751953 0.48325195431709295 0.7927748829126358 0.47560901641845704 0.7927748829126358
0 0.19679670333862304 0.47657070159912107 0.2043170243501663 0.47657070159912107 0.2043170243501663 0.48608099877834315 0.19679670333862304 0.48608099877834315
0 0.5255302047729492 0.20810768127441406 0.5328753006458282 0.20810768127441406 0.5328753006458282 0.21745914459228516 0.5255302047729492 0.21745914459228516
0 0.4463740539550781 0.21828372955322264 0.45420222699642177 0.21828372955322264 0.45420222699642177 0.2279281538724899 0.4463740539550781 0.2279281538724899
0 0.4524356460571289 0.7901078033447265 0.46003118157386774 0.7901078033447265 0.46003118157386774 0.8010161769390106 0.4524356460571289 0.8010161769390106
0 0.5166637802124023 0.4713187026977539 0.5253105455636977 0.4713187026977539 0.5253105455636977 0.48053615748882295 0.5166637802124023 0.48053615748882295
0 0.20223560333251953 0.5299101257324219 0.2088860547542572 0.5299101257324219 0.2088860547542572 0.5385851031541825 0.20223560333251953 0.5385851031541825
0 0.22899169921875 0.5305368423461914 0.2374550783634186 0.5305368423461914 0.2374550783634186 0.5409420323371887 0.22899169921875 0.5409420323371887
0 0.49866355895996095 0.8341407775878906 0.5053633499145508 0.8341407775878906 0.5053633499145508 0.8433321821689606 0.49866355895996095 0.8433321821689606
0 0.19417739868164063 0.1631547737121582 0.20119855582714083 0.1631547737121582 0.20119855582714083 0.17271334707736966 0.19417739868164063 0.17271334707736966
0 0.1390724754333496 0.16393623352050782 0.14623391926288604 0.16393623352050782 0.14623391926288604 0.17320917963981627 0.1390724754333496 0.17320917963981627
0 0.47473602294921874 0.32410579681396484 0.48189538180828095 0.32410579681396484 0.48189538180828095 0.3343202912807464 0.47473602294921874 0.3343202912807464
0 0.44706233978271487 0.3241747283935547 0.4552666592597962 0.3241747283935547 0.4552666592597962 0.3333788812160492 0.44706233978271487 0.3333788812160492
0 0.45442882537841794 0.3755756759643554 0.4622761899232864 0.3755756759643554 0.4622761899232864 0.3841723036766052 0.45442882537841794 0.3841723036766052
0 0.13389245986938478 0.8265705871582031 0.14023764669895175 0.8265705871582031 0.14023764669895175 0.8345725965499878 0.13389245986938478 0.8345725965499878
0 0.15883196830749513 0.5341019058227539 0.16532326698303224 0.5341019058227539 0.16532326698303224 0.5433255273103713 0.15883196830749513 0.5433255273103713
0 0.46873802185058594 0.007282876968383789 0.4760969871282577 0.007282876968383789 0.4760969871282577 0.017983819246292113 0.46873802185058594 0.017983819246292113
0 0.20562458038330078 0.6269794845581055 0.2138194078207016 0.6269794845581055 0.2138194078207016 0.6367390221357345 0.20562458038330078 0.6367390221357345
0 0.5204367446899414 0.5264455795288085 0.5277560544013977 0.5264455795288085 0.5277560544013977 0.5359106934070587 0.5204367446899414 0.5359106934070587
0 0.4842537307739258 0.21038801193237303 0.4912600284814835 0.21038801193237303 0.4912600284814835 0.2185419374704361 0.4842537307739258 0.2185419374704361
0 0.1933725357055664 0.08082790374755859 0.2001552450656891 0.08082790374755859 0.2001552450656891 0.08945826053619384 0.1933725357055664 0.08945826053619384
0 0.4997876739501953 0.7858702850341798 0.5073380541801453 0.7858702850341798 0.5073380541801453 0.7940774577856063 0.4997876739501953 0.7940774577856063
0 0.17011924743652343 0.16516735076904296 0.1765393090248108 0.16516735076904296 0.1765393090248108 0.17454202830791474 0.17011924743652343 0.17454202830791474
0 0.5263410949707031 0.314559326171875 0.5335127258300781 0.314559326171875 0.5335127258300781 0.32391640305519104 0.5263410949707031 0.32391640305519104
0 0.1346098804473877 0.6772255706787109 0.14184069812297823 0.6772255706787109 0.14184069812297823 0.6864738988876342 0.1346098804473877 0.6864738988876342
0 0.539256820678711 0.6848249816894532 0.5464680176973343 0.6848249816894532 0.5464680176973343 0.6949145197868347 0.539256820678711 0.6949145197868347
0 0.22350582122802734 0.47767890930175777 0.23194560229778288 0.47767890930175777 0.23194560229778288 0.4871999585628509 0.22350582122802734 0.4871999585628509
0 0.16957042694091798 0.7807166290283204 0.17643416166305542 0.7807166290283204 0.17643416166305542 0.7909719586372377 0.16957042694091798 0.7909719586372377
0 0.5313032913208008 0.1590208339691162 0.5385364305973053 0.1590208339691162 0.5385364305973053 0.16873366594314576 0.5313032913208008 0.16873366594314576
0 0.5478793334960937 0.36183841705322267 0.5558670729398727 0.36183841705322267 0.5558670729398727 0.3706612384319305 0.5478793334960937 0.3706612384319305
0 0.5409582138061524 0.4719320678710937 0.5495300453901292 0.4719320678710937 0.5495300453901292 0.4808974367380142 0.5409582138061524 0.4808974367380142
0 0.17340726852416993 0.622788200378418 0.18073911666870118 0.622788200378418 0.18073911666870118 0.6315238571166992 0.17340726852416993 0.6315238571166992
0 0.49508445739746093 0.6893529510498047 0.5031114971637726 0.6893529510498047 0.5031114971637726 0.6992344003915787 0.49508445739746093 0.6992344003915787
0 0.5020656585693359 0.315886173248291 0.5093522036075592 0.315886173248291 0.5093522036075592 0.32560355126857754 0.5020656585693359 0.32560355126857754
0 0.45094482421875 0.8417034912109375 0.45796253621578215 0.8417034912109375 0.45796253621578215 0.852203277349472 0.45094482421875 0.852203277349472
0 0.4529426956176758 0.6325603103637696 0.45947514295578007 0.6325603103637696 0.45947514295578007 0.6424060636758805 0.4529426956176758 0.6424060636758805
0 0.2205671501159668 0.16991525650024414 0.2274911803007126 0.16991525650024414 0.2274911803007126 0.17959964632987974 0.2205671501159668 0.17959964632987974
0 0.13448284149169923 0.529043083190918 0.14185202360153198 0.529043083190918 0.14185202360153198 0.5377478271722794 0.13448284149169923 0.5377478271722794
0 0.5007756423950195 0.524503517150879 0.5078385102748869 0.524503517150879 0.5078385102748869 0.5346047174930573 0.5007756423950195 0.5346047174930573
0 0.1749313735961914 0.8346157836914062 0.18217471480369565 0.8346157836914062 0.18217471480369565 0.8432886266708374 0.1749313735961914 0.8432886266708374
0 0.19414106369018555 0.8374960327148437 0.20089322566986084 0.8374960327148437 0.20089322566986084 0.8453280609846116 0.19414106369018555 0.8453280609846116
0 0.23737930297851562 0.6271768569946289 0.2447363609075546 0.6271768569946289 0.2447363609075546 0.6367638039588928 0.23737930297851562 0.6367638039588928
0 0.4475664901733398 0.5286296844482422 0.4541748470067978 0.5286296844482422 0.4541748470067978 0.5383197665214539 0.4475664901733398 0.5383197665214539
0 0.5099041366577148 0.1594766139984131 0.5169473689794539 0.1594766139984131 0.5169473689794539 0.1688872641324997 0.5099041366577148 0.1688872641324997
0 0.5524494171142578 0.8363765716552736 0.559710294008255 0.8363765716552736 0.559710294008255 0.845343600511551 0.5524494171142578 0.845343600511551
0 0.23233848571777344 0.22154909133911133 0.23930469930171966 0.22154909133911133 0.23930469930171966 0.23112196564674378 0.23233848571777344 0.23112196564674378
0 0.19371082305908202 0.02903968334197998 0.19996544778347014 0.02903968334197998 0.19996544778347014 0.03710116147994995 0.19371082305908202 0.03710116147994995
0 0.466683464050293 0.21751571655273438 0.4731653738021851 0.21751571655273438 0.4731653738021851 0.227646781206131 0.466683464050293 0.227646781206131
0 0.13062885284423828 0.622618293762207 0.13763717651367188 0.622618293762207 0.13763717651367188 0.6314411550760269 0.13062885284423828 0.6314411550760269
0 0.13124358177185058 0.4755201721191406 0.13874919056892396 0.4755201721191406 0.13874919056892396 0.4850591289997101 0.13124358177185058 0.4850591289997101
0 0.5173270416259765 0.005373721122741699 0.5245525515079498 0.005373721122741699 0.5245525515079498 0.015700480937957766 0.5173270416259765 0.015700480937957766
0 0.23193750381469727 0.6741520690917969 0.23950633645057678 0.6741520690917969 0.23950633645057678 0.6837246268987656 0.23193750381469727 0.6837246268987656
0 0.5288335418701172 0.8323938751220703 0.5357653492689133 0.8323938751220703 0.5357653492689133 0.8423186498880386 0.5288335418701172 0.8423186498880386
0 0.47556476593017577 0.47537006378173824 0.48308137536048884 0.47537006378173824 0.48308137536048884 0.4852745199203491 0.47556476593017577 0.4852745199203491
0 0.4940633773803711 0.012498124837875366 0.5013005971908568 0.012498124837875366 0.5013005971908568 0.020948410630226136 0.4940633773803711 0.020948410630226136
0 0.16100984573364258 0.3238199234008789 0.1684663814306259 0.3238199234008789 0.1684663814306259 0.3335452669858932 0.16100984573364258 0.3335452669858932
0 0.5374375534057617 0.6310858154296874 0.5447100222110748 0.6310858154296874 0.5447100222110748 0.6403981834650039 0.5374375534057617 0.6403981834650039
0 0.1485004997253418 0.21678974151611327 0.15719592452049252 0.21678974151611327 0.15719592452049252 0.22676879167556763 0.1485004997253418 0.22676879167556763
0 0.21716859817504883 0.023806543350219728 0.22399505794048308 0.023806543350219728 0.22399505794048308 0.03166142463684082 0.21716859817504883 0.03166142463684082
0 0.15446308135986328 0.8306486511230469 0.1610228079557419 0.8306486511230469 0.1610228079557419 0.8404602897167205 0.15446308135986328 0.8404602897167205
0 0.47123958587646486 0.5272386169433594 0.47804796278476724 0.5272386169433594 0.47804796278476724 0.5359535598754883 0.47123958587646486 0.5359535598754883
0 0.16181232452392577 0.3749638748168945 0.16841154396533964 0.3749638748168945 0.16841154396533964 0.38498763442039485 0.16181232452392577 0.38498763442039485
0 0.1978420066833496 0.7785074615478516 0.20554484128952027 0.7785074615478516 0.20554484128952027 0.7881431102752685 0.1978420066833496 0.7881431102752685
0 0.539804801940918 0.009069395661354064 0.5477878099679946 0.009069395661354064 0.5477878099679946 0.018169894814491272 0.539804801940918 0.018169894814491272
0 0.22989662170410155 0.37401565551757815 0.2374735713005066 0.37401565551757815 0.2374735713005066 0.3844815635681153 0.22989662170410155 0.3844815635681153
0 0.49753959655761726 0.05460629940032959 0.5047590148448945 0.05460629940032959 0.5047590148448945 0.06330615639686585 0.49753959655761726 0.06330615639686585
0 0.2169976806640625 0.07822139263153076 0.2243922936916351 0.07822139263153076 0.2243922936916351 0.08800266683101654 0.2169976806640625 0.08800266683101654
0 0.47341796875 0.06124626159667969 0.48105236053466793 0.06124626159667969 0.48105236053466793 0.07090463995933532 0.47341796875 0.07090463995933532
0 0.18298839569091796 0.3213779067993164 0.19101153194904325 0.3213779067993164 0.19101153194904325 0.33142668962478633 0.18298839569091796 0.33142668962478633
0 0.20722007751464844 0.8402540588378906 0.21306175410747527 0.8402540588378906 0.21306175410747527 0.848901918530464 0.20722007751464844 0.848901918530464
0 0.14421380043029786 0.02505910873413086 0.14995064675807954 0.02505910873413086 0.14995064675807954 0.0321541839838028 0.14421380043029786 0.0321541839838028
0 0.4483467483520508 0.6847481536865234 0.45506741702556613 0.6847481536865234 0.45506741702556613 0.694692535996437 0.4483467483520508 0.694692535996437
0 0.46874744415283204 0.631855583190918 0.47657378375530246 0.631855583190918 0.47657378375530246 0.641443162560463 0.46874744415283204 0.641443162560463
0 0.18180923461914061 0.6715272521972656 0.18972384452819824 0.6715272521972656 0.18972384452819824 0.6812916123867034 0.18180923461914061 0.6812916123867034
0 0.5538691711425782 0.3178974723815918 0.5615977478027344 0.3178974723815918 0.5615977478027344 0.32861718654632566 0.5538691711425782 0.32861718654632566
0 0.13826678276062013 0.32317127227783204 0.14493167996406556 0.32317127227783204 0.14493167996406556 0.3329437756538391 0.13826678276062013 0.3329437756538391
0 0.14074688911437988 0.21917640686035156 0.1481636071205139 0.21917640686035156 0.1481636071205139 0.22800482213497159 0.14074688911437988 0.22800482213497159
0 0.47286525726318357 0.686504135131836 0.48092015326023096 0.686504135131836 0.48092015326023096 0.6973064875602722 0.47286525726318357 0.6973064875602722
0 0.50319580078125 0.366512565612793 0.5109551316499712 0.366512565612793 0.5109551316499712 0.3758647012710572 0.50319580078125 0.3758647012710572
0 0.21821666717529298 0.32701568603515624 0.22650210082530978 0.32701568603515624 0.22650210082530978 0.33830900788307194 0.21821666717529298 0.33830900788307194
0 0.5262974548339844 0.3608216094970703 0.5337824821472168 0.3608216094970703 0.5337824821472168 0.3705224043130875 0.5262974548339844 0.3705224043130875
0 0.13851696968078614 0.37119087219238284 0.1451975393295288 0.37119087219238284 0.1451975393295288 0.3808719807863236 0.13851696968078614 0.3808719807863236
0 0.16937000274658204 0.07777974128723145 0.17674601554870606 0.07777974128723145 0.17674601554870606 0.08816074252128601 0.16937000274658204 0.08816074252128601
0 0.24645040512084962 0.16709156036376954 0.25438874602317807 0.16709156036376954 0.25438874602317807 0.1780038869380951 0.24645040512084962 0.1780038869380951
0 0.5178006744384765 0.0555939245223999 0.5243810570240021 0.0555939245223999 0.5243810570240021 0.06457369744777679 0.5178006744384765 0.06457369744777679
0 0.13188583374023438 0.7759064483642578 0.13901801645755768 0.7759064483642578 0.13901801645755768 0.7846003210544586 0.13188583374023438 0.7846003210544586
0 0.49028621673583983 0.16120630264282226 0.4971260577440262 0.16120630264282226 0.4971260577440262 0.17191609501838684 0.49028621673583983 0.17191609501838684
0 0.5471852874755859 0.5272179031372071 0.5555892723798752 0.5272179031372071 0.5555892723798752 0.5366126918792725 0.5471852874755859 0.5366126918792725
0 0.26119720458984375 0.22703380584716798 0.26910054743289946 0.22703380584716798 0.26910054743289946 0.23774996280670166 0.26119720458984375 0.23774996280670166
0 0.2520498466491699 0.32698863983154297 0.2594205218553543 0.32698863983154297 0.2594205218553543 0.33790924787521365 0.2520498466491699 0.33790924787521365
0 0.47572242736816406 0.8401900482177734 0.4830333387851715 0.8401900482177734 0.4830333387851715 0.8505055427551269 0.47572242736816406 0.8505055427551269
0 0.5221965026855468 0.6820833587646484 0.5288002461194992 0.6820833587646484 0.5288002461194992 0.6920658481121064 0.5221965026855468 0.6920658481121064
0 0.24538558959960938 0.07566840171813966 0.25258518040180206 0.07566840171813966 0.25258518040180206 0.0841644984483719 0.24538558959960938 0.0841644984483719
0 0.5261380004882813 0.7864897918701171 0.5335848808288576 0.7864897918701171 0.5335848808288576 0.7971556067466735 0.5261380004882813 0.7971556067466735
0 0.2083847427368164 0.37087158203125 0.2154814106225967 0.37087158203125 0.2154814106225967 0.3808627289533615 0.2083847427368164 0.3808627289533615
0 0.5423983383178711 0.053830742835998535 0.5499659878015517 0.053830742835998535 0.5499659878015517 0.06273715198040009 0.5423983383178711 0.06273715198040009
0 0.4480348205566406 0.15982623100280763 0.45618020474910737 0.15982623100280763 0.45618020474910737 0.1711166477203369 0.4480348205566406 0.1711166477203369
0 0.49506847381591795 0.629902229309082 0.503324099779129 0.629902229309082 0.503324099779129 0.6402303338050842 0.49506847381591795 0.6402303338050842
0 0.24498998641967773 0.8384500122070313 0.25366175413131714 0.8384500122070313 0.25366175413131714 0.8498650884628296 0.24498998641967773 0.8498650884628296
0 0.47985374450683593 0.37049869537353514 0.48785745263099667 0.37049869537353514 0.48785745263099667 0.38130840063095095 0.47985374450683593 0.38130840063095095
0 0.4485421371459961 0.4744724655151368 0.45624818027019504 0.4744724655151368 0.45624818027019504 0.48529418826103216 0.4485421371459961 0.48529418826103216
0 0.4925066375732422 0.47349517822265624 0.4999339419603348 0.47349517822265624 0.4999339419603348 0.4833073306083679 0.4925066375732422 0.4833073306083679
0 0.1644130516052246 0.024498865604400635 0.17195753216743465 0.024498865604400635 0.17195753216743465 0.03477046132087708 0.1644130516052246 0.03477046132087708
0 0.15163835525512695 0.6608750915527344 0.15926757216453552 0.6608750915527344 0.15926757216453552 0.6698212486505509 0.15163835525512695 0.6698212486505509
0 0.2479117323507814 0.023780229138041963 0.2547245738504975 0.023780229138041963 0.2547245738504975 0.03238158861350395 0.2479117323507814 0.03238158861350395
0 0.1449621274661821 0.07640031063498588 0.15101798657704088 0.07640031063498588 0.15101798657704088 0.08702551939879187 0.1449621274661821 0.08702551939879187
0 0.18281124690904949 0.3683405704786074 0.19303050915862366 0.3683405704786074 0.19303050915862366 0.37997770388658547 0.18281124690904949 0.37997770388658547
0 0.15366742493804159 0.4740866957945813 0.1608587576321864 0.4740866957945813 0.1608587576321864 0.4831940175921293 0.15366742493804159 0.4831940175921293
0 0.17524142302047602 0.4730747711504093 0.18243275571462086 0.4730747711504093 0.18243275571462086 0.4852178668804733 0.17524142302047602 0.4852178668804733
0 0.15480289852132761 0.6203098068774351 0.16048026643775773 0.6203098068774351 0.16048026643775773 0.6304290533191551 0.15480289852132761 0.6304290533191551
0 0.5435133551995757 0.7864839000797084 0.5507046878937205 0.7864839000797084 0.5507046878937205 0.7971091088435144 0.5435133551995757 0.7971091088435144
0 0.4496475389812645 0.0055655855429459925 0.45683887167540943 0.0055655855429459925 0.45683887167540943 0.012143095730063983 0.4496475389812645 0.012143095730063983
