0 0.4863948059082031 0.33194114685058596 0.4927523392438889 0.33194114685058596 0.4927523392438889 0.3417149150371552 0.4863948059082031 0.3417149150371552
0 0.15866702079772949 0.3232683563232422 0.16506499290466306 0.3232683563232422 0.16506499290466306 0.33200205624103546 0.15866702079772949 0.33200205624103546
0 0.8365792083740234 0.6977057647705078 0.8444184410572052 0.6977057647705078 0.8444184410572052 0.7069523537158967 0.8365792083740234 0.7069523537158967
0 0.5163564682006836 0.481263542175293 0.5241849368810654 0.481263542175293 0.5241849368810654 0.49062627196311953 0.5163564682006836 0.49062627196311953
0 0.4906490325927734 0.6996398925781249 0.4982524341344833 0.6996398925781249 0.4982524341344833 0.7081653654575347 0.4906490325927734 0.7081653654575347
0 0.21160505294799806 0.6971014404296875 0.217803995013237 0.6971014404296875 0.217803995013237 0.7054329764842987 0.21160505294799806 0.7054329764842987
0 0.49228141784667967 0.4806967544555664 0.49997888565063475 0.4806967544555664 0.49997888565063475 0.48914261281490323 0.49228141784667967 0.48914261281490323
0 0.875360107421875 0.5427086639404297 0.8815603214502333 0.5427086639404297 0.8815603214502333 0.5502647686004639 0.875360107421875 0.5502647686004639
0 0.5077429962158203 0.6447946166992188 0.5148642969131471 0.6447946166992188 0.5148642969131471 0.6534179276227952 0.5077429962158203 0.6534179276227952
0 0.4914449310302734 0.37477008819580077 0.49751139402389527 0.37477008819580077 0.49751139402389527 0.38329619348049165 0.4914449310302734 0.38329619348049165
0 0.8386275482177734 0.5408161544799804 0.8448565644025803 0.5408161544799804 0.8448565644025803 0.5490997004508972 0.8386275482177734 0.5490997004508972
0 0.4680867385864258 0.5332152557373047 0.4741785734891892 0.5332152557373047 0.4741785734891892 0.5423032480478286 0.4680867385864258 0.5423032480478286
0 0.8760736083984375 0.48934844970703123 0.8823355668783188 0.48934844970703123 0.8823355668783188 0.49725115835666656 0.8760736083984375 0.49725115835666656
0 0.5327266693115235 0.689710693359375 0.5403159654140473 0.689710693359375 0.5403159654140473 0.6998745489120483 0.5327266693115235 0.6998745489120483
0 0.195299072265625 0.3243553161621094 0.20117039382457735 0.3243553161621094 0.20117039382457735 0.3322328639030457 0.195299072265625 0.3322328639030457
0 0.2040681266784668 0.6454779815673828 0.20999845802783967 0.6454779815673828 0.20999845802783967 0.6541973912715912 0.2040681266784668 0.6541973912715912
0 0.44731361389160157 0.3314120483398437 0.4545106166601181 0.3314120483398437 0.4545106166601181 0.34041947782039633 0.44731361389160157 0.34041947782039633
0 0.139330415725708 0.3248570251464844 0.14672622680664063 0.3248570251464844 0.14672622680664063 0.3334663224220276 0.139330415725708 0.3334663224220276
0 0.8610153198242188 0.6895346069335937 0.8677321439981461 0.6895346069335937 0.8677321439981461 0.6985499423742293 0.8610153198242188 0.6985499423742293
0 0.8196261596679687 0.6331514739990234 0.8260322487354277 0.6331514739990234 0.8260322487354277 0.6424098432064056 0.8196261596679687 0.6424098432064056
0 0.7951318359375 0.6896708679199218 0.801797502040863 0.6896708679199218 0.801797502040863 0.6977726525068283 0.7951318359375 0.6977726525068283
0 0.21946863174438477 0.539052848815918 0.2270826494693756 0.539052848815918 0.2270826494693756 0.5481549537181855 0.21946863174438477 0.5481549537181855
0 0.1412502384185791 0.37736949920654295 0.1477788561582565 0.37736949920654295 0.1477788561582565 0.38499434769153595 0.1412502384185791 0.38499434769153595
0 0.7988179016113282 0.6332799530029297 0.8063252258300782 0.6332799530029297 0.8063252258300782 0.6421342015266419 0.7988179016113282 0.6421342015266419
0 0.4529337692260742 0.481956787109375 0.4599694901704788 0.481956787109375 0.4599694901704788 0.4914291352033615 0.4529337692260742 0.4914291352033615
0 0.7991586303710938 0.4926978302001953 0.8054861783981324 0.4926978302001953 0.8054861783981324 0.5011568522453308 0.7991586303710938 0.5011568522453308
0 0.8620046997070312 0.4880045318603516 0.8683611679077147 0.4880045318603516 0.8683611679077147 0.496500198841095 0.8620046997070312 0.496500198841095
0 0.20914827346801756 0.4806078338623047 0.2161588883399963 0.4806078338623047 0.2161588883399963 0.48930668771266944 0.20914827346801756 0.48930668771266944
0 0.7958515930175781 0.38300537109375 0.8022862482070923 0.38300537109375 0.8022862482070923 0.39143557548522945 0.7958515930175781 0.39143557548522945
0 0.5533624649047851 0.6990751647949218 0.5597495102882384 0.6990751647949218 0.5597495102882384 0.7077330648899078 0.5533624649047851 0.7077330648899078
0 0.861910400390625 0.3853801345825196 0.8675530767440797 0.3853801345825196 0.8675530767440797 0.3923151355981827 0.861910400390625 0.3923151355981827
0 0.13989627838134766 0.4721416473388672 0.14684582889080047 0.4721416473388672 0.14684582889080047 0.48105803787708284 0.13989627838134766 0.48105803787708284
0 0.19415563583374024 0.6970830535888672 0.1999798655509949 0.6970830535888672 0.1999798655509949 0.7053779053688051 0.19415563583374024 0.7053779053688051
0 0.522793083190918 0.3262882995605469 0.5301759123802186 0.3262882995605469 0.5301759123802186 0.3341583162546158 0.522793083190918 0.3341583162546158
0 0.47655277252197265 0.48768692016601556 0.48388961791992186 0.48768692016601556 0.48388961791992186 0.4963700014352798 0.47655277252197265 0.4963700014352798
0 0.8548650360107422 0.5432500457763672 0.8616868972778319 0.5432500457763672 0.8616868972778319 0.551761485338211 0.8548650360107422 0.551761485338211
0 0.22842309951782228 0.6493186187744141 0.23517027854919434 0.6493186187744141 0.23517027854919434 0.6577828985452653 0.22842309951782228 0.6577828985452653
0 0.17480060577392578 0.48218994140624993 0.18133274257183077 0.48218994140624993 0.18133274257183077 0.4899865108728409 0.17480060577392578 0.4899865108728409
0 0.5454496765136718 0.47266319274902346 0.5530707317590712 0.47266319274902346 0.5530707317590712 0.48197461187839513 0.5454496765136718 0.48197461187839513
0 0.1594757080078125 0.6356228637695313 0.16657468199729916 0.6356228637695313 0.16657468199729916 0.6446437728404999 0.1594757080078125 0.6446437728404999
0 0.5349936676025391 0.526744270324707 0.5420479595661163 0.526744270324707 0.5420479595661163 0.5355547976493836 0.5349936676025391 0.5355547976493836
0 0.7974351501464844 0.3287828826904297 0.8051298969984054 0.3287828826904297 0.8051298969984054 0.3390595591068268 0.7974351501464844 0.3390595591068268
0 0.5111143875122071 0.6982933807373047 0.5185251319408417 0.6982933807373047 0.5185251319408417 0.7076578497886659 0.5111143875122071 0.7076578497886659
0 0.46642074584960935 0.3738045501708984 0.47331857621669765 0.3738045501708984 0.47331857621669765 0.38310818195343016 0.46642074584960935 0.38310818195343016
0 0.19202322006225586 0.4833573913574219 0.1985517638921738 0.4833573913574219 0.1985517638921738 0.492475506067276 0.19202322006225586 0.492475506067276
0 0.1466238784790039 0.543796157836914 0.1533757746219635 0.543796157836914 0.1533757746219635 0.5520325833559037 0.1466238784790039 0.5520325833559037
0 0.22975475311279298 0.697017822265625 0.23724860787391663 0.697017822265625 0.23724860787391663 0.7062652808427811 0.22975475311279298 0.7062652808427811
0 0.7804905700683594 0.6336032485961914 0.7866991817951204 0.6336032485961914 0.7866991817951204 0.6416227304935456 0.7804905700683594 0.6416227304935456
0 0.8818804931640625 0.33689472198486325 0.8884757202863693 0.33689472198486325 0.8884757202863693 0.34482482552528376 0.8818804931640625 0.34482482552528376
0 0.17823556900024415 0.3808824539184571 0.1847773015499115 0.3808824539184571 0.1847773015499115 0.38987573146820076 0.17823556900024415 0.38987573146820076
0 0.8816519927978516 0.3858346176147461 0.8874697315692901 0.3858346176147461 0.8874697315692901 0.39315772950649264 0.8816519927978516 0.39315772950649264
0 0.8186329650878906 0.381826286315918 0.8244427192211151 0.381826286315918 0.8244427192211151 0.38943370163440705 0.8186329650878906 0.38943370163440705
0 0.7744407653808594 0.6850674438476562 0.7813265007734299 0.6850674438476562 0.7813265007734299 0.6939798414707183 0.7744407653808594 0.6939798414707183
0 0.8617857360839843 0.629635238647461 0.8684451329708099 0.629635238647461 0.8684451329708099 0.6387431544065476 0.8617857360839843 0.6387431544065476
0 0.16058349609375 0.4833837127685547 0.16671535551548006 0.4833837127685547 0.16671535551548006 0.4919434189796448 0.16058349609375 0.4919434189796448
0 0.5482698059082032 0.6400469970703125 0.5562711483240128 0.6400469970703125 0.5562711483240128 0.6488771712779998 0.5482698059082032 0.6488771712779998
0 0.44720809936523437 0.38941783905029304 0.45349395155906674 0.38941783905029304 0.45349395155906674 0.39828382790088657 0.44720809936523437 0.39828382790088657
0 0.16594213485717774 0.5355498504638672 0.17265600204467774 0.5355498504638672 0.17265600204467774 0.5433448386192321 0.16594213485717774 0.5433448386192321
0 0.8643041229248047 0.33398281097412114 0.8715534669160844 0.33398281097412114 0.8715534669160844 0.34395771086215976 0.8643041229248047 0.34395771086215976
0 0.8109739685058593 0.6923017883300782 0.8175622171163559 0.6923017883300782 0.8175622171163559 0.7009372353553771 0.8109739685058593 0.7009372353553771
0 0.17189443588256836 0.6961844635009765 0.1776508730649948 0.6961844635009765 0.1776508730649948 0.7043113893270493 0.17189443588256836 0.7043113893270493
0 0.19371837615966797 0.37650131225585937 0.19982749581336975 0.37650131225585937 0.19982749581336975 0.3845232057571411 0.19371837615966797 0.3845232057571411
0 0.4484857940673828 0.5305280685424805 0.455657188296318 0.5305280685424805 0.455657188296318 0.5390815687179565 0.4484857940673828 0.5390815687179565
0 0.214154052734375 0.3186547470092773 0.22190874099731445 0.3186547470092773 0.22190874099731445 0.329023824930191 0.214154052734375 0.329023824930191
0 0.8020030212402344 0.549360122680664 0.8086944735050202 0.549360122680664 0.8086944735050202 0.5579873865842819 0.8020030212402344 0.5579873865842819
0 0.5032960891723632 0.5404005432128907 0.5108785247802735 0.5404005432128907 0.5108785247802735 0.5502496170997621 0.5032960891723632 0.5502496170997621
0 0.4659014892578125 0.6893558502197266 0.4730491083860397 0.6893558502197266 0.4730491083860397 0.699078307747841 0.4659014892578125 0.699078307747841
0 0.4696207046508789 0.6421611022949218 0.4782570612430573 0.6421611022949218 0.4782570612430573 0.652022549510002 0.4696207046508789 0.652022549510002
0 0.5280843353271485 0.6445343780517578 0.5355098652839662 0.6445343780517578 0.5355098652839662 0.655654674768448 0.5280843353271485 0.655654674768448
0 0.15503198623657227 0.6926092529296874 0.16260998606681823 0.6926092529296874 0.16260998606681823 0.7022743123769759 0.15503198623657227 0.7022743123769759
0 0.4918148803710938 0.6418450164794922 0.4986374515295029 0.6418450164794922 0.4986374515295029 0.6518779075145722 0.4918148803710938 0.6518779075145722
0 0.8393008422851562 0.3367647171020508 0.8471033471822739 0.3367647171020508 0.8471033471822739 0.346303990483284 0.8393008422851562 0.346303990483284
0 0.8208783721923828 0.49562808990478513 0.8279907423257827 0.49562808990478513 0.8279907423257827 0.5056571459770203 0.8208783721923828 0.5056571459770203
0 0.839417953491211 0.49260055541992187 0.8471465301513672 0.49260055541992187 0.8471465301513672 0.5015109372138977 0.839417953491211 0.5015109372138977
0 0.8394023132324219 0.6342233657836914 0.8470201748609543 0.6342233657836914 0.8470201748609543 0.6437928795814515 0.8394023132324219 0.6437928795814515
0 0.5085129928588867 0.3688902282714844 0.5151324093341827 0.3688902282714844 0.5151324093341827 0.37910839915275574 0.5085129928588867 0.37910839915275574
0 0.817363510131836 0.3345041275024414 0.8236064839363099 0.3345041275024414 0.8236064839363099 0.3441570508480072 0.817363510131836 0.3441570508480072
0 0.18278139114379882 0.6398323822021484 0.1908512943983078 0.6398323822021484 0.1908512943983078 0.6501061725616455 0.18278139114379882 0.6501061725616455
0 0.4678583908081055 0.32940311431884767 0.4746621549129486 0.32940311431884767 0.4746621549129486 0.3384172636270523 0.4678583908081055 0.3384172636270523
0 0.8179638671875 0.5424193954467773 0.8246465069055557 0.5424193954467773 0.8246465069055557 0.5503802931308746 0.8179638671875 0.5503802931308746
0 0.17522668838500977 0.32870513916015626 0.1827569305896759 0.32870513916015626 0.1827569305896759 0.33942186951637265 0.17522668838500977 0.33942186951637265
0 0.21570590972900391 0.3707904434204102 0.22332210063934327 0.3707904434204102 0.22332210063934327 0.3807407158613205 0.21570590972900391 0.3807407158613205
0 0.5023859786987305 0.33012847900390624 0.5093597185611725 0.33012847900390624 0.5093597185611725 0.33857127368450163 0.5023859786987305 0.33857127368450163
0 0.15321323550472718 0.3786702351637772 0.16112370146828645 0.3786702351637772 0.16112370146828645 0.3881317305867854 0.15321323550472718 0.3881317305867854
0 0.18402241873122127 0.5356197474748542 0.19276556532252362 0.5356197474748542 0.19276556532252362 0.5445246843435678 0.18402241873122127 0.5445246843435678
0 0.19817798940285364 0.5356197474748542 0.20858649724964218 0.5356197474748542 0.20858649724964218 0.54842059422363 0.19817798940285364 0.54842059422363
0 0.21441526164384375 0.6458183412251849 0.22232572760740302 0.6458183412251849 0.22232572760740302 0.6586191879739606 0.21441526164384375 0.6586191879739606
0 0.5279195179891144 0.3647562713064122 0.5341646226971875 0.3647562713064122 0.5341646226971875 0.3792267937180719 0.5279195179891144 0.3792267937180719
0 0.48795084785744636 0.5322803961490866 0.4929469316239049 0.5322803961490866 0.4929469316239049 0.5439681257892731 0.48795084785744636 0.5439681257892731
0 0.8397089791594565 0.38924484769537465 0.8472031048091443 0.38924484769537465 0.8472031048091443 0.39759322600979363 0.8397089791594565 0.39759322600979363
