0 0.4681334686279297 0.30194868087768556 0.4764828944206238 0.30194868087768556 0.4764828944206238 0.3110676062107086 0.4681334686279297 0.3110676062107086
0 0.49394596099853516 0.5318257522583008 0.5011981147527695 0.5318257522583008 0.5011981147527695 0.5423543560504913 0.49394596099853516 0.5423543560504913
0 0.5172843170166016 0.3432325744628906 0.5244318175315857 0.3432325744628906 0.5244318175315857 0.35289344370365144 0.5172843170166016 0.35289344370365144
0 0.5456511306762696 0.3008115577697754 0.5533125805854798 0.3008115577697754 0.5533125805854798 0.3108768248558045 0.5456511306762696 0.3108768248558045
0 0.5179487609863281 0.30336612701416016 0.5248558467626572 0.30336612701416016 0.5248558467626572 0.31300762593746184 0.5179487609863281 0.31300762593746184
0 0.4904165267944336 0.21868444442749024 0.49700740694999695 0.21868444442749024 0.49700740694999695 0.22871535897254944 0.4904165267944336 0.22871535897254944
0 0.5461459350585938 0.6268065261840821 0.5536822390556335 0.6268065261840821 0.5536822390556335 0.6369268190860748 0.5461459350585938 0.6369268190860748
0 0.48146209716796873 0.469961051940918 0.4897400492429733 0.469961051940918 0.4897400492429733 0.4800162780284882 0.48146209716796873 0.4800162780284882
0 0.4512416076660156 0.21618030548095704 0.45842367708683013 0.21618030548095704 0.45842367708683013 0.22516348242759707 0.4512416076660156 0.22516348242759707
0 0.4708238220214844 0.5287310409545899 0.47895793914794926 0.5287310409545899 0.47895793914794926 0.537816978096962 0.4708238220214844 0.537816978096962
0 0.4690107727050781 0.6320896911621093 0.4770614695549011 0.6320896911621093 0.4770614695549011 0.641883145570755 0.4690107727050781 0.641883145570755
0 0.45598323822021486 0.4697798919677734 0.46410188972949984 0.4697798919677734 0.46410188972949984 0.4790348219871521 0.45598323822021486 0.4790348219871521
0 0.49150543212890624 0.30574283599853513 0.49897058784961695 0.30574283599853513 0.49897058784961695 0.31446408390998837 0.49150543212890624 0.31446408390998837
0 0.5457560729980468 0.5248516464233398 0.5541527241468429 0.5248516464233398 0.5541527241468429 0.5343209898471832 0.5457560729980468 0.5343209898471832
0 0.5199784088134766 0.5259175491333008 0.5276678919792175 0.5259175491333008 0.5276678919792175 0.5356675201654434 0.5199784088134766 0.5356675201654434
0 0.47082603454589844 0.15960247993469237 0.47815693616867067 0.15960247993469237 0.47815693616867067 0.16844793260097501 0.47082603454589844 0.16844793260097501
0 0.447399787902832 0.30508840560913086 0.45542520105838774 0.30508840560913086 0.45542520105838774 0.3137762898206711 0.447399787902832 0.3137762898206711
0 0.5396696853637696 0.22438846588134764 0.5475503766536713 0.22438846588134764 0.5475503766536713 0.23474679231643678 0.5396696853637696 0.23474679231643678
0 0.5091168975830078 0.22225866317749027 0.5158462601900101 0.22225866317749027 0.5158462601900101 0.23182058751583104 0.5091168975830078 0.23182058751583104
0 0.4528059005737305 0.3497191619873047 0.4605436146259308 0.3497191619873047 0.4605436146259308 0.3598064863681793 0.4528059005737305 0.3598064863681793
0 0.5267388916015625 0.4681405258178711 0.5342245101928711 0.4681405258178711 0.5342245101928711 0.47770181715488436 0.5267388916015625 0.47770181715488436
0 0.49898925781250003 0.34762512207031254 0.5059191137552261 0.34762512207031254 0.5059191137552261 0.3562917190790177 0.49898925781250003 0.3562917190790177
0 0.5869080734252929 0.42899749755859373 0.5917145919799804 0.42899749755859373 0.5917145919799804 0.4348650550842285 0.5869080734252929 0.4348650550842285
0 0.5167447662353516 0.6304005813598633 0.524589912891388 0.6304005813598633 0.524589912891388 0.640352434515953 0.5167447662353516 0.640352434515953
0 0.47336151123046877 0.21601335525512697 0.47981586098670964 0.21601335525512697 0.47981586098670964 0.22374307811260224 0.47336151123046877 0.22374307811260224
0 0.45010009765625 0.5278035354614258 0.45760836839675895 0.5278035354614258 0.45760836839675895 0.5381434607505798 0.45010009765625 0.5381434607505798
0 0.4938369369506836 0.15996524810791016 0.5009663993120194 0.15996524810791016 0.5009663993120194 0.1706212890148163 0.4938369369506836 0.1706212890148163
0 0.5467570114135742 0.46279586791992183 0.5547741448879242 0.46279586791992183 0.5547741448879242 0.47224003076553345 0.5467570114135742 0.47224003076553345
0 0.4941364669799805 0.6311456680297851 0.5014724844694137 0.6311456680297851 0.5014724844694137 0.6418202972412109 0.4941364669799805 0.6418202972412109
0 0.5041558837890625 0.4678120803833008 0.5121817702054977 0.4678120803833008 0.5121817702054977 0.4785709500312805 0.5041558837890625 0.4785709500312805
0 0.5422532653808594 0.1578267288208008 0.55019617497921 0.1578267288208008 0.55019617497921 0.16734747171401979 0.5422532653808594 0.16734747171401979
0 0.4484825134277344 0.16267127990722657 0.456294658780098 0.16267127990722657 0.456294658780098 0.1724612855911255 0.4484825134277344 0.1724612855911255
0 0.47781719207763673 0.3480868148803711 0.48533380150794986 0.3480868148803711 0.48533380150794986 0.35791272401809693 0.47781719207763673 0.35791272401809693
0 0.4467810821533203 0.6300545883178711 0.45536796569824217 0.6300545883178711 0.45536796569824217 0.640361979007721 0.4467810821533203 0.640361979007721
0 0.541717643737793 0.33755710601806643 0.5497382664680481 0.33755710601806643 0.5497382664680481 0.3483417892456055 0.541717643737793 0.3483417892456055
