0 0.5544295120239258 0.6869022369384765 0.5630540990829468 0.6869022369384765 0.5630540990829468 0.6971052277088164 0.5544295120239258 0.6971052277088164
0 0.49255619049072263 0.6890833282470703 0.5006604111194611 0.6890833282470703 0.5006604111194611 0.6981558245420455 0.49255619049072263 0.6981558245420455
0 0.4671623611450195 0.6876412963867188 0.4743565255403519 0.6876412963867188 0.4743565255403519 0.6971584326028823 0.4671623611450195 0.6971584326028823
0 0.5850494384765625 0.4494707489013672 0.5929367536306381 0.4494707489013672 0.5929367536306381 0.4593281245231628 0.5850494384765625 0.4593281245231628
0 0.5458153533935547 0.37452484130859376 0.5540621376037597 0.37452484130859376 0.5540621376037597 0.3848066163063049 0.5458153533935547 0.3848066163063049
0 0.5290373611450195 0.28798082351684573 0.5372016412019729 0.28798082351684573 0.5372016412019729 0.2998959815502167 0.5290373611450195 0.2998959815502167
0 0.4546582794189453 0.7707980346679687 0.4621045684814453 0.7707980346679687 0.4621045684814453 0.7803167521953582 0.4546582794189453 0.7803167521953582
0 0.5165920257568359 0.4562942886352539 0.5245086759328843 0.4562942886352539 0.5245086759328843 0.4664635598659515 0.5165920257568359 0.4664635598659515
0 0.44490642547607423 0.8473633575439453 0.45160467922687536 0.8473633575439453 0.45160467922687536 0.8556198644638061 0.44490642547607423 0.8556198644638061
0 0.5630165481567383 0.6065115356445312 0.5715402376651764 0.6065115356445312 0.5715402376651764 0.6171044957637786 0.5630165481567383 0.6171044957637786
0 0.483199348449707 0.7713657379150389 0.4904571503400803 0.7713657379150389 0.4904571503400803 0.7811917656660079 0.483199348449707 0.7811917656660079
0 0.5551330947875976 0.45030200958251954 0.5639977413415908 0.45030200958251954 0.5639977413415908 0.46074783682823184 0.5551330947875976 0.46074783682823184
0 0.44556236267089844 0.6847996520996094 0.45333526670932767 0.6847996520996094 0.45333526670932767 0.6946643406152724 0.44556236267089844 0.6946643406152724
0 0.5398225784301758 0.7683270263671874 0.5475581932067871 0.7683270263671874 0.5475581932067871 0.7783659660816192 0.5398225784301758 0.7783659660816192
0 0.4730740737915039 0.532403564453125 0.4816492766141891 0.532403564453125 0.4816492766141891 0.5430256974697113 0.4730740737915039 0.5430256974697113
0 0.593888053894043 0.6837899017333985 0.6018297803401947 0.6837899017333985 0.6018297803401947 0.6947651612758637 0.593888053894043 0.6947651612758637
0 0.5065425872802735 0.8488002014160156 0.5152342420816421 0.8488002014160156 0.5152342420816421 0.8581500440835954 0.5065425872802735 0.8581500440835954
0 0.4758202743530273 0.2941874313354492 0.485047435760498 0.2941874313354492 0.485047435760498 0.3042860817909241 0.4758202743530273 0.3042860817909241
0 0.5376423263549804 0.6098744201660157 0.5445692253112793 0.6098744201660157 0.5445692253112793 0.6193919122219086 0.5376423263549804 0.6193919122219086
0 0.5058560562133789 0.2947396659851074 0.5145993423461914 0.2947396659851074 0.5145993423461914 0.3051316130161285 0.5058560562133789 0.3051316130161285
0 0.4456901550292969 0.378332633972168 0.4526735055446625 0.378332633972168 0.4526735055446625 0.3877765595912933 0.4456901550292969 0.3877765595912933
0 0.44615524291992187 0.4511665725708008 0.45355259120464325 0.4511665725708008 0.45355259120464325 0.4612632262706757 0.44615524291992187 0.4612632262706757
0 0.4433160400390625 0.5246276092529297 0.4498036277294159 0.5246276092529297 0.4498036277294159 0.533084061741829 0.4433160400390625 0.533084061741829
0 0.5535839462280273 0.5215511322021484 0.5608093374967574 0.5215511322021484 0.5608093374967574 0.5309842264652253 0.5535839462280273 0.5309842264652253
0 0.47357807159423826 0.6074911880493165 0.48222915470600125 0.6074911880493165 0.48222915470600125 0.6174913477897644 0.47357807159423826 0.6174913477897644
0 0.4990825653076172 0.5270407485961914 0.5070064902305602 0.5270407485961914 0.5070064902305602 0.5373260021209717 0.4990825653076172 0.5373260021209717
0 0.5293420791625977 0.5266381454467773 0.537118324637413 0.5266381454467773 0.537118324637413 0.5373413956165314 0.5293420791625977 0.5373413956165314
0 0.5134852600097656 0.6947227478027342 0.520626727938652 0.6947227478027342 0.520626727938652 0.7047002565860748 0.5134852600097656 0.7047002565860748
0 0.6039958190917969 0.28743797302246094 0.6111922305822373 0.28743797302246094 0.6111922305822373 0.29853571772575377 0.6039958190917969 0.29853571772575377
0 0.479801139831543 0.8527410888671875 0.4869704937934876 0.8527410888671875 0.4869704937934876 0.8623286682367325 0.479801139831543 0.8623286682367325
0 0.564105224609375 0.7656365203857421 0.5721270895004272 0.7656365203857421 0.5721270895004272 0.7749348151683807 0.564105224609375 0.7749348151683807
0 0.5379570388793945 0.8484783935546875 0.5461964303255081 0.8484783935546875 0.5461964303255081 0.859037001132965 0.5379570388793945 0.859037001132965
0 0.5144509887695312 0.6102152633666992 0.522673465013504 0.6102152633666992 0.522673465013504 0.6205505633354187 0.5144509887695312 0.6205505633354187
0 0.4630542755126953 0.37618896484375 0.47091852545738216 0.37618896484375 0.47091852545738216 0.3865669572353363 0.4630542755126953 0.3865669572353363
0 0.5623077011108398 0.28545293807983396 0.570918626189232 0.28545293807983396 0.570918626189232 0.29642191171646115 0.5623077011108398 0.29642191171646115
0 0.4621608734130859 0.8494242095947265 0.46914401710033415 0.8494242095947265 0.46914401710033415 0.8587182354927063 0.4621608734130859 0.8587182354927063
0 0.6126629257202149 0.3676409530639648 0.6208752298355104 0.3676409530639648 0.6208752298355104 0.3773367673158645 0.6126629257202149 0.3773367673158645
0 0.580488005617385 0.28516839804228455 0.589647492522559 0.28516839804228455 0.589647492522559 0.29574301057388197 0.580488005617385 0.29574301057388197
0 0.46974148212755507 0.4532490814392535 0.4784846287188574 0.4532490814392535 0.4784846287188574 0.4654933696337347 0.46974148212755507 0.4654933696337347
0 0.50887747163148 0.766591547507113 0.5184532988505253 0.766591547507113 0.5184532988505253 0.7782792771472996 0.50887747163148 0.7782792771472996
