0 0.805660400390625 0.22825019836425783 0.8135255372524262 0.22825019836425783 0.8135255372524262 0.23770064651966094 0.805660400390625 0.23770064651966094
0 0.8187521362304687 0.322730712890625 0.8263433837890625 0.322730712890625 0.8263433837890625 0.33201981723308566 0.8187521362304687 0.33201981723308566
0 0.2558148384094238 0.3123259353637695 0.2643255460262298 0.3123259353637695 0.2643255460262298 0.3219078224897384 0.2558148384094238 0.3219078224897384
0 0.8302482604980469 0.5307047271728516 0.8378724503517152 0.5307047271728516 0.8378724503517152 0.5404317700862884 0.8302482604980469 0.5404317700862884
0 0.5623331069946289 0.6848848724365234 0.5704009848833084 0.6848848724365234 0.5704009848833084 0.6959608554840089 0.5623331069946289 0.6959608554840089
0 0.27479646682739256 0.5190421676635742 0.2826685827970504 0.5190421676635742 0.2826685827970504 0.5292486369609833 0.27479646682739256 0.5292486369609833
0 0.5551996612548828 0.8334269714355469 0.5631523883342744 0.8334269714355469 0.5631523883342744 0.8434980094432831 0.5551996612548828 0.8434980094432831
0 0.21185367584228515 0.8328331756591797 0.2181275814771652 0.8328331756591797 0.2181275814771652 0.8410981422662736 0.21185367584228515 0.8410981422662736
0 0.5684586715698242 0.3754083633422852 0.5765047258138657 0.3754083633422852 0.5765047258138657 0.3843653517961503 0.5684586715698242 0.3843653517961503
0 0.4864903259277344 0.6864176177978516 0.4948645329475403 0.6864176177978516 0.4948645329475403 0.6969033312797547 0.4864903259277344 0.6969033312797547
0 0.25241838455200194 0.529695816040039 0.26054954469203945 0.529695816040039 0.26054954469203945 0.5398567855358123 0.25241838455200194 0.5398567855358123
0 0.7713585662841796 0.6790454864501954 0.7789392864704131 0.6790454864501954 0.7789392864704131 0.6893756866455079 0.7713585662841796 0.6893756866455079
0 0.5719578552246094 0.4680881118774414 0.580080972313881 0.4680881118774414 0.580080972313881 0.4780506777763367 0.5719578552246094 0.4780506777763367
0 0.8371802520751953 0.22603950500488285 0.8444405966997147 0.22603950500488285 0.8444405966997147 0.23563591957092286 0.8371802520751953 0.23563591957092286
0 0.5847673034667968 0.7837367248535156 0.5931908649206161 0.7837367248535156 0.5931908649206161 0.7928157043457031 0.5847673034667968 0.7928157043457031
0 0.49812683105468747 0.834339370727539 0.5056814104318619 0.834339370727539 0.5056814104318619 0.8436925339698791 0.49812683105468747 0.8436925339698791
0 0.8108221435546875 0.6262048721313477 0.8183313602209091 0.6262048721313477 0.8183313602209091 0.6353620427846909 0.8108221435546875 0.6353620427846909
0 0.7720204162597656 0.782849349975586 0.7791577446460723 0.782849349975586 0.7791577446460723 0.7916953366994858 0.7720204162597656 0.7916953366994858
0 0.24917846679687503 0.7837231445312499 0.25639123141765596 0.7837231445312499 0.25639123141765596 0.7928131926059723 0.24917846679687503 0.7928131926059723
0 0.591928596496582 0.5309605407714844 0.5998431766033173 0.5309605407714844 0.5998431766033173 0.5408000880479813 0.591928596496582 0.5408000880479813
0 0.8138126373291016 0.679788818359375 0.8222280961275102 0.679788818359375 0.8222280961275102 0.6896639430522918 0.8138126373291016 0.6896639430522918
0 0.52593994140625 0.8337165832519531 0.5334491580724716 0.8337165832519531 0.5334491580724716 0.8437226331233978 0.52593994140625 0.8437226331233978
0 0.4979010391235352 0.7815870666503906 0.505716022849083 0.7815870666503906 0.505716022849083 0.7911202520132063 0.4979010391235352 0.7911202520132063
0 0.46070884704589843 0.7929292297363282 0.4685615932941437 0.7929292297363282 0.4685615932941437 0.8020693236589432 0.46070884704589843 0.8020693236589432
0 0.7956722259521485 0.5337878036499023 0.8032633554935455 0.5337878036499023 0.8032633554935455 0.5433041489124298 0.7956722259521485 0.5433041489124298
0 0.28058954238891604 0.3670352935791016 0.28878649890422825 0.3670352935791016 0.28878649890422825 0.3762099766731262 0.28058954238891604 0.3762099766731262
0 0.601389045715332 0.6858961486816406 0.6089273607730866 0.6858961486816406 0.6089273607730866 0.6945961093902587 0.601389045715332 0.6945961093902587
0 0.8419689178466797 0.3757967758178711 0.8498739171028138 0.3757967758178711 0.8498739171028138 0.3849980628490448 0.8419689178466797 0.3849980628490448
0 0.5216590118408203 0.6871806335449219 0.5286818397045135 0.6871806335449219 0.5286818397045135 0.6970732307434082 0.5216590118408203 0.6970732307434082
0 0.5622729873657226 0.6323847961425781 0.5711357414722441 0.6323847961425781 0.5711357414722441 0.6422073453664779 0.5622729873657226 0.6422073453664779
0 0.7999048614501953 0.3230500793457031 0.8076615899801255 0.3230500793457031 0.8076615899801255 0.3331253862380981 0.7999048614501953 0.3331253862380981
0 0.5223838806152343 0.31529430389404295 0.5305861896276475 0.31529430389404295 0.5305861896276475 0.3253421568870544 0.5223838806152343 0.3253421568870544
0 0.5146067428588867 0.5331202316284179 0.5224623578786851 0.5331202316284179 0.5224623578786851 0.5422459757328033 0.5146067428588867 0.5422459757328033
0 0.7792424774169922 0.6249911117553711 0.7859042400121687 0.6249911117553711 0.7859042400121687 0.6344795483350755 0.7792424774169922 0.6344795483350755
0 0.20916385650634767 0.3666118240356446 0.2171588706970215 0.3666118240356446 0.2171588706970215 0.3759890216588974 0.20916385650634767 0.3759890216588974
0 0.47124053955078127 0.3765488433837891 0.4792130202054978 0.3765488433837891 0.4792130202054978 0.3869072687625885 0.47124053955078127 0.3869072687625885
0 0.46605018615722654 0.8346548461914063 0.473507564663887 0.8346548461914063 0.473507564663887 0.8450207030773162 0.46605018615722654 0.8450207030773162
0 0.7735468292236328 0.5145185089111328 0.7816451060771943 0.5145185089111328 0.7816451060771943 0.5237806731462479 0.7735468292236328 0.5237806731462479
0 0.49490814208984374 0.3145647239685059 0.502666556239128 0.3145647239685059 0.502666556239128 0.32492423653602603 0.49490814208984374 0.32492423653602603
0 0.7863304901123047 0.1675822639465332 0.7942765933275223 0.1675822639465332 0.7942765933275223 0.17761460185050965 0.7863304901123047 0.17761460185050965
0 0.8273097991943359 0.4727118682861328 0.8356449425220489 0.4727118682861328 0.8356449425220489 0.4820277541875839 0.8273097991943359 0.4820277541875839
0 0.8461941528320313 0.1676667785644531 0.854037407040596 0.1676667785644531 0.854037407040596 0.1774091398715973 0.8461941528320313 0.1774091398715973
0 0.5269721603393555 0.6347283172607422 0.536048537492752 0.6347283172607422 0.536048537492752 0.6460548841953277 0.5269721603393555 0.6460548841953277
0 0.5506204986572265 0.3173153686523438 0.5578327602148055 0.3173153686523438 0.5578327602148055 0.32729289710521703 0.5506204986572265 0.32729289710521703
0 0.5840693664550781 0.3183577537536621 0.5920459282398224 0.3183577537536621 0.5920459282398224 0.32915429592132567 0.5840693664550781 0.32915429592132567
0 0.20841238021850586 0.525955810546875 0.2160300350189209 0.525955810546875 0.2160300350189209 0.5355532723665237 0.20841238021850586 0.5355532723665237
0 0.163045654296875 0.36500274658203125 0.1699751996994019 0.36500274658203125 0.1699751996994019 0.37393830955028534 0.163045654296875 0.37393830955028534
0 0.45805912017822265 0.3139455604553223 0.4658549124002456 0.3139455604553223 0.4658549124002456 0.32356654345989233 0.45805912017822265 0.32356654345989233
0 0.20903688430786133 0.4763487243652344 0.21635790944099426 0.4763487243652344 0.21635790944099426 0.4867979514598847 0.20903688430786133 0.4867979514598847
0 0.23383560180664062 0.8279222869873046 0.2416343957185745 0.8279222869873046 0.2416343957185745 0.8365288764238357 0.23383560180664062 0.8365288764238357
0 0.7627238464355469 0.16903783798217772 0.7704700475931168 0.16903783798217772 0.7704700475931168 0.17876448571681977 0.7627238464355469 0.17876448571681977
0 0.8500590515136719 0.3221573257446289 0.8579995954036713 0.3221573257446289 0.8579995954036713 0.33203391313552855 0.8500590515136719 0.33203391313552855
0 0.8342789459228516 0.6788607788085937 0.8412257164716721 0.6788607788085937 0.8412257164716721 0.6878577721118927 0.8342789459228516 0.6878577721118927
0 0.22312046051025392 0.3036399459838867 0.23138262152671815 0.3036399459838867 0.23138262152671815 0.3149725615978241 0.22312046051025392 0.3149725615978241
0 0.5525894165039062 0.7860331726074219 0.5603032076358795 0.7860331726074219 0.5603032076358795 0.7950553071498871 0.5525894165039062 0.7950553071498871
0 0.9125205230712891 0.5317426681518554 0.9195183336734771 0.5317426681518554 0.9195183336734771 0.5406396490335464 0.9125205230712891 0.5406396490335464
0 0.44205780029296876 0.38177745819091796 0.448601188659668 0.38177745819091796 0.448601188659668 0.3899981504678726 0.44205780029296876 0.3899981504678726
0 0.8784748077392578 0.1720884895324707 0.8847859728336332 0.1720884895324707 0.8847859728336332 0.18061020672321318 0.8784748077392578 0.18061020672321318
0 0.7717037963867187 0.31586177825927736 0.7790022289752959 0.31586177825927736 0.7790022289752959 0.3247185170650483 0.7717037963867187 0.3247185170650483
0 0.4731497573852539 0.4653224563598633 0.4801311558485031 0.4653224563598633 0.4801311558485031 0.47397494077682495 0.4731497573852539 0.47397494077682495
0 0.5274382781982422 0.7841791534423828 0.5361627572774887 0.7841791534423828 0.5361627572774887 0.7940865349769591 0.5274382781982422 0.7940865349769591
0 0.2606633186340332 0.6214635467529297 0.26865416288375854 0.6214635467529297 0.26865416288375854 0.6319863402843475 0.2606633186340332 0.6319863402843475
0 0.7997675323486328 0.7847367095947265 0.8077595895528795 0.7847367095947265 0.8077595895528795 0.7943256330490113 0.7997675323486328 0.7943256330490113
0 0.8164113616943359 0.16815919876098634 0.8237993359565734 0.16815919876098634 0.8237993359565734 0.1778931599855423 0.8164113616943359 0.1778931599855423
0 0.7996284484863281 0.4729209518432617 0.808102222084999 0.4729209518432617 0.808102222084999 0.48297791719436645 0.7996284484863281 0.48297791719436645
0 0.9076160430908203 0.8235789489746094 0.9146298223733903 0.8235789489746094 0.9146298223733903 0.8315290945768355 0.9076160430908203 0.8315290945768355
0 0.4429901885986328 0.4658393859863281 0.4500404590368271 0.4658393859863281 0.4500404590368271 0.47443328619003294 0.4429901885986328 0.47443328619003294
0 0.5280784225463867 0.37865825653076174 0.5362649995088578 0.37865825653076174 0.5362649995088578 0.3895125532150268 0.5280784225463867 0.3895125532150268
0 0.595573959350586 0.631985092163086 0.6027594298124314 0.631985092163086 0.6027594298124314 0.6406181275844575 0.595573959350586 0.6406181275844575
0 0.16331405639648439 0.7723670196533203 0.17003978192806246 0.7723670196533203 0.17003978192806246 0.780495526790619 0.16331405639648439 0.780495526790619
0 0.7749384307861328 0.36865642547607425 0.7833566099405289 0.36865642547607425 0.7833566099405289 0.37942165970802316 0.7749384307861328 0.37942165970802316
0 0.5512845611572266 0.5353318405151367 0.5595502710342408 0.5353318405151367 0.5595502710342408 0.5457882225513458 0.5512845611572266 0.5457882225513458
0 0.9122837829589844 0.7763067626953125 0.917515063881874 0.7763067626953125 0.917515063881874 0.7833160811662675 0.9122837829589844 0.7833160811662675
0 0.1804789733886719 0.315472412109375 0.18874756634235385 0.315472412109375 0.18874756634235385 0.3250619089603424 0.1804789733886719 0.3250619089603424
0 0.18856658935546874 0.6679195404052736 0.19459429919719695 0.6679195404052736 0.19459429919719695 0.6757938659191132 0.18856658935546874 0.6757938659191132
0 0.5351997756958008 0.4712739181518555 0.543728728890419 0.4712739181518555 0.543728728890419 0.4805729639530182 0.5351997756958008 0.4805729639530182
0 0.5875931930541992 0.8309720611572265 0.5955766153335572 0.8309720611572265 0.5955766153335572 0.8402758115530014 0.5875931930541992 0.8402758115530014
0 0.1587192726135254 0.520693016052246 0.1658284342288971 0.520693016052246 0.1658284342288971 0.5288258320093154 0.1587192726135254 0.5288258320093154
0 0.7820350646972656 0.2238963508605957 0.7899601131677627 0.2238963508605957 0.7899601131677627 0.23438860654830931 0.7820350646972656 0.23438860654830931
0 0.20887516021728517 0.7833354949951172 0.21537725269794467 0.7833354949951172 0.21537725269794467 0.792703521847725 0.20887516021728517 0.792703521847725
0 0.23378061294555663 0.61826171875 0.24105942487716672 0.61826171875 0.24105942487716672 0.6277743482589722 0.23378061294555663 0.6277743482589722
0 0.14233254432678222 0.8277662658691406 0.1491129910945892 0.8277662658691406 0.1491129910945892 0.8368075335025787 0.14233254432678222 0.8368075335025787
0 0.49120059967041013 0.63183837890625 0.4991827499866485 0.63183837890625 0.4991827499866485 0.641217276453972 0.49120059967041013 0.641217276453972
0 0.4767373275756836 0.525287857055664 0.4854259067773819 0.525287857055664 0.4854259067773819 0.534724548459053 0.4767373275756836 0.534724548459053
0 0.8914500427246094 0.3758465576171875 0.8988127630949021 0.3758465576171875 0.8988127630949021 0.38461241543293 0.8914500427246094 0.38461241543293
0 0.8373344421386719 0.6291015625 0.845250796675682 0.6291015625 0.845250796675682 0.6375947386026383 0.8373344421386719 0.6375947386026383
0 0.4401617431640625 0.5378298568725586 0.44760832786560056 0.5378298568725586 0.44760832786560056 0.5481220686435699 0.4401617431640625 0.5481220686435699
0 0.7576974487304687 0.21230779647827147 0.7659450608491898 0.21230779647827147 0.7659450608491898 0.22307745814323424 0.7576974487304687 0.22307745814323424
0 0.7711087036132812 0.473234748840332 0.7788828200101852 0.473234748840332 0.7788828200101852 0.48401275157928464 0.7711087036132812 0.48401275157928464
0 0.8929972839355469 0.48073081970214837 0.9002456820011139 0.48073081970214837 0.9002456820011139 0.48999756932258604 0.8929972839355469 0.48999756932258604
0 0.8156744384765625 0.8159075927734375 0.8227781146764755 0.8159075927734375 0.8227781146764755 0.8248190420866012 0.8156744384765625 0.8248190420866012
0 0.5029574584960937 0.47306983947753906 0.5114037895202638 0.47306983947753906 0.5114037895202638 0.4836992859840393 0.5029574584960937 0.4836992859840393
0 0.8313082122802734 0.43026428222656243 0.8396796095371246 0.43026428222656243 0.8396796095371246 0.44030203580856314 0.8313082122802734 0.44030203580856314
0 0.18830854415893555 0.8303212738037109 0.19553337395191195 0.8303212738037109 0.19553337395191195 0.8398820513486862 0.18830854415893555 0.8398820513486862
0 0.14632761001586914 0.3224645233154297 0.1536201137304306 0.3224645233154297 0.1536201137304306 0.3316093212366104 0.14632761001586914 0.3316093212366104
0 0.7988522338867188 0.8281757354736328 0.8070268046855927 0.8281757354736328 0.8070268046855927 0.8391393733024598 0.7988522338867188 0.8391393733024598
0 0.2741255378723145 0.4641221618652344 0.2820892065763474 0.4641221618652344 0.2820892065763474 0.4752783131599427 0.2741255378723145 0.4752783131599427
0 0.7668712615966797 0.8298432922363281 0.7748796421289443 0.8298432922363281 0.7748796421289443 0.8398898208141327 0.7668712615966797 0.8398898208141327
0 0.8931644439697266 0.33051342010498047 0.9005681502819061 0.33051342010498047 0.9005681502819061 0.3395265418291092 0.8931644439697266 0.3395265418291092
0 0.16607255935668946 0.8298445892333984 0.17270452857017518 0.8298445892333984 0.17270452857017518 0.8399338901042939 0.16607255935668946 0.8399338901042939
0 0.18602163314819337 0.6240874862670899 0.19230819523334505 0.6240874862670899 0.19230819523334505 0.6326277434825898 0.18602163314819337 0.6326277434825898
0 0.8691291046142579 0.2222866439819336 0.8774747753143312 0.2222866439819336 0.8774747753143312 0.23154625833034514 0.8691291046142579 0.23154625833034514
0 0.8960570526123047 0.22115055084228516 0.9030381852388383 0.22115055084228516 0.9030381852388383 0.23066229104995728 0.8960570526123047 0.23066229104995728
0 0.45201290130615235 0.6837553405761718 0.4599593299627304 0.6837553405761718 0.4599593299627304 0.693691974878311 0.45201290130615235 0.693691974878311
0 0.12354876518249512 0.37032318115234375 0.13158234000205996 0.37032318115234375 0.13158234000205996 0.3803967487812042 0.12354876518249512 0.3803967487812042
0 0.1211550313366185 0.3129963257570145 0.1332289004388932 0.3129963257570145 0.1332289004388932 0.3285799652772633 0.1211550313366185 0.3285799652772633
0 0.14655179048278252 0.36531282986070696 0.15487859676021334 0.36531282986070696 0.15487859676021334 0.3814530279352502 0.14655179048278252 0.3814530279352502
0 0.13572694232212243 0.4682761624052077 0.14655179048278255 0.4682761624052077 0.14655179048278255 0.4794073334910996 0.13572694232212243 0.4794073334910996
0 0.1303145182417924 0.528941044823319 0.1423883873440671 0.528941044823319 0.1423883873440671 0.5378459816920326 0.1303145182417924 0.5378459816920326
0 0.1594583402128003 0.6146510621846872 0.16986684805958882 0.6146510621846872 0.16986684805958882 0.627451908933463 0.1594583402128003 0.627451908933463
0 0.2119172197606145 0.6191035306190441 0.22149304697965994 0.6191035306190441 0.22149304697965994 0.6285650260420522 0.2119172197606145 0.6285650260420522
0 0.21025185850512834 0.673646268939915 0.22066036635191685 0.673646268939915 0.22066036635191685 0.6842208814715123 0.21025185850512834 0.6842208814715123
0 0.15487859676021334 0.6630716564083174 0.16528710460700188 0.6630716564083174 0.16528710460700188 0.6769856202656823 0.15487859676021334 0.6769856202656823
0 0.14072302608858095 0.7723675512935089 0.15071519362149793 0.7723675512935089 0.15071519362149793 0.787394632259463 0.14072302608858095 0.787394632259463
0 0.18318973810347816 0.7757069026192763 0.19193288469478054 0.7757069026192763 0.19193288469478054 0.7890643079223467 0.18318973810347816 0.7890643079223467
0 0.4954449735071341 0.3783240948529327 0.5025227588429503 0.3783240948529327 0.5025227588429503 0.3916815001560031 0.4954449735071341 0.3916815001560031
0 0.45089655992287914 0.6271057686226185 0.46005604682805307 0.6271057686226185 0.46005604682805307 0.6426894081428673 0.45089655992287914 0.6426894081428673
0 0.8359619163346127 0.7779331368364549 0.8451214032397865 0.7779331368364549 0.8451214032397865 0.7907339835852306 0.8359619163346127 0.7907339835852306
0 0.8588606335975474 0.8252406139514957 0.8684364608165926 0.8252406139514957 0.8684364608165926 0.8391545778088607 0.8588606335975474 0.8391545778088607
0 0.8634403770501344 0.779046253945044 0.8730162042691798 0.779046253945044 0.8730162042691798 0.7924036592481144 0.8634403770501344 0.7924036592481144
0 0.865522078619492 0.6304451199483861 0.8746815655246661 0.6304451199483861 0.8746815655246661 0.641576291034278 0.865522078619492 0.641576291034278
0 0.8671874398749783 0.6733001286290701 0.8738488848969228 0.6733001286290701 0.8738488848969228 0.6911100023664974 0.8671874398749783 0.6911100023664974
0 0.8930005393350136 0.6771960385091325 0.904658068123417 0.6771960385091325 0.904658068123417 0.6922231194750867 0.8930005393350136 0.6922231194750867
0 0.9063234293789031 0.6193139488624941 0.9138175550285909 0.6193139488624941 0.9138175550285909 0.6337844712741537 0.9063234293789031 0.6337844712741537
0 0.8630240367362628 0.4790611931802552 0.8713508430136936 0.4790611931802552 0.8713508430136936 0.4896358057118525 0.8630240367362628 0.4896358057118525
0 0.868436460816593 0.5330473729468312 0.875514246152409 0.5330473729468312 0.875514246152409 0.5458482196956072 0.868436460816593 0.5458482196956072
0 0.8705181623859505 0.3788806534072273 0.8800939896049959 0.3788806534072273 0.8800939896049959 0.39056838304741387 0.8705181623859505 0.39056838304741387
