0 0.46813148498535156 0.30194616317749023 0.476455095410347 0.30194616317749023 0.476455095410347 0.31106046319007874 0.46813148498535156 0.31106046319007874
0 0.5172772979736329 0.34325820922851563 0.5244095396995546 0.34325820922851563 0.5244095396995546 0.35288014054298406 0.5172772979736329 0.35288014054298406
0 0.49400547027587893 0.5317855453491211 0.5012148636579514 0.5317855453491211 0.5012148636579514 0.5422696769237519 0.49400547027587893 0.5422696769237519
0 0.545638427734375 0.3008168792724609 0.5533059692382812 0.3008168792724609 0.5533059692382812 0.31088524937629697 0.545638427734375 0.31088524937629697
0 0.5179516220092774 0.3033654403686523 0.5248409652709961 0.3033654403686523 0.5248409652709961 0.3130003178119659 0.5179516220092774 0.3130003178119659
0 0.4904123687744141 0.21870944976806642 0.4970060580968857 0.21870944976806642 0.4970060580968857 0.22872283220291137 0.4904123687744141 0.22872283220291137
0 0.5461313247680664 0.6268094253540039 0.5536924093961715 0.6268094253540039 0.5536924093961715 0.6369445812702178 0.5461313247680664 0.6369445812702178
0 0.48146991729736327 0.46996250152587893 0.4897379630804061 0.46996250152587893 0.4897379630804061 0.4800052750110626 0.48146991729736327 0.4800052750110626
0 0.45125320434570315 0.21620058059692382 0.4584228241443634 0.21620058059692382 0.4584228241443634 0.22515909075737 0.45125320434570315 0.22515909075737
0 0.47084877014160154 0.5287499618530274 0.47893350362777704 0.5287499618530274 0.47893350362777704 0.537808148264885 0.47084877014160154 0.537808148264885
0 0.46900096893310544 0.6320133972167968 0.47706618547439567 0.6320133972167968 0.47706618547439567 0.6418963485956192 0.46900096893310544 0.6418963485956192
0 0.4559714126586914 0.46976829528808595 0.4640897983312607 0.46976829528808595 0.4640897983312607 0.4790197861194611 0.4559714126586914 0.4790197861194611
0 0.49149967193603517 0.3057448959350586 0.49896240234375 0.3057448959350586 0.49896240234375 0.3144752162694931 0.49149967193603517 0.3144752162694931
0 0.5457588577270508 0.5248582839965821 0.5541419064998627 0.5248582839965821 0.5541419064998627 0.5343056088685989 0.5457588577270508 0.5343056088685989
0 0.5199700927734375 0.5259302520751953 0.5276521241664887 0.5259302520751953 0.5276521241664887 0.5356723958253861 0.5199700927734375 0.5356723958253861
0 0.47082054138183593 0.15959922790527345 0.47816300570964815 0.15959922790527345 0.47816300570964815 0.16844416677951815 0.47082054138183593 0.16844416677951815
0 0.44738288879394533 0.3051110076904297 0.4554192435741425 0.3051110076904297 0.4554192435741425 0.3137948596477509 0.44738288879394533 0.3137948596477509
0 0.5396801376342774 0.22440546035766604 0.5475536727905274 0.22440546035766604 0.5475536727905274 0.23474536538124086 0.5396801376342774 0.23474536538124086
0 0.5091123580932617 0.2222617530822754 0.5158420753479004 0.2222617530822754 0.5158420753479004 0.23182606875896453 0.5091123580932617 0.23182606875896453
0 0.4528409194946289 0.3497512817382812 0.46053418815135955 0.3497512817382812 0.46053418815135955 0.35981393933296196 0.4528409194946289 0.35981393933296196
0 0.526740951538086 0.4681272125244141 0.5342152744531632 0.4681272125244141 0.5342152744531632 0.47762620389461513 0.526740951538086 0.47762620389461513
0 0.5869085693359375 0.42899959564208984 0.591721179485321 0.42899959564208984 0.591721179485321 0.434890239238739 0.5869085693359375 0.434890239238739
0 0.49899322509765626 0.34762977600097655 0.5058984774351121 0.34762977600097655 0.5058984774351121 0.3562824183702469 0.49899322509765626 0.3562824183702469
0 0.5167232894897461 0.6304421234130859 0.5245868295431138 0.6304421234130859 0.5245868295431138 0.6404032272100448 0.5167232894897461 0.6404032272100448
0 0.4733639907836914 0.2160225868225098 0.479807014465332 0.2160225868225098 0.479807014465332 0.22374780356884005 0.4733639907836914 0.22374780356884005
0 0.4501303482055664 0.5278302001953125 0.4576108515262604 0.5278302001953125 0.4576108515262604 0.5381186163425445 0.4501303482055664 0.5381186163425445
0 0.4938417053222656 0.15996454238891603 0.5009538388252258 0.15996454238891603 0.5009538388252258 0.17061535477638246 0.4938417053222656 0.17061535477638246
0 0.49410717010498045 0.6311520385742188 0.5015198367834091 0.6311520385742188 0.5015198367834091 0.6418033456802368 0.49410717010498045 0.6418033456802368
0 0.5467645263671875 0.4627954483032227 0.5547492498159409 0.4627954483032227 0.5547492498159409 0.4722412317991257 0.5467645263671875 0.4722412317991257
0 0.504166145324707 0.46783252716064455 0.5121755903959274 0.46783252716064455 0.5121755903959274 0.47857696771621705 0.504166145324707 0.47857696771621705
0 0.5422504043579102 0.15787605285644532 0.5501771086454391 0.15787605285644532 0.5501771086454391 0.16735842168331147 0.5422504043579102 0.16735842168331147
0 0.4484855270385742 0.16264739990234375 0.45631458699703215 0.16264739990234375 0.45631458699703215 0.17248820245265958 0.4484855270385742 0.17248820245265958
0 0.47781436920166015 0.3480873107910156 0.48534517288208007 0.3480873107910156 0.48534517288208007 0.3579755198955536 0.47781436920166015 0.3579755198955536
0 0.44674915313720703 0.630069580078125 0.45541304051876064 0.630069580078125 0.45541304051876064 0.6404491543769836 0.44674915313720703 0.6404491543769836
0 0.5417108535766602 0.3375575637817383 0.5497312396764755 0.3375575637817383 0.5497312396764755 0.3483436691761017 0.5417108535766602 0.3483436691761017
