0 0.49244903564453124 0.6337490463256836 0.49998732089996345 0.6337490463256836 0.49998732089996345 0.6432438081502915 0.49244903564453124 0.6432438081502915
0 0.47003902435302736 0.5308887100219727 0.4774248695373535 0.5308887100219727 0.4774248695373535 0.5397663605213165 0.47003902435302736 0.5397663605213165
0 0.46698799133300783 0.634754638671875 0.47449626207351686 0.634754638671875 0.47449626207351686 0.6445147293806076 0.46698799133300783 0.6445147293806076
0 0.5156357192993164 0.6333111953735352 0.5231020575761794 0.6333111953735352 0.5231020575761794 0.6430935418605804 0.5156357192993164 0.6430935418605804
0 0.516876220703125 0.31258487701416016 0.5242032784223556 0.31258487701416016 0.5242032784223556 0.32182235419750216 0.516876220703125 0.32182235419750216
0 0.5395486450195313 0.2280250930786133 0.5471518987417222 0.2280250930786133 0.5471518987417222 0.23752789914608005 0.5395486450195313 0.23752789914608005
0 0.49072288513183593 0.3141073799133301 0.49795685231685644 0.3141073799133301 0.49795685231685644 0.322616348862648 0.49072288513183593 0.322616348862648
0 0.493759765625 0.1629161071777344 0.5012343245744706 0.1629161071777344 0.5012343245744706 0.17300587296485903 0.493759765625 0.17300587296485903
0 0.49263221740722657 0.5342668533325196 0.49945576429367067 0.5342668533325196 0.49945576429367067 0.5437932395935059 0.49263221740722657 0.5437932395935059
0 0.5164075088500977 0.35202037811279296 0.5231649643182755 0.35202037811279296 0.5231649643182755 0.3608951824903488 0.5164075088500977 0.3608951824903488
0 0.4765153884887695 0.3570515060424804 0.48341283440589905 0.3570515060424804 0.48341283440589905 0.3653199911117554 0.4765153884887695 0.3653199911117554
0 0.5451964950561523 0.3103459739685059 0.5524804377555845 0.3103459739685059 0.5524804377555845 0.32051575899124146 0.5451964950561523 0.32051575899124146
0 0.45115966796875 0.21856916427612305 0.4579815292358399 0.21856916427612305 0.4579815292358399 0.22739465415477755 0.45115966796875 0.22739465415477755
0 0.4678089141845703 0.3095067405700684 0.47509262025356297 0.3095067405700684 0.47509262025356297 0.318446216583252 0.4678089141845703 0.318446216583252
0 0.44708091735839844 0.31251083374023436 0.45474452614784244 0.31251083374023436 0.45474452614784244 0.3211588513851166 0.44708091735839844 0.3211588513851166
0 0.4451699447631836 0.6332007598876953 0.4528584522008896 0.6332007598876953 0.4528584522008896 0.6421633219718933 0.4451699447631836 0.6421633219718933
0 0.5263927459716797 0.4709653854370117 0.5325713729858399 0.4709653854370117 0.5325713729858399 0.4791646522283554 0.5263927459716797 0.4791646522283554
0 0.49800598144531255 0.35575347900390625 0.5049407464265824 0.35575347900390625 0.5049407464265824 0.36442142009735107 0.49800598144531255 0.36442142009735107
0 0.5084259033203125 0.22478050231933594 0.5158013987541198 0.22478050231933594 0.5158013987541198 0.23471855938434602 0.5084259033203125 0.23471855938434602
0 0.4521171188354492 0.35785648345947263 0.45879008889198303 0.35785648345947263 0.45879008889198303 0.36644567966461183 0.4521171188354492 0.36644567966461183
0 0.5030543518066406 0.47033935546875 0.5106273835897445 0.47033935546875 0.5106273835897445 0.4799901837110519 0.5030543518066406 0.4799901837110519
0 0.5186061859130859 0.5282005310058594 0.5258979946374893 0.5282005310058594 0.5258979946374893 0.5383930468559265 0.5186061859130859 0.5383930468559265
0 0.5457182312011719 0.4656473541259765 0.5531993550062181 0.4656473541259765 0.5531993550062181 0.4745875024795532 0.5457182312011719 0.4745875024795532
0 0.5444172668457031 0.5272766494750977 0.5525516206026077 0.5272766494750977 0.5525516206026077 0.5373831069469451 0.5444172668457031 0.5373831069469451
0 0.4546339416503906 0.4725756072998047 0.4628397697210312 0.4725756072998047 0.4628397697210312 0.48096699237823487 0.4546339416503906 0.48096699237823487
0 0.5406169509887695 0.34771503448486324 0.547730267047882 0.34771503448486324 0.547730267047882 0.3563311904668808 0.5406169509887695 0.3563311904668808
0 0.448668212890625 0.5304618072509766 0.45607889831066123 0.5304618072509766 0.45607889831066123 0.5402195656299591 0.448668212890625 0.5402195656299591
0 0.44857780456542967 0.16492685317993164 0.4563337939977646 0.16492685317993164 0.4563337939977646 0.1746699655056 0.44857780456542967 0.1746699655056
0 0.4903437042236328 0.22122636795043946 0.4967908680438995 0.22122636795043946 0.4967908680438995 0.23080861091613772 0.4903437042236328 0.23080861091613772
0 0.4707920455932617 0.1617597198486328 0.478320010304451 0.1617597198486328 0.478320010304451 0.1717041116952896 0.4707920455932617 0.1717041116952896
0 0.5445383071899415 0.6295955276489258 0.5517881244421006 0.6295955276489258 0.5517881244421006 0.6396597266197205 0.5445383071899415 0.6396597266197205
0 0.4796881103515625 0.4724337005615234 0.48801370203495026 0.4724337005615234 0.48801370203495026 0.4820079976320267 0.4796881103515625 0.4820079976320267
0 0.4720869445800781 0.21762754440307616 0.4793925040960311 0.21762754440307616 0.4793925040960311 0.22574567496776582 0.4720869445800781 0.22574567496776582
0 0.6415938568115235 0.5917492294311524 0.6526629257202149 0.5917492294311524 0.6526629257202149 0.6048053765296937 0.6415938568115235 0.6048053765296937
0 0.5420897293090821 0.15950187683105468 0.5506510925292969 0.15950187683105468 0.5506510925292969 0.17009192109107973 0.5420897293090821 0.17009192109107973
