0 0.5543965148925781 0.686521987915039 0.5630429846048355 0.686521987915039 0.5630429846048355 0.6969554424285889 0.5543965148925781 0.6969554424285889
0 0.4924944305419922 0.688831558227539 0.5006437182426453 0.688831558227539 0.5006437182426453 0.6979120397567748 0.4924944305419922 0.6979120397567748
0 0.5849400329589843 0.44938636779785157 0.5929851406812667 0.44938636779785157 0.5929851406812667 0.45942435860633857 0.5849400329589843 0.45942435860633857
0 0.46714088439941404 0.6877458953857422 0.4743068081140518 0.6877458953857422 0.4743068081140518 0.6971026957035065 0.46714088439941404 0.6971026957035065
0 0.5456664276123047 0.374506607055664 0.5540841335058212 0.374506607055664 0.5540841335058212 0.3850453698635101 0.5456664276123047 0.3850453698635101
0 0.5292766571044922 0.2883494567871094 0.53764255464077 0.2883494567871094 0.53764255464077 0.2999282884597778 0.5292766571044922 0.2999282884597778
0 0.4547382736206055 0.7707889556884766 0.46209812581539156 0.7707889556884766 0.46209812581539156 0.7803220617771148 0.4547382736206055 0.7803220617771148
0 0.5628338241577149 0.6065548706054688 0.571418548822403 0.6065548706054688 0.571418548822403 0.6174069929122925 0.5628338241577149 0.6174069929122925
0 0.44489341735839844 0.8472412109375 0.45153672754764557 0.8472412109375 0.45153672754764557 0.8554497277736663 0.44489341735839844 0.8554497277736663
0 0.4832723999023438 0.7715196228027343 0.49035176813602455 0.7715196228027343 0.49035176813602455 0.7812314862012864 0.4832723999023438 0.7812314862012864
0 0.5549910354614258 0.45014015197753904 0.5641322326660156 0.45014015197753904 0.5641322326660156 0.46051142454147337 0.5549910354614258 0.46051142454147337
0 0.5397263717651367 0.7683287811279297 0.5473266679048538 0.7683287811279297 0.5473266679048538 0.7786839652061462 0.5397263717651367 0.7786839652061462
0 0.4457294464111328 0.6847231292724609 0.45352192640304567 0.6847231292724609 0.45352192640304567 0.6945060688257217 0.4457294464111328 0.6945060688257217
0 0.4923973846435547 0.3522150421142578 0.5004725074768067 0.3522150421142578 0.5004725074768067 0.3621349149942398 0.4923973846435547 0.3621349149942398
0 0.5936958694458008 0.6838594055175782 0.601664742231369 0.6838594055175782 0.601664742231369 0.6946849238872529 0.5936958694458008 0.6946849238872529
0 0.4457094192504883 0.37834148406982415 0.4527620846033097 0.37834148406982415 0.4527620846033097 0.38773378252983093 0.4457094192504883 0.38773378252983093
0 0.50594482421875 0.2946531867980957 0.5148276275396346 0.2946531867980957 0.5148276275396346 0.30517655253410336 0.50594482421875 0.30517655253410336
0 0.50656005859375 0.8488737487792969 0.5150525212287902 0.8488737487792969 0.5150525212287902 0.8579769212007523 0.50656005859375 0.8579769212007523
0 0.4462267303466797 0.45113075256347657 0.45352448284626007 0.45113075256347657 0.45352448284626007 0.46136833310127257 0.4462267303466797 0.46136833310127257
0 0.5376254272460937 0.609926643371582 0.544571015238762 0.609926643371582 0.544571015238762 0.6194780522584915 0.5376254272460937 0.6194780522584915
0 0.4757390594482422 0.29448686599731444 0.4850488430261612 0.29448686599731444 0.4850488430261612 0.3046191370487213 0.4757390594482422 0.3046191370487213
0 0.5535163116455079 0.5216145706176758 0.5607813876867295 0.5216145706176758 0.5607813876867295 0.5309606182575226 0.5535163116455079 0.5309606182575226
0 0.4736318588256836 0.6074491119384766 0.4822074162960052 0.6074491119384766 0.4822074162960052 0.617414682507515 0.4736318588256836 0.617414682507515
0 0.6037613296508789 0.28754682540893556 0.610934379696846 0.28754682540893556 0.610934379696846 0.2986536431312561 0.6037613296508789 0.2986536431312561
0 0.4633415985107422 0.37626731872558594 0.4707727468013764 0.37626731872558594 0.4707727468013764 0.38663337349891663 0.4633415985107422 0.38663337349891663
0 0.44324359893798826 0.524573974609375 0.4494853901863098 0.524573974609375 0.4494853901863098 0.5328932958841325 0.44324359893798826 0.5328932958841325
0 0.5292919540405273 0.5266369247436523 0.5371931678056717 0.5266369247436523 0.5371931678056717 0.5374209356307983 0.5292919540405273 0.5374209356307983
0 0.8285102081298829 0.0 0.8370253223180771 0.0 0.8370253223180771 0.00975241482257843 0.8285102081298829 0.00975241482257843
0 0.5132540893554688 0.6945793914794921 0.5205042022466659 0.6945793914794921 0.5205042022466659 0.7046242606639862 0.5132540893554688 0.7046242606639862
0 0.5382358932495117 0.8483177185058592 0.5464613270759582 0.8483177185058592 0.5464613270759582 0.8590606176853179 0.5382358932495117 0.8590606176853179
0 0.5641400909423828 0.7656997680664064 0.572107544541359 0.7656997680664064 0.572107544541359 0.7751284348964692 0.5641400909423828 0.7751284348964692
0 0.5144101715087891 0.6102349472045898 0.5225781184434891 0.6102349472045898 0.5225781184434891 0.6205754256248474 0.5144101715087891 0.6205754256248474
0 0.47992404937744143 0.8521710205078125 0.4873196238279343 0.8521710205078125 0.4873196238279343 0.8624031054973602 0.47992404937744143 0.8624031054973602
0 0.5627174377441406 0.2864233589172363 0.5707250493764877 0.2864233589172363 0.5707250493764877 0.2968289244174957 0.5627174377441406 0.2968289244174957
0 0.612636833190918 0.3675781631469726 0.6207716602087021 0.3675781631469726 0.6207716602087021 0.37718119919300075 0.612636833190918 0.37718119919300075
0 0.46210330963134766 0.8494293212890625 0.4691701400279999 0.8494293212890625 0.4691701400279999 0.8588451009988786 0.46210330963134766 0.8588451009988786
0 0.5803214694918365 0.2826638845479588 0.589938930742269 0.2826638845479588 0.589938930742269 0.29552038715216405 0.5803214694918365 0.29552038715216405
0 0.46903370359397345 0.45224727604152326 0.48048306222544085 0.45224727604152326 0.48048306222544085 0.4638793498262803 0.46903370359397345 0.4638793498262803
0 0.5084194972862213 0.7650888394105173 0.5198688559176887 0.7650888394105173 0.5198688559176887 0.7785575564244466 0.5084194972862213 0.7785575564244466
