0 0.19727546691894532 0.21683704376220703 0.20503361463546754 0.21683704376220703 0.20503361463546754 0.22615494608879086 0.19727546691894532 0.22615494608879086
0 0.7889569091796875 0.3136505699157715 0.7969109374284744 0.3136505699157715 0.7969109374284744 0.32249339401721955 0.7889569091796875 0.32249339401721955
0 0.5615841293334961 0.6855828857421875 0.5695709228515625 0.6855828857421875 0.5695709228515625 0.6967157936096191 0.5615841293334961 0.6967157936096191
0 0.21050289154052734 0.824083251953125 0.21641913235187532 0.824083251953125 0.21641913235187532 0.8325049966573714 0.21050289154052734 0.8325049966573714
0 0.5248810958862304 0.8336868286132812 0.5324554288387299 0.8336868286132812 0.5324554288387299 0.8435045546293258 0.5248810958862304 0.8435045546293258
0 0.4780132293701172 0.5193896865844727 0.4863807237148285 0.5193896865844727 0.4863807237148285 0.5296022832393648 0.4780132293701172 0.5296022832393648
0 0.8196131134033203 0.3140598487854004 0.8275570285320282 0.3140598487854004 0.8275570285320282 0.32361560642719267 0.8196131134033203 0.32361560642719267
0 0.5543722152709961 0.8329829406738282 0.5620908558368684 0.8329829406738282 0.5620908558368684 0.8432375586032868 0.5543722152709961 0.8432375586032868
0 0.48463134765625 0.1469310474395752 0.49183852314949034 0.1469310474395752 0.49183852314949034 0.15600830733776092 0.48463134765625 0.15600830733776092
0 0.7731564331054688 0.21581874847412108 0.7807957637310028 0.21581874847412108 0.7807957637310028 0.22495749831199643 0.7731564331054688 0.22495749831199643
0 0.18714710235595702 0.8223846435546875 0.19338342249393464 0.8223846435546875 0.19338342249393464 0.8306718260049821 0.18714710235595702 0.8306718260049821
0 0.5799632263183594 0.20867284774780273 0.5883819967508316 0.20867284774780273 0.5883819967508316 0.21920481204986572 0.5799632263183594 0.21920481204986572
0 0.8306374359130859 0.5303770828247071 0.8378601068258286 0.5303770828247071 0.8378601068258286 0.5395183229446411 0.8306374359130859 0.5395183229446411
0 0.7651103210449218 0.31483715057373046 0.7731459659337997 0.31483715057373046 0.7731459659337997 0.32438195824623106 0.7651103210449218 0.32438195824623106
0 0.1708090400695801 0.2180804443359375 0.17710686862468722 0.2180804443359375 0.17710686862468722 0.22635381102561952 0.1708090400695801 0.22635381102561952
0 0.5618485260009766 0.6333509826660156 0.5700930035114288 0.6333509826660156 0.5700930035114288 0.6424898904561996 0.5618485260009766 0.6424898904561996
0 0.2556608772277832 0.31206985473632814 0.2632446134090423 0.31206985473632814 0.2632446134090423 0.32141866981983186 0.2556608772277832 0.32141866981983186
0 0.5262353134155273 0.6359358978271484 0.5345394068956375 0.6359358978271484 0.5345394068956375 0.6464581763744354 0.5262353134155273 0.6464581763744354
0 0.7993482208251953 0.7835552215576171 0.8069467431306839 0.7835552215576171 0.8069467431306839 0.793068009018898 0.7993482208251953 0.793068009018898
0 0.8105437469482422 0.6266751480102539 0.8178913271427154 0.6266751480102539 0.8178913271427154 0.6360743641853333 0.8105437469482422 0.6360743641853333
0 0.6005540084838867 0.6867742156982422 0.6077668619155884 0.6867742156982422 0.6077668619155884 0.6954123502969742 0.6005540084838867 0.6954123502969742
0 0.27997934341430664 0.3666660690307617 0.2876868063211441 0.3666660690307617 0.2876868063211441 0.3754884159564971 0.27997934341430664 0.3754884159564971
0 0.5525695419311524 0.2078295135498047 0.5600509023666381 0.2078295135498047 0.5600509023666381 0.2174253350496292 0.5525695419311524 0.2174253350496292
0 0.5840346145629883 0.7832978820800781 0.592221664786339 0.7832978820800781 0.592221664786339 0.792612384557724 0.5840346145629883 0.792612384557724
0 0.16468114852905275 0.8219281768798828 0.17124576926231386 0.8219281768798828 0.17124576926231386 0.8304480361938477 0.16468114852905275 0.8304480361938477
0 0.25142478942871094 0.5236916732788086 0.259820317029953 0.5236916732788086 0.259820317029953 0.5336920702457428 0.25142478942871094 0.5336920702457428
0 0.567889404296875 0.37644439697265625 0.5762209397554398 0.37644439697265625 0.5762209397554398 0.3860894936323166 0.567889404296875 0.3860894936323166
0 0.7952161407470704 0.5341626358032227 0.8025212562084199 0.5341626358032227 0.8025212562084199 0.5438425189256668 0.7952161407470704 0.5438425189256668
0 0.5932601547241211 0.5226546478271484 0.6014941638708114 0.5226546478271484 0.6014941638708114 0.5320449304580689 0.5932601547241211 0.5320449304580689
0 0.27426565170288086 0.5134669876098633 0.2818143463134766 0.5134669876098633 0.2818143463134766 0.5237476170063019 0.27426565170288086 0.5237476170063019
0 0.5838408279418945 0.3196424674987793 0.5911780577898026 0.3196424674987793 0.5911780577898026 0.33017751455307004 0.5838408279418945 0.33017751455307004
0 0.7712802886962891 0.7814647674560546 0.7782230377197266 0.7814647674560546 0.7782230377197266 0.7908636283874512 0.7712802886962891 0.7908636283874512
0 0.8133918762207031 0.6809925842285156 0.82179112970829 0.6809925842285156 0.82179112970829 0.6901037412881851 0.8133918762207031 0.6901037412881851
0 0.494371337890625 0.3820359420776367 0.5023300677537919 0.3820359420776367 0.5023300677537919 0.3917703777551651 0.494371337890625 0.3917703777551651
0 0.5263146209716797 0.7836503601074218 0.5342443418502807 0.7836503601074218 0.5342443418502807 0.7930030488967895 0.5263146209716797 0.7930030488967895
0 0.4972904968261718 0.7809087371826172 0.5050635486841202 0.7809087371826172 0.5050635486841202 0.7906547552347183 0.4972904968261718 0.7906547552347183
0 0.2267774200439453 0.15131513595581056 0.23524017810821532 0.15131513595581056 0.23524017810821532 0.16140937805175784 0.2267774200439453 0.16140937805175784
0 0.552866096496582 0.5281880569458007 0.5606645202636719 0.5281880569458007 0.5606645202636719 0.53814493060112 0.552866096496582 0.53814493060112
0 0.7732551574707032 0.5144849014282227 0.7809837341308594 0.5144849014282227 0.7809837341308594 0.5239534151554108 0.7732551574707032 0.5239534151554108
0 0.4972443008422852 0.8336733245849609 0.5048576086759567 0.8336733245849609 0.5048576086759567 0.8432156020402909 0.4972443008422852 0.8432156020402909
0 0.45993614196777344 0.792622299194336 0.4669908183813095 0.792622299194336 0.4669908183813095 0.8014652025699616 0.45993614196777344 0.8014652025699616
0 0.2233422088623047 0.21329824447631837 0.2306731551885605 0.21329824447631837 0.2306731551885605 0.222698370218277 0.2233422088623047 0.222698370218277
0 0.770755386352539 0.6804127502441406 0.7784372401237487 0.6804127502441406 0.7784372401237487 0.6902828937768936 0.770755386352539 0.6902828937768936
0 0.5361684417724609 0.46316967010498045 0.5436104136705399 0.46316967010498045 0.5436104136705399 0.4724010002613067 0.5361684417724609 0.4724010002613067
0 0.8266011047363281 0.47300659179687504 0.8345517617464064 0.47300659179687504 0.8345517617464064 0.4825487506389618 0.8266011047363281 0.4825487506389618
0 0.20865205764770509 0.3661382675170898 0.21629879593849183 0.3661382675170898 0.21629879593849183 0.37546751499176023 0.20865205764770509 0.37546751499176023
0 0.5628741073608399 0.1476506233215332 0.5707864993810654 0.1476506233215332 0.5707864993810654 0.1571989291906357 0.5628741073608399 0.1571989291906357
0 0.26083839416503907 0.15147821426391603 0.26947362661361696 0.15147821426391603 0.26947362661361696 0.16244364023208618 0.26083839416503907 0.16244364023208618
0 0.5211490631103516 0.21250394821166993 0.5284959334135055 0.21250394821166993 0.5284959334135055 0.22223747432231902 0.5211490631103516 0.22223747432231902
0 0.24795377731323243 0.774759521484375 0.25538693666458134 0.774759521484375 0.25538693666458134 0.7842149901390075 0.24795377731323243 0.7842149901390075
0 0.4745631790161133 0.45878810882568366 0.48144323706626896 0.45878810882568366 0.48144323706626896 0.46764148771762853 0.4745631790161133 0.46764148771762853
0 0.27458782196044923 0.45940925598144533 0.28244275689125065 0.45940925598144533 0.28244275689125065 0.4703968095779419 0.27458782196044923 0.4703968095779419
0 0.867054443359375 0.2267617416381836 0.8751495856046676 0.2267617416381836 0.8751495856046676 0.2356010276079178 0.867054443359375 0.2356010276079178
0 0.5939566040039063 0.6323390579223633 0.6025418019294739 0.6323390579223633 0.6025418019294739 0.6418985706567765 0.5939566040039063 0.6418985706567765
0 0.5521166610717774 0.785991439819336 0.5599770665168763 0.785991439819336 0.5599770665168763 0.7950098586082459 0.5521166610717774 0.7950098586082459
0 0.8469813537597656 0.17015003204345702 0.853933624625206 0.17015003204345702 0.853933624625206 0.17948852956295014 0.8469813537597656 0.17948852956295014
0 0.8158456420898438 0.16966251373291016 0.8228908854722976 0.16966251373291016 0.8228908854722976 0.17978713512420652 0.8158456420898438 0.17978713512420652
0 0.47077384948730466 0.3783672332763671 0.47867491543292995 0.3783672332763671 0.47867491543292995 0.38774826586246486 0.47077384948730466 0.38774826586246486
0 0.44349380493164064 0.4590364837646484 0.4506421929597855 0.4590364837646484 0.4506421929597855 0.4682618451118469 0.44349380493164064 0.4682618451118469
0 0.5363846969604492 0.14940882682800294 0.5430555081367493 0.14940882682800294 0.5430555081367493 0.15811317563056948 0.5363846969604492 0.15811317563056948
0 0.5050522994995117 0.4669534301757812 0.5123371887207031 0.4669534301757812 0.5123371887207031 0.4762836265563965 0.5050522994995117 0.4762836265563965
0 0.5500656509399414 0.3190056800842285 0.556787029504776 0.3190056800842285 0.556787029504776 0.32796590983867646 0.5500656509399414 0.32796590983867646
0 0.466492805480957 0.1456159210205078 0.4734442186355591 0.1456159210205078 0.4734442186355591 0.15561741471290585 0.466492805480957 0.15561741471290585
0 0.4904525375366211 0.6324319076538086 0.4987705886363983 0.6324319076538086 0.4987705886363983 0.6419235461950302 0.4904525375366211 0.6419235461950302
0 0.5732772064208984 0.4601578140258789 0.5811440587043761 0.4601578140258789 0.5811440587043761 0.4699293684959412 0.5732772064208984 0.4699293684959412
0 0.19897584915161132 0.15191828727722168 0.2078208750486374 0.15191828727722168 0.2078208750486374 0.16255159854888918 0.19897584915161132 0.16255159854888918
0 0.8515031433105469 0.30917633056640625 0.8594105672836304 0.30917633056640625 0.8594105672836304 0.3184254294633866 0.8515031433105469 0.3184254294633866
0 0.4450303268432617 0.2119572830200195 0.45346128106117245 0.2119572830200195 0.45346128106117245 0.22128925800323487 0.4450303268432617 0.22128925800323487
0 0.7983636474609375 0.8277350616455078 0.8057348251342772 0.8277350616455078 0.8057348251342772 0.837556899189949 0.7983636474609375 0.837556899189949
0 0.8148583984375 0.8151446533203125 0.8219575798511505 0.8151446533203125 0.8219575798511505 0.8235547763109207 0.8148583984375 0.8235547763109207
0 0.20774593353271484 0.7751972198486328 0.2136279010772705 0.7751972198486328 0.2136279010772705 0.7832423967123031 0.20774593353271484 0.7832423967123031
0 0.4416923522949219 0.38290275573730465 0.4479199784994125 0.38290275573730465 0.4479199784994125 0.39069805979728695 0.4416923522949219 0.39069805979728695
0 0.4577479934692383 0.3158752632141113 0.4644321119785309 0.3158752632141113 0.4644321119785309 0.32407484650611873 0.4577479934692383 0.32407484650611873
0 0.5207223892211914 0.68710693359375 0.527920989394188 0.68710693359375 0.527920989394188 0.6978447723388671 0.5207223892211914 0.6978447723388671
0 0.7786328887939453 0.625782470703125 0.7856519317626953 0.625782470703125 0.7856519317626953 0.6352290052175522 0.7786328887939453 0.6352290052175522
0 0.7659320068359375 0.8282527923583984 0.7740870016813279 0.8282527923583984 0.7740870016813279 0.8372367405891419 0.7659320068359375 0.8372367405891419
0 0.25780132293701175 0.21182846069335937 0.2652217370271683 0.21182846069335937 0.2652217370271683 0.2220764970779419 0.25780132293701175 0.2220764970779419
0 0.49423870086669924 0.31600786209106446 0.5016517519950867 0.31600786209106446 0.5016517519950867 0.32593376338481905 0.49423870086669924 0.32593376338481905
0 0.5160474395751953 0.524926528930664 0.5239503097534179 0.524926528930664 0.5239503097534179 0.5342771625518798 0.5160474395751953 0.5342771625518798
0 0.20773094177246093 0.5187506484985351 0.21530755162239074 0.5187506484985351 0.21530755162239074 0.5297017157077789 0.20773094177246093 0.5297017157077789
0 0.7991587829589843 0.4732375717163086 0.8075655478239059 0.4732375717163086 0.8075655478239059 0.4828420305252075 0.7991587829589843 0.4828420305252075
0 0.16286094665527343 0.36440334320068357 0.1693586331605911 0.36440334320068357 0.1693586331605911 0.37307148158550263 0.16286094665527343 0.37307148158550263
0 0.7968778991699219 0.17026636123657227 0.8048617351055146 0.17026636123657227 0.8048617351055146 0.1800237834453583 0.7968778991699219 0.1800237834453583
0 0.2089681625366211 0.4695588684082031 0.2159704828262329 0.4695588684082031 0.2159704828262329 0.47954531073570245 0.2089681625366211 0.47954531073570245
0 0.7597087097167968 0.3598368835449219 0.7666640561819076 0.3598368835449219 0.7666640561819076 0.3700528013706208 0.7597087097167968 0.3700528013706208
0 0.8339339447021484 0.6796829986572265 0.8407902866601944 0.6796829986572265 0.8407902866601944 0.688755890727043 0.8339339447021484 0.688755890727043
0 0.8922750854492187 0.48098365783691405 0.8999459981918334 0.48098365783691405 0.8999459981918334 0.49060566842556 0.8922750854492187 0.49060566842556
0 0.7647570037841797 0.5981076431274414 0.7725046837329864 0.5981076431274414 0.7725046837329864 0.6075696343183518 0.7647570037841797 0.6075696343183518
0 0.5220894622802734 0.316382999420166 0.5303106373548508 0.316382999420166 0.5303106373548508 0.3275307500362396 0.5220894622802734 0.3275307500362396
0 0.7686209869384766 0.16203874588012696 0.77601860165596 0.16203874588012696 0.77601860165596 0.17213695049285888 0.7686209869384766 0.17213695049285888
0 0.18278860092163085 0.7704863739013672 0.18910356581211088 0.7704863739013672 0.18910356581211088 0.7787251710891725 0.18278860092163085 0.7787251710891725
0 0.44174995422363283 0.5299527359008789 0.44923022091388704 0.5299527359008789 0.44923022091388704 0.5398760879039765 0.44174995422363283 0.5398760879039765
0 0.5106633377075195 0.14916364669799806 0.5186020481586455 0.14916364669799806 0.5186020481586455 0.15981649518013 0.5106633377075195 0.15981649518013
0 0.13339333534240722 0.5194878005981445 0.14074344396591185 0.5194878005981445 0.14074344396591185 0.5276095873117447 0.13339333534240722 0.5276095873117447
0 0.8393406677246094 0.3719989776611329 0.8470234680175781 0.3719989776611329 0.8470234680175781 0.3825591266155243 0.8393406677246094 0.3825591266155243
0 0.210660400390625 0.6654320526123046 0.21791607260704043 0.6654320526123046 0.21791607260704043 0.6735866498947144 0.210660400390625 0.6735866498947144
0 0.2587915992736816 0.6107845306396484 0.2665657746791839 0.6107845306396484 0.2665657746791839 0.6205759292840958 0.2587915992736816 0.6205759292840958
0 0.15742383956909178 0.5125511932373047 0.16519968569278715 0.5125511932373047 0.16519968569278715 0.5211292415857315 0.15742383956909178 0.5211292415857315
0 0.1867706298828125 0.6586839294433594 0.19300085842609407 0.6586839294433594 0.19300085842609407 0.6669467616081238 0.1867706298828125 0.6669467616081238
0 0.8386376953125 0.22248308181762697 0.8468511229753494 0.22248308181762697 0.8468511229753494 0.23230157911777496 0.8386376953125 0.23230157911777496
0 0.46965919494628905 0.21217435836791992 0.47649430453777314 0.21217435836791992 0.47649430453777314 0.22194002270698548 0.46965919494628905 0.22194002270698548
0 0.4979161071777343 0.21393064498901368 0.5047937399148941 0.21393064498901368 0.5047937399148941 0.22391534805297852 0.4979161071777343 0.22391534805297852
0 0.18025630950927735 0.31537744522094724 0.18785530447959903 0.31537744522094724 0.18785530447959903 0.3239749032258987 0.18025630950927735 0.3239749032258987
0 0.17033462524414061 0.15249042510986327 0.17683189749717712 0.15249042510986327 0.17683189749717712 0.16126346826553345 0.17033462524414061 0.16126346826553345
0 0.22268928527832033 0.3034571838378906 0.2310743594169617 0.3034571838378906 0.2310743594169617 0.3147132492065429 0.22268928527832033 0.3147132492065429
0 0.9123772430419922 0.532435188293457 0.9190296018123626 0.532435188293457 0.9190296018123626 0.5412648487091065 0.9123772430419922 0.5412648487091065
0 0.14779803276062012 0.3680636978149414 0.15378456413745878 0.3680636978149414 0.15378456413745878 0.3761796343326569 0.14779803276062012 0.3761796343326569
0 0.862022933959961 0.47884109497070315 0.8704171603918076 0.47884109497070315 0.8704171603918076 0.48887600183486946 0.862022933959961 0.48887600183486946
0 0.8896127319335938 0.1805380630493164 0.8965512228012086 0.1805380630493164 0.8965512228012086 0.18934279918670655 0.8896127319335938 0.18934279918670655
0 0.5868080902099609 0.8306895446777344 0.5948998022079467 0.8306895446777344 0.5948998022079467 0.8400806576013564 0.5868080902099609 0.8400806576013564
0 0.8366781616210938 0.62987060546875 0.8443094485998154 0.62987060546875 0.8443094485998154 0.6384612244367599 0.8366781616210938 0.6384612244367599
0 0.7712142944335938 0.4749032211303711 0.7782750326395035 0.4749032211303711 0.7782750326395035 0.48482471525669096 0.7712142944335938 0.48482471525669096
0 0.8820634460449219 0.31869131088256836 0.8882729452848436 0.31869131088256836 0.8882729452848436 0.32640891790390014 0.8820634460449219 0.32640891790390014
0 0.1459108543395996 0.32068916320800783 0.1522386384010315 0.32068916320800783 0.1522386384010315 0.32978757202625275 0.1459108543395996 0.32978757202625275
0 0.7843186187744141 0.3680263137817383 0.792696403861046 0.3680263137817383 0.792696403861046 0.38047677397727964 0.7843186187744141 0.38047677397727964
0 0.5267139434814453 0.38058692932128907 0.5348986279964447 0.38058692932128907 0.5348986279964447 0.3916425144672394 0.5267139434814453 0.3916425144672394
0 0.465119743347168 0.8338263702392578 0.4731186902523041 0.8338263702392578 0.4731186902523041 0.8447866082191466 0.465119743347168 0.8447866082191466
0 0.9072001647949218 0.822172622680664 0.9141579359769819 0.822172622680664 0.9141579359769819 0.8299463826417922 0.9072001647949218 0.8299463826417922
0 0.9115676879882812 0.7746256256103515 0.9171285700798035 0.7746256256103515 0.9171285700798035 0.7828752541542053 0.9115676879882812 0.7828752541542053
0 0.211878662109375 0.6090392684936523 0.2189878976345062 0.6090392684936523 0.2189878976345062 0.6177374500036239 0.211878662109375 0.6177374500036239
0 0.8635748291015625 0.7805885314941408 0.8702582967281342 0.7805885314941408 0.8702582967281342 0.7893757754564287 0.8635748291015625 0.7893757754564287
0 0.23276269912719727 0.8179894256591796 0.24120480179786682 0.8179894256591796 0.24120480179786682 0.8289273679256439 0.23276269912719727 0.8289273679256439
0 0.1581205463409424 0.6073695373535156 0.16526162981987 0.6073695373535156 0.16526162981987 0.6163683092594147 0.1581205463409424 0.6163683092594147
0 0.1340615810666363 0.15138392676813098 0.1419720470301956 0.15138392676813098 0.1419720470301956 0.16418477351690677 0.1340615810666363 0.16418477351690677
0 0.13905766483309479 0.2153881605120099 0.14655179048278255 0.2153881605120099 0.14655179048278255 0.2287455658150803 0.13905766483309479 0.2287455658150803
0 0.12157137165049005 0.3161252588393323 0.12948183761404933 0.3161252588393323 0.12948183761404933 0.3266998713709297 0.12157137165049005 0.3266998713709297
0 0.11948967008113234 0.3717811142687923 0.13073085855566396 0.3717811142687923 0.13073085855566396 0.38179916824609506 0.11948967008113234 0.38179916824609506
0 0.13739230357760862 0.4580476901844551 0.14571910985503944 0.4580476901844551 0.14571910985503944 0.4714050954875255 0.13739230357760862 0.4714050954875255
0 0.18235705747573508 0.6133275268326482 0.19026752343929434 0.6133275268326482 0.19026752343929434 0.6277980492443079 0.18235705747573508 0.6277980492443079
0 0.15404591613247026 0.656739094067627 0.1623727224099011 0.656739094067627 0.1623727224099011 0.6684268237078137 0.15404591613247026 0.6684268237078137
0 0.23148521451257692 0.6060922656268185 0.23814665953452158 0.6060922656268185 0.23814665953452158 0.6211193465927727 0.23148521451257692 0.6211193465927727
0 0.14113936640245248 0.766381129263663 0.1494661726798833 0.766381129263663 0.1494661726798833 0.7786254174581441 0.14113936640245248 0.7786254174581441
0 0.16195638209602956 0.7608155437207169 0.16820148680410266 0.7608155437207169 0.16820148680410266 0.7736163904694927 0.16195638209602956 0.7736163904694927
0 0.14113936640245248 0.8170279577044716 0.14738447111052558 0.8170279577044716 0.14738447111052558 0.8303853630075421 0.14113936640245248 0.8303853630075421
0 0.4500638792951361 0.6294677249071916 0.4579743452586954 0.6294677249071916 0.4579743452586954 0.6456079229817349 0.4500638792951361 0.6456079229817349
0 0.45089655992287914 0.6828973461194733 0.45880702588643846 0.6828973461194733 0.45880702588643846 0.6956981928682489 0.45089655992287914 0.6956981928682489
0 0.8363782566484842 0.7802950931210281 0.8442887226120435 0.7802950931210281 0.8442887226120435 0.7880869128811525 0.8363782566484842 0.7880869128811525
0 0.8588606335975474 0.824819777464596 0.8667710995611067 0.824819777464596 0.8667710995611067 0.8353943899961932 0.8588606335975474 0.8353943899961932
0 0.8638567173640059 0.6300242834614863 0.8730162042691797 0.6300242834614863 0.8730162042691797 0.6433816887645567 0.8638567173640059 0.6433816887645567
0 0.8659384189333637 0.6795579947937057 0.8730162042691799 0.6795579947937057 0.8730162042691799 0.6890194902167139 0.8659384189333637 0.6890194902167139
0 0.8959149215321145 0.6773317605765272 0.9021600262401878 0.6773317605765272 0.9021600262401878 0.6895760487710083 0.8959149215321145 0.6895760487710083
0 0.9071561100066462 0.6205627880384781 0.9125685340869762 0.6205627880384781 0.9125685340869762 0.6344767518958431 0.9071561100066462 0.6344767518958431
0 0.8671874398749783 0.5320699779056368 0.8738488848969228 0.5320699779056368 0.8738488848969228 0.5459839417630018 0.8671874398749783 0.5459839417630018
0 0.8721835236414368 0.36844176294302466 0.8805103299188676 0.36844176294302466 0.8805103299188676 0.3801294925832113 0.8721835236414368 0.3801294925832113
0 0.8975802827876008 0.36565897017155163 0.9063234293789032 0.36565897017155163 0.9063234293789032 0.37679014125744353 0.8975802827876008 0.37679014125744353
0 0.8880044555685553 0.2215103046092505 0.896331261845986 0.2215103046092505 0.896331261845986 0.23542426846661546 0.8880044555685553 0.23542426846661546
