0 0.49251747131347656 0.6336548233032226 0.5001145446300507 0.6336548233032226 0.5001145446300507 0.6432529181241988 0.49251747131347656 0.6432529181241988
0 0.46705841064453124 0.6347579193115235 0.47452995359897615 0.6347579193115235 0.47452995359897615 0.6444682013988495 0.46705841064453124 0.6444682013988495
0 0.4700685119628906 0.5308451080322265 0.47755460381507875 0.5308451080322265 0.47755460381507875 0.5398609179258346 0.4700685119628906 0.5398609179258346
0 0.5156933212280274 0.633216781616211 0.5231985163688659 0.633216781616211 0.5231985163688659 0.6430875581502915 0.5156933212280274 0.6430875581502915
0 0.5169466400146484 0.31258090972900393 0.5242700308561326 0.31258090972900393 0.5242700308561326 0.3218576407432556 0.5169466400146484 0.3218576407432556
0 0.5395803451538086 0.2279062271118164 0.5472614896297455 0.2279062271118164 0.5472614896297455 0.2375370329618454 0.5395803451538086 0.2375370329618454
0 0.49377132415771485 0.1629245948791504 0.5012863075733184 0.1629245948791504 0.5012863075733184 0.17308271884918214 0.49377132415771485 0.17308271884918214
0 0.49077415466308594 0.3141162300109863 0.49797287285327907 0.3141162300109863 0.49797287285327907 0.32259899020195004 0.49077415466308594 0.32259899020195004
0 0.4927490615844727 0.5343619918823242 0.49950101673603065 0.5343619918823242 0.49950101673603065 0.5437072885036469 0.4927490615844727 0.5437072885036469
0 0.5164020156860352 0.35199943542480466 0.523189042210579 0.35199943542480466 0.523189042210579 0.36094322025775905 0.5164020156860352 0.36094322025775905
0 0.4765544128417969 0.3570827102661133 0.4834442293643952 0.3570827102661133 0.4834442293643952 0.3653259348869324 0.4765544128417969 0.3653259348869324
0 0.5451712799072266 0.31032182693481447 0.5525870513916016 0.31032182693481447 0.5525870513916016 0.3206053221225739 0.5451712799072266 0.3206053221225739
0 0.4511922073364258 0.21856002807617186 0.45801634609699254 0.21856002807617186 0.45801634609699254 0.22738178253173827 0.4511922073364258 0.22738178253173827
0 0.4678252410888672 0.3094684600830078 0.47516983449459077 0.3094684600830078 0.47516983449459077 0.3184486925601959 0.4678252410888672 0.3184486925601959
0 0.5263273620605469 0.4711837005615234 0.5326478129625319 0.4711837005615234 0.5326478129625319 0.4795203357934952 0.5263273620605469 0.4795203357934952
0 0.44705440521240236 0.3124058151245117 0.4547963184118271 0.3124058151245117 0.4547963184118271 0.32116121709346773 0.44705440521240236 0.32116121709346773
0 0.4452273941040039 0.6331465911865234 0.452930805683136 0.6331465911865234 0.452930805683136 0.6421375364065169 0.4452273941040039 0.6421375364065169
0 0.4980259323120117 0.3557792282104492 0.5049350881576538 0.3557792282104492 0.5049350881576538 0.3644248741865158 0.4980259323120117 0.3644248741865158
0 0.5084695053100586 0.22470191955566407 0.5159782487154008 0.22470191955566407 0.5159782487154008 0.2346598607301712 0.5084695053100586 0.2346598607301712
0 0.45217620849609375 0.357841796875 0.45888759195804596 0.357841796875 0.45888759195804596 0.3664874029159546 0.45217620849609375 0.3664874029159546
0 0.5030461502075195 0.4702779388427734 0.5106953573226929 0.4702779388427734 0.5106953573226929 0.4800706815719604 0.5030461502075195 0.4800706815719604
0 0.5457505035400391 0.46570079803466796 0.5533746343851089 0.46570079803466796 0.5533746343851089 0.47467375636100767 0.5457505035400391 0.47467375636100767
0 0.51862060546875 0.5281888580322266 0.5259373128414154 0.5281888580322266 0.5259373128414154 0.5384162390232087 0.51862060546875 0.5384162390232087
0 0.5444776535034179 0.5272693634033203 0.5526197552680969 0.5272693634033203 0.5526197552680969 0.5373692584037781 0.5444776535034179 0.5373692584037781
0 0.4546947479248047 0.4725726699829102 0.46293328166007996 0.4725726699829102 0.46293328166007996 0.4809835439920426 0.4546947479248047 0.4809835439920426
0 0.5406422424316406 0.3477131652832031 0.5477719414234161 0.3477131652832031 0.5477719414234161 0.35634252429008484 0.5406422424316406 0.35634252429008484
0 0.4486651611328125 0.5303181838989258 0.45622648239135744 0.5303181838989258 0.45622648239135744 0.5403083026409149 0.4486651611328125 0.5403083026409149
0 0.4485784149169922 0.16497211456298827 0.4563532412052155 0.16497211456298827 0.4563532412052155 0.17475618064403534 0.4485784149169922 0.17475618064403534
0 0.49039329528808595 0.2212644958496094 0.4968395125865936 0.2212644958496094 0.4968395125865936 0.23080685257911684 0.49039329528808595 0.23080685257911684
0 0.470876579284668 0.16174314498901368 0.4783798223733902 0.16174314498901368 0.4783798223733902 0.17171291530132296 0.470876579284668 0.17171291530132296
0 0.5445461273193359 0.629654655456543 0.5518159937858582 0.629654655456543 0.5518159937858582 0.6397341918945313 0.5445461273193359 0.6397341918945313
0 0.4797123718261719 0.47242622375488275 0.4880387026071549 0.47242622375488275 0.4880387026071549 0.4819962513446807 0.4797123718261719 0.4819962513446807
0 0.4721067810058594 0.2176042938232422 0.4794915616512299 0.2176042938232422 0.4794915616512299 0.2257402127981186 0.4721067810058594 0.2257402127981186
0 0.6416207885742188 0.591753044128418 0.652680867910385 0.591753044128418 0.652680867910385 0.6047994673252107 0.6416207885742188 0.6047994673252107
0 0.5420919799804688 0.1594836902618408 0.5506941521167755 0.1594836902618408 0.5506941521167755 0.1701011097431183 0.5420919799804688 0.1701011097431183
