0 0.14345869343811793 0.017655429770615724 0.14986814579841495 0.017655429770615724 0.14986814579841495 0.028819892713799197 0.14345869343811793 0.028819892713799197
0 0.16482353463910812 0.019732539155394045 0.17162143865760499 0.019732539155394045 0.17162143865760499 0.028300615367604618 0.16482353463910812 0.028300615367604618
0 0.19415163483319464 0.023107841905658816 0.20017263553529185 0.023107841905658816 0.20017263553529185 0.03193555679096667 0.19415163483319464 0.03193555679096667
0 0.2164876051796844 0.018434345789907592 0.22445086417278073 0.018434345789907592 0.22445086417278073 0.025444589963534422 0.2164876051796844 0.025444589963534422
0 0.24834064115206977 0.019213261809199463 0.2555269968287665 0.019213261809199463 0.2555269968287665 0.026742783329020876 0.24834064115206977 0.026742783329020876
0 0.14559517755821694 0.0729584671403385 0.15161617826031415 0.0729584671403385 0.15161617826031415 0.08178618202564636 0.14559517755821694 0.08178618202564636
0 0.1700676320248057 0.07347774448653309 0.17647708438510276 0.07347774448653309 0.17647708438510276 0.08230545937184094 0.1700676320248057 0.08230545937184094
0 0.19240360237129545 0.07425666050582495 0.19842460307339277 0.07425666050582495 0.19842460307339277 0.0838632914104247 0.19240360237129545 0.0838632914104247
0 0.21707028266698417 0.07477593785201954 0.22445086417278076 0.07477593785201954 0.22445086417278076 0.0812669046794518 0.21707028266698417 0.0812669046794518
0 0.24639838286107063 0.06958316439007374 0.2518367060758681 0.06958316439007374 0.2518367060758681 0.07944943396777075 0.24639838286107063 0.07944943396777075
0 0.13996262851431954 0.16097597732031985 0.14578940338731686 0.16097597732031985 0.14578940338731686 0.170063330878725 0.13996262851431954 0.170063330878725
0 0.17084453534120533 0.1614952546665144 0.17647708438510276 0.1614952546665144 0.17647708438510276 0.17162116291730875 0.17084453534120533 0.17162116291730875
0 0.19395740900409475 0.1596777839548334 0.20133799050989137 0.1596777839548334 0.20133799050989137 0.1703229695518223 0.19395740900409475 0.1703229695518223
0 0.22153747673628207 0.1669476668015575 0.2275584774383793 0.1669476668015575 0.2275584774383793 0.17759285239854636 0.22153747673628207 0.17759285239854636
0 0.24795218949386993 0.16383200272439002 0.2535847385377673 0.16383200272439002 0.2535847385377673 0.17525610434067077 0.24795218949386993 0.17525610434067077
0 0.14093375765981908 0.2188754014210155 0.14812011333651579 0.2188754014210155 0.14812011333651579 0.22614528426773967 0.14093375765981908 0.22614528426773967
0 0.16540621212640785 0.21653865336313993 0.17239834197400458 0.21653865336313993 0.17239834197400458 0.22666456161393425 0.16540621212640785 0.22666456161393425
0 0.20347447462999035 0.22510672957535047 0.21085505613578698 0.22510672957535047 0.21085505613578698 0.2349729991530475 0.20347447462999035 0.2349729991530475
0 0.2331910264822767 0.2188754014210155 0.23901780135527403 0.2188754014210155 0.23901780135527403 0.2287416709987125 0.2331910264822767 0.2287416709987125
0 0.263101804163663 0.22354889753676668 0.26815167572026066 0.22354889753676668 0.26815167572026066 0.23471336047995026 0.263101804163663 0.23471336047995026
0 0.13802037022332042 0.32117303862134783 0.14423559675451755 0.32117303862134783 0.14423559675451755 0.3297411148335584 0.13802037022332042 0.3297411148335584
0 0.16152169554440962 0.3219519546406397 0.16773692207560673 0.3219519546406397 0.16773692207560673 0.33026039217975295 0.16152169554440962 0.33026039217975295
0 0.18346921423269955 0.31883629056347224 0.1918209248839957 0.31883629056347224 0.1918209248839957 0.3271447281025855 0.18346921423269955 0.3271447281025855
0 0.21881831512888353 0.3255868960640018 0.22639312246378007 0.3255868960640018 0.22639312246378007 0.33545316564169914 0.21881831512888353 0.33545316564169914
0 0.2531962868795675 0.32299050933303003 0.25979996506896524 0.32299050933303003 0.25979996506896524 0.3354531656416999 0.2531962868795675 0.3354531656416999
0 0.13918572519791989 0.36790799977886013 0.14423559675451755 0.36790799977886013 0.14423559675451755 0.3780339080296545 0.13918572519791989 0.3780339080296545
0 0.16152169554440962 0.3718025798753194 0.16812537373380654 0.3718025798753194 0.16812537373380654 0.38244776547230824 0.16152169554440962 0.38244776547230824
0 0.18444034337819906 0.372321857221514 0.1931805056876951 0.372321857221514 0.1931805056876951 0.38140921077991913 0.18444034337819906 0.38140921077991913
0 0.20910702367388775 0.3676483611057627 0.21493379854688505 0.3676483611057627 0.21493379854688505 0.3780339080296544 0.20910702367388775 0.3780339080296544
0 0.23027763904577803 0.3718025798753194 0.236881317235175 0.3718025798753194 0.236881317235175 0.38166884945301643 0.23027763904577803 0.38166884945301643
0 0.13023964466441215 0.47139320962432185 0.13734879557404167 0.47139320962432185 0.13734879557404167 0.4812767711376471 0.13023964466441215 0.4812767711376471
0 0.15071399928414508 0.47139320962432185 0.1598137124484708 0.47139320962432185 0.1598137124484708 0.48165690811892875 0.15071399928414508 0.48165690811892875
0 0.1737476482313446 0.47101307264304004 0.18028806706820372 0.47101307264304004 0.18028806706820372 0.48051649717508366 0.1737476482313446 0.48051649717508366
0 0.19479073492384788 0.47101307264304004 0.20303734997901807 0.47101307264304004 0.20303734997901807 0.4835575930253375 0.19479073492384788 0.4835575930253375
0 0.21981494612574365 0.47329389453073056 0.2306208555083805 0.47329389453073056 0.2306208555083805 0.484317866987901 0.21981494612574365 0.484317866987901
0 0.1325145729554936 0.524232250022484 0.14047682197427863 0.524232250022484 0.14047682197427863 0.5341158115358093 0.1325145729554936 0.5341158115358093
0 0.15640132001184867 0.5310747156855553 0.16407920299424852 0.5310747156855553 0.16407920299424852 0.5405781402175989 0.15640132001184867 0.5405781402175989
0 0.1797193349954334 0.525752797947611 0.18569102175952215 0.525752797947611 0.18569102175952215 0.5363966334234997 0.1797193349954334 0.5363966334234997
0 0.2001936896151663 0.5253726609663292 0.2081559386339513 0.5253726609663292 0.2081559386339513 0.5356363594609362 0.2001936896151663 0.5356363594609362
0 0.22692409703537322 0.5280336198353013 0.23545507812692856 0.5280336198353013 0.23545507812692856 0.5382973183299083 0.22692409703537322 0.5382973183299083
0 0.13023964466441215 0.6200267693054831 0.1384862597195824 0.6200267693054831 0.1384862597195824 0.6295301938375266 0.13023964466441215 0.6295301938375266
0 0.15384202568438204 0.6181260843990743 0.160098078484856 0.6181260843990743 0.160098078484856 0.6280096459123996 0.15384202568438204 0.6280096459123996
0 0.17175708597664832 0.6185062213803562 0.18142553121374447 0.6185062213803562 0.18142553121374447 0.6299103308188082 0.17175708597664832 0.6299103308188082
0 0.20616537637925508 0.6245884130808639 0.21384325936165488 0.6245884130808639 0.21384325936165488 0.6333315636503439 0.20616537637925508 0.6333315636503439
0 0.23801437245439516 0.6245884130808639 0.2442704252548691 0.6245884130808639 0.2442704252548691 0.6340918376129074 0.23801437245439516 0.6340918376129074
0 0.13450513521018984 0.6755267685726176 0.1421830181925897 0.6755267685726176 0.1421830181925897 0.6842699191420977 0.13450513521018984 0.6842699191420977
0 0.15242019550245614 0.6584206044149391 0.15810751623015973 0.6584206044149391 0.15810751623015973 0.6679240289469829 0.15242019550245614 0.6679240289469829
0 0.18170989725012962 0.6694445768721097 0.18967214626891465 0.6694445768721097 0.18967214626891465 0.6785678644228714 0.18170989725012962 0.6785678644228714
0 0.2109995989978031 0.6713452617785184 0.2166869197255067 0.6713452617785184 0.2166869197255067 0.6838897821608156 0.2109995989978031 0.6838897821608156
0 0.23261141776307676 0.6709651247972366 0.24000493470909143 0.6709651247972366 0.24000493470909143 0.6797082753667166 0.23261141776307676 0.6797082753667166
0 0.1325145729554936 0.7717014248368984 0.137917527646812 0.7717014248368984 0.137917527646812 0.7834856712566323 0.1325145729554936 0.7834856712566323
0 0.14787033892029328 0.7800644384250967 0.1544107577571524 0.7800644384250967 0.1544107577571524 0.7895678629571403 0.14787033892029328 0.7895678629571403
0 0.17061962183110765 0.7777836165374061 0.17630694255881127 0.7777836165374061 0.17630694255881127 0.7891877259758585 0.17061962183110765 0.7891877259758585
0 0.19678129717854415 0.7766432055935611 0.20588101034286985 0.7766432055935611 0.20588101034286985 0.7850062191817593 0.19678129717854415 0.7850062191817593
0 0.22066804423489925 0.7789240274812514 0.22607099892621763 0.7789240274812514 0.22607099892621763 0.7903281369197037 0.22066804423489925 0.7903281369197037
0 0.13422076917380468 0.8249206022163423 0.14132992008343415 0.8249206022163423 0.14132992008343415 0.832903478823259 0.13422076917380468 0.832903478823259
0 0.15441075775715232 0.8268212871227507 0.1600980784848559 0.8268212871227507 0.1600980784848559 0.8382253965612031 0.15441075775715232 0.8382253965612031
0 0.17602257652242603 0.8332836158045407 0.1814255312137445 0.8332836158045407 0.1814255312137445 0.8401260814676119 0.17602257652242603 0.8401260814676119
0 0.1930845387055368 0.8351843007109493 0.201331153760707 0.8351843007109493 0.201331153760707 0.8424069033553024 0.1930845387055368 0.8424069033553024
0 0.20588101034286985 0.8386055335424849 0.21412762539804012 0.8386055335424849 0.21412762539804012 0.8469685471306833 0.20588101034286985 0.8469685471306833
0 0.24597662147318014 0.8370849856173579 0.2528014063464245 0.8370849856173579 0.2528014063464245 0.847348684111965 0.24597662147318014 0.847348684111965
