0 0.164636287689209 0.21712554931640626 0.17230567753314974 0.21712554931640626 0.17230567753314974 0.22700531899929047 0.164636287689209 0.22700531899929047
0 0.1567855644226074 0.5312644195556641 0.16377054154872892 0.5312644195556641 0.16377054154872892 0.5407209950685501 0.1567855644226074 0.5407209950685501
0 0.14063146591186523 0.2177772903442383 0.14811757266521455 0.2177772903442383 0.14811757266521455 0.2264968580007553 0.14063146591186523 0.2264968580007553
0 0.22088731765747072 0.16692354202270507 0.2280685442686081 0.16692354202270507 0.2280685442686081 0.17696020841598512 0.22088731765747072 0.17696020841598512
0 0.1649289321899414 0.020014305114746094 0.17200311064720153 0.020014305114746094 0.17200311064720153 0.028628813624382018 0.1649289321899414 0.028628813624382018
0 0.1338527774810791 0.8244879150390625 0.14076526045799254 0.8244879150390625 0.14076526045799254 0.8329220724105834 0.1338527774810791 0.8329220724105834
0 0.2173190689086914 0.0735217809677124 0.22471749663352963 0.0735217809677124 0.22471749663352963 0.08205224990844727 0.2173190689086914 0.08205224990844727
0 0.2195533561706543 0.7795563507080078 0.22691578090190886 0.7795563507080078 0.22691578090190886 0.7897157001495362 0.2195533561706543 0.7897157001495362
0 0.174119815826416 0.4712014389038086 0.18150703608989713 0.4712014389038086 0.18150703608989713 0.4800647395849228 0.174119815826416 0.4800647395849228
0 0.21875211715698242 0.32477989196777346 0.22633388698101042 0.32477989196777346 0.22633388698101042 0.3348388528823853 0.21875211715698242 0.3348388528823853
0 0.14831943511962892 0.7805025482177734 0.1545717829465866 0.7805025482177734 0.1545717829465866 0.7895971029996871 0.14831943511962892 0.7895971029996871
0 0.19400314331054688 0.8357109832763672 0.200705019235611 0.8357109832763672 0.200705019235611 0.8433955621719359 0.19400314331054688 0.8433955621719359
0 0.16999046325683595 0.07301129817962647 0.17693247318267824 0.07301129817962647 0.17693247318267824 0.08176233708858491 0.16999046325683595 0.08176233708858491
0 0.2029842758178711 0.2251581382751465 0.2108952480554581 0.2251581382751465 0.2108952480554581 0.2353294062614441 0.2029842758178711 0.2353294062614441
0 0.23254623413085937 0.21873800277709962 0.23950647473335263 0.21873800277709962 0.23950647473335263 0.22845132887363434 0.23254623413085937 0.22845132887363434
0 0.2059469985961914 0.6240536880493164 0.21407360494136807 0.6240536880493164 0.21407360494136807 0.6343814766407013 0.2059469985961914 0.6343814766407013
0 0.1823413848876953 0.669680404663086 0.1899146085977554 0.669680404663086 0.1899146085977554 0.6786149394512176 0.1823413848876953 0.6786149394512176
0 0.22735065460205078 0.5280974197387696 0.23641857445240022 0.5280974197387696 0.23641857445240022 0.537938706278801 0.22735065460205078 0.537938706278801
0 0.1319776153564453 0.7739630126953125 0.13815164387226103 0.7739630126953125 0.13815164387226103 0.7824526709318161 0.1319776153564453 0.7824526709318161
0 0.1619602394104004 0.37239311218261717 0.1687295973300934 0.37239311218261717 0.1687295973300934 0.38200476586818694 0.1619602394104004 0.38200476586818694
0 0.13854897499084473 0.3205216217041016 0.14517658293247224 0.3205216217041016 0.14517658293247224 0.3301483166217804 0.13854897499084473 0.3301483166217804
0 0.1696622085571289 0.7782420349121094 0.17705976426601408 0.7782420349121094 0.17705976426601408 0.7884477138519288 0.1696622085571289 0.7884477138519288
0 0.25262256622314455 0.3251964569091797 0.2597781991958618 0.3251964569091797 0.2597781991958618 0.3347943931818008 0.25262256622314455 0.3347943931818008
0 0.1956389045715332 0.4729067993164062 0.2030906790494919 0.4729067993164062 0.2030906790494919 0.4827256321907043 0.1956389045715332 0.4827256321907043
0 0.1844167900085449 0.3721957778930664 0.1925373786687851 0.3721957778930664 0.1925373786687851 0.3810638618469238 0.1844167900085449 0.3810638618469238
0 0.1935280418395996 0.07568563461303711 0.20014263808727265 0.07568563461303711 0.20014263808727265 0.08432244539260864 0.1935280418395996 0.08432244539260864
0 0.2100970458984375 0.6730060577392578 0.2178951597213745 0.6730060577392578 0.2178951597213745 0.6837649273872376 0.2100970458984375 0.6837649273872376
0 0.2374415397644043 0.6242465972900391 0.24548315823078154 0.6242465972900391 0.24548315823078154 0.6349930143356323 0.2374415397644043 0.6349930143356323
0 0.1943419647216797 0.023951601982116703 0.20071471214294434 0.023951601982116703 0.20071471214294434 0.031868052482604985 0.1943419647216797 0.031868052482604985
0 0.13308223724365234 0.5253401947021484 0.14006665229797363 0.5253401947021484 0.14006665229797363 0.5340023243427277 0.13308223724365234 0.5340023243427277
0 0.24680665969848634 0.16428586959838867 0.25444232344627377 0.16428586959838867 0.25444232344627377 0.1756551504135132 0.24680665969848634 0.1756551504135132
0 0.13501447677612305 0.6741939544677733 0.14225160777568818 0.6741939544677733 0.14225160777568818 0.6842438042163848 0.13501447677612305 0.6842438042163848
0 0.2171481132507324 0.01830357313156128 0.224179265499115 0.01830357313156128 0.224179265499115 0.025800507068634033 0.2171481132507324 0.025800507068634033
0 0.19413978576660157 0.15985990524291993 0.20156816959381102 0.15985990524291993 0.20156816959381102 0.1700173377990723 0.19413978576660157 0.1700173377990723
0 0.17505096435546874 0.8318340301513671 0.1824588108062744 0.8318340301513671 0.1824588108062744 0.8412455403804779 0.17505096435546874 0.8412455403804779
0 0.16109846115112306 0.32100658416748046 0.16846399128437045 0.32100658416748046 0.16846399128437045 0.3313034999370575 0.16109846115112306 0.3313034999370575
0 0.15508883476257324 0.6189619064331054 0.16121318340301513 0.6189619064331054 0.16121318340301513 0.6278800362348557 0.15508883476257324 0.6278800362348557
0 0.23243728637695313 0.6712167358398438 0.23993167340755464 0.6712167358398438 0.23993167340755464 0.6802703368663788 0.23243728637695313 0.6802703368663788
0 0.22980886459350586 0.37135509490966795 0.23760622382164 0.37135509490966795 0.23760622382164 0.38257575988769527 0.22980886459350586 0.38257575988769527
0 0.2071436882019043 0.8381098937988282 0.2133367311954498 0.8381098937988282 0.2133367311954498 0.8465994727611542 0.2071436882019043 0.8465994727611542
0 0.24528614044189453 0.8369632720947264 0.2535172367095947 0.8369632720947264 0.2535172367095947 0.8469626808166504 0.24528614044189453 0.8469626808166504
0 0.2455170249938965 0.07072190761566162 0.25285472810268406 0.07072190761566162 0.25285472810268406 0.07945850372314453 0.2455170249938965 0.07945850372314453
0 0.17027738571166992 0.16160633087158202 0.17705914855003357 0.16160633087158202 0.17705914855003357 0.1718581223487854 0.17027738571166992 0.1718581223487854
0 0.130281982421875 0.4725556564331055 0.13751631915569304 0.4725556564331055 0.13751631915569304 0.4813371288776398 0.130281982421875 0.4813371288776398
0 0.14523685455322266 0.07221964359283448 0.15277392745018004 0.07221964359283448 0.15277392745018004 0.08257096767425537 0.14523685455322266 0.08257096767425537
0 0.14396434783935547 0.019685193300247192 0.1504688799381256 0.019685193300247192 0.1504688799381256 0.027794099450111392 0.14396434783935547 0.027794099450111392
0 0.13927191734313965 0.16103349685668944 0.14666899979114534 0.16103349685668944 0.14666899979114534 0.17142770648002625 0.13927191734313965 0.17142770648002625
0 0.17999618530273437 0.5255311203002929 0.18698450386524199 0.5255311203002929 0.18698450386524199 0.5360329222679138 0.17999618530273437 0.5360329222679138
0 0.1388127613067627 0.36865238189697264 0.14544804275035858 0.36865238189697264 0.14544804275035858 0.37786833465099334 0.1388127613067627 0.37786833465099334
0 0.19800497055053712 0.776136474609375 0.20578140854835514 0.776136474609375 0.20578140854835514 0.7857277697324753 0.19800497055053712 0.7857277697324753
0 0.15476801872253418 0.8284004974365234 0.16148414790630342 0.8284004974365234 0.16148414790630342 0.8383042418956757 0.15476801872253418 0.8383042418956757
0 0.2010589599609375 0.5255249786376953 0.2081749522686005 0.5255249786376953 0.2081749522686005 0.5356853950023651 0.2010589599609375 0.5356853950023651
0 0.15182861328125 0.6581741333007812 0.15930416285991666 0.6581741333007812 0.15930416285991666 0.6674251496791839 0.15182861328125 0.6674251496791839
0 0.15184511184692384 0.47086166381835937 0.15948985397815704 0.47086166381835937 0.15948985397815704 0.4799593806266784 0.15184511184692384 0.4799593806266784
0 0.18353830337524413 0.3180971527099609 0.19230441868305206 0.3180971527099609 0.19230441868305206 0.32839128136634826 0.18353830337524413 0.32839128136634826
0 0.2087862777709961 0.3680680847167969 0.21553465485572817 0.3680680847167969 0.21553465485572817 0.37768483757972715 0.2087862777709961 0.37768483757972715
0 0.24911006927490234 0.01871593713760376 0.255828874707222 0.01871593713760376 0.255828874707222 0.026751564741134642 0.24911006927490234 0.026751564741134642
0 0.26113826751708985 0.22417444229125977 0.26930911242961886 0.22417444229125977 0.26930911242961886 0.23528149724006653 0.26113826751708985 0.23528149724006653
0 0.17356719970703124 0.6196716690063476 0.18113235056400298 0.6196716690063476 0.18113235056400298 0.6293513548374176 0.17356719970703124 0.6293513548374176
0 0.13045848846435548 0.6195763397216797 0.1378385525941849 0.6195763397216797 0.1378385525941849 0.629242821931839 0.13045848846435548 0.629242821931839
0 0.2216666030883789 0.4730429458618164 0.231188782453537 0.4730429458618164 0.231188782453537 0.48496270895004273 0.2216666030883789 0.48496270895004273
