0 0.5008488082885743 0.5302692031860352 0.5085232692956925 0.5302692031860352 0.5085232692956925 0.5401974964141847 0.5008488082885743 0.5401974964141847
0 0.5480262756347656 0.8433910369873046 0.556467816233635 0.8433910369873046 0.556467816233635 0.8544319176673889 0.5480262756347656 0.8544319176673889
0 0.46933353424072266 0.3734226608276367 0.4769142246246338 0.3734226608276367 0.4769142246246338 0.38403159141540527 0.46933353424072266 0.38403159141540527
0 0.5216657638549804 0.3733085632324219 0.530133445262909 0.3733085632324219 0.530133445262909 0.3836529159545899 0.5216657638549804 0.3836529159545899
0 0.5167306900024414 0.6866893005371094 0.5247778087854386 0.6866893005371094 0.5247778087854386 0.696574229001999 0.5167306900024414 0.696574229001999
0 0.5782135009765625 0.8439487457275392 0.5867490780353547 0.8439487457275392 0.5867490780353547 0.8539943265914919 0.5782135009765625 0.8539943265914919
0 0.5398678970336914 0.22601842880249023 0.5478794711828232 0.22601842880249023 0.5478794711828232 0.23721976399421693 0.5398678970336914 0.23721976399421693
0 0.4692103576660156 0.8427035522460938 0.47691888511180874 0.8427035522460938 0.47691888511180874 0.8529187190532684 0.4692103576660156 0.8529187190532684
0 0.5070666122436523 0.844062728881836 0.5150491470098495 0.844062728881836 0.5150491470098495 0.8543241465091705 0.5070666122436523 0.8543241465091705
0 0.45332477569580076 0.14424351692199708 0.46157238781452176 0.14424351692199708 0.46157238781452176 0.15492857336997987 0.45332477569580076 0.15492857336997987
0 0.5072994232177734 0.22719972610473635 0.5151911741495133 0.22719972610473635 0.5151911741495133 0.23751397609710695 0.5072994232177734 0.23751397609710695
0 0.4460970687866211 0.3727822494506836 0.4541038817167282 0.3727822494506836 0.4541038817167282 0.38219573616981506 0.4460970687866211 0.38219573616981506
0 0.7737345886230469 0.7631990814208984 0.7821649515628815 0.7631990814208984 0.7821649515628815 0.7727841311693191 0.7737345886230469 0.7727841311693191
0 0.5789673995971679 0.770208969116211 0.5869864255189895 0.770208969116211 0.5869864255189895 0.7801200664043426 0.5789673995971679 0.7801200664043426
0 0.5621014404296875 0.532701530456543 0.5708039182424545 0.532701530456543 0.5708039182424545 0.543341966867447 0.5621014404296875 0.543341966867447
0 0.48515274047851564 0.773353271484375 0.4930097156763077 0.773353271484375 0.4930097156763077 0.7844302034378052 0.48515274047851564 0.7844302034378052
0 0.4375244903564453 0.22655544281005863 0.44610303461551665 0.22655544281005863 0.44610303461551665 0.23749476909637451 0.4375244903564453 0.23749476909637451
0 0.4619860076904297 0.47096202850341795 0.46931551992893217 0.47096202850341795 0.46931551992893217 0.4808214592933655 0.4619860076904297 0.4808214592933655
0 0.49828796386718754 0.37402069091796875 0.5055122905969619 0.37402069091796875 0.5055122905969619 0.384257994890213 0.49828796386718754 0.384257994890213
0 0.5697977828979492 0.46988544464111326 0.5782449418306351 0.46988544464111326 0.5782449418306351 0.47862936317920685 0.5697977828979492 0.47862936317920685
0 0.5290246963500976 0.46776039123535157 0.5368410408496856 0.46776039123535157 0.5368410408496856 0.47771766006946564 0.5290246963500976 0.47771766006946564
0 0.5799071502685547 0.6853694915771484 0.5871528869867325 0.6853694915771484 0.5871528869867325 0.6965898406505585 0.5799071502685547 0.6965898406505585
0 0.5844349288940429 0.6247592163085938 0.5922865223884581 0.6247592163085938 0.5922865223884581 0.6342727947235107 0.5844349288940429 0.6342727947235107
0 0.4665240478515625 0.3034136390686035 0.47426412761211395 0.3034136390686035 0.47426412761211395 0.3139109146595001 0.4665240478515625 0.3139109146595001
0 0.5480934524536133 0.6218299484252929 0.556068298816681 0.6218299484252929 0.556068298816681 0.6319420588016509 0.5480934524536133 0.6319420588016509
0 0.21793167114257814 0.7731267547607422 0.224989629983902 0.7731267547607422 0.224989629983902 0.7827643799781799 0.21793167114257814 0.7827643799781799
0 0.4359560012817383 0.4708080673217773 0.4435200136899948 0.4708080673217773 0.4435200136899948 0.4796113210916519 0.4359560012817383 0.4796113210916519
0 0.5283516311645508 0.533315315246582 0.5370643997192383 0.533315315246582 0.5370643997192383 0.543595232963562 0.5283516311645508 0.543595232963562
0 0.5244808197021484 0.1465595531463623 0.5323696136474609 0.1465595531463623 0.5323696136474609 0.1579118251800537 0.5244808197021484 0.1579118251800537
0 0.8196308135986328 0.8377566528320313 0.8279264491796494 0.8377566528320313 0.8279264491796494 0.8476279032230378 0.8196308135986328 0.8476279032230378
0 0.5444407653808594 0.685264663696289 0.5517828452587128 0.685264663696289 0.5517828452587128 0.695099624991417 0.5444407653808594 0.695099624991417
0 0.18896366119384767 0.771086196899414 0.19618655383586886 0.771086196899414 0.19618655383586886 0.7804280543327331 0.18896366119384767 0.7804280543327331
0 0.4792910003662109 0.534090690612793 0.486696303486824 0.534090690612793 0.486696303486824 0.5438773852586747 0.4792910003662109 0.5438773852586747
0 0.5374916076660157 0.308095760345459 0.5449826085567474 0.308095760345459 0.5449826085567474 0.31823030471801755 0.5374916076660157 0.31823030471801755
0 0.5101115036010743 0.76953369140625 0.5184043008089066 0.76953369140625 0.5184043008089066 0.7793166309595109 0.5101115036010743 0.7793166309595109
0 0.48565322875976563 0.3053472900390625 0.49290127158164976 0.3053472900390625 0.49290127158164976 0.3145459681749344 0.48565322875976563 0.3145459681749344
0 0.2590593147277832 0.773363037109375 0.267523832321167 0.773363037109375 0.267523832321167 0.7836930787563324 0.2590593147277832 0.7836930787563324
0 0.6017635726928711 0.7686235809326172 0.6098618495464325 0.7686235809326172 0.6098618495464325 0.7777821749448777 0.6017635726928711 0.7777821749448777
0 0.2249881935119629 0.8422551727294922 0.23260995864868164 0.8422551727294922 0.23260995864868164 0.8522556877136231 0.2249881935119629 0.8522556877136231
0 0.769256591796875 0.8364022827148437 0.7782340234518051 0.8364022827148437 0.7782340234518051 0.8472196578979492 0.769256591796875 0.8472196578979492
0 0.5124150085449218 0.308592414855957 0.5202363204956054 0.308592414855957 0.5202363204956054 0.3195946931838989 0.5124150085449218 0.3195946931838989
0 0.45619136810302735 0.7707077026367186 0.46397967875003815 0.7707077026367186 0.46397967875003815 0.7810544264316558 0.45619136810302735 0.7810544264316558
0 0.12747106552124024 0.832884292602539 0.13559719860553743 0.832884292602539 0.13559719860553743 0.8422557979822158 0.12747106552124024 0.8422557979822158
0 0.8360614776611328 0.7735948944091797 0.8444478976726532 0.7735948944091797 0.8444478976726532 0.7826801985502243 0.8360614776611328 0.7826801985502243
0 0.5528878021240234 0.36839069366455074 0.5613268589973449 0.36839069366455074 0.5613268589973449 0.3781131118535995 0.5528878021240234 0.3781131118535995
0 0.5673324584960937 0.22485811233520506 0.5753621894121169 0.22485811233520506 0.5753621894121169 0.23510233402252198 0.5673324584960937 0.23510233402252198
0 0.48753684997558594 0.6855068206787109 0.4953442341089248 0.6855068206787109 0.4953442341089248 0.6955372214317321 0.48753684997558594 0.6955372214317321
0 0.4504654693603516 0.6173691940307617 0.4581693542003632 0.6173691940307617 0.4581693542003632 0.6274692869186401 0.4504654693603516 0.6274692869186401
0 0.1629947280883789 0.8380206298828125 0.1702032047510147 0.8380206298828125 0.1702032047510147 0.8475882858037949 0.1629947280883789 0.8475882858037949
0 0.48595169067382815 0.14869112968444825 0.4941833341121674 0.14869112968444825 0.4941833341121674 0.15813460052013398 0.48595169067382815 0.15813460052013398
0 0.48699703216552737 0.6185208892822266 0.49575516283512117 0.6185208892822266 0.49575516283512117 0.6288292288780213 0.48699703216552737 0.6288292288780213
0 0.8029177093505859 0.7669004821777343 0.8113697773218155 0.7669004821777343 0.8113697773218155 0.7774304699897766 0.8029177093505859 0.7774304699897766
0 0.8476303863525391 0.8395034027099609 0.8536518710851669 0.8395034027099609 0.8536518710851669 0.8472823017835617 0.8476303863525391 0.8472823017835617
0 0.5639596939086914 0.30608760833740234 0.5729049521684645 0.30608760833740234 0.5729049521684645 0.31732333421707154 0.5639596939086914 0.31732333421707154
0 0.47295791625976563 0.22235986709594727 0.4818236869573593 0.22235986709594727 0.4818236869573593 0.23434477567672732 0.47295791625976563 0.23434477567672732
0 0.2842949676513672 0.8518626403808595 0.29282631635665896 0.8518626403808595 0.29282631635665896 0.8623153853416444 0.2842949676513672 0.8623153853416444
0 0.49794433593750004 0.4640265655517578 0.5055970919132233 0.4640265655517578 0.5055970919132233 0.4744260632991791 0.49794433593750004 0.4744260632991791
0 0.4361667251586914 0.840894775390625 0.4434115451574326 0.840894775390625 0.4434115451574326 0.8505498731136322 0.4361667251586914 0.8505498731136322
0 0.45008052825927736 0.5352645874023437 0.45852192103862766 0.5352645874023437 0.45852192103862766 0.5443476778268814 0.45008052825927736 0.5443476778268814
0 0.5186573028564453 0.6207329940795898 0.5277277064323425 0.6207329940795898 0.5277277064323425 0.6315622675418853 0.5186573028564453 0.6315622675418853
0 0.45575443267822263 0.6836328887939453 0.4637421721220016 0.6836328887939453 0.4637421721220016 0.6940178787708282 0.45575443267822263 0.6940178787708282
0 0.5808965682983398 0.3687150192260742 0.5901713097095489 0.3687150192260742 0.5901713097095489 0.38018828511238095 0.5808965682983398 0.38018828511238095
0 0.6057849884033203 0.15559706687927247 0.6143485403060912 0.15559706687927247 0.6143485403060912 0.1665574038028717 0.6057849884033203 0.1665574038028717
0 0.12443162960678757 0.7656443239576299 0.12997311918441778 0.7656443239576299 0.12997311918441778 0.7791130409715594 0.12443162960678757 0.7791130409715594
0 0.18186161250222796 0.8377019599821519 0.19193704809791926 0.8377019599821519 0.19193704809791926 0.8531909845481706 0.18186161250222796 0.8531909845481706
0 0.8806060881910579 0.7663177598083266 0.8896739802271802 0.7663177598083266 0.8896739802271802 0.7804599126729524 0.8806060881910579 0.7804599126729524
0 0.8957192415845949 0.8269269863710084 0.9047871336207172 0.8269269863710084 0.9047871336207172 0.8417425750863307 0.8957192415845949 0.8417425750863307
