0 0.5006363677978516 0.5313245391845703 0.5083487391471864 0.5313245391845703 0.5083487391471864 0.540587256550789 0.5006363677978516 0.540587256550789
0 0.5168680953979492 0.6871205139160156 0.5246803587675094 0.6871205139160156 0.5246803587675094 0.6968929380178452 0.5168680953979492 0.6968929380178452
0 0.5400831985473633 0.22670330047607423 0.547809231877327 0.22670330047607423 0.547809231877327 0.2372913384437561 0.5400831985473633 0.2372913384437561
0 0.5480644607543945 0.8442218017578126 0.5562147831916809 0.8442218017578126 0.5562147831916809 0.8550657403469086 0.5480644607543945 0.8550657403469086
0 0.5216991806030273 0.37343429565429687 0.5303051376342773 0.37343429565429687 0.5303051376342773 0.38375662922859183 0.5216991806030273 0.38375662922859183
0 0.4691976547241211 0.8434425354003905 0.4769003862142563 0.8434425354003905 0.4769003862142563 0.8534519052505493 0.4691976547241211 0.8534519052505493
0 0.5790880966186523 0.7706916809082032 0.5871528398990631 0.7706916809082032 0.5871528398990631 0.7806314772367478 0.5790880966186523 0.7806314772367478
0 0.4695439910888672 0.3739618682861328 0.47697913169860845 0.3739618682861328 0.47697913169860845 0.384510395526886 0.4695439910888672 0.384510395526886
0 0.507330322265625 0.8447893524169922 0.5150879973173143 0.8447893524169922 0.5150879973173143 0.854729385972023 0.507330322265625 0.854729385972023
0 0.5621577453613281 0.5329845428466797 0.5706587833166122 0.5329845428466797 0.5706587833166122 0.5437714791297913 0.5621577453613281 0.5437714791297913
0 0.5782001113891602 0.8445141601562499 0.5868008047342301 0.8445141601562499 0.5868008047342301 0.8543184459209441 0.5782001113891602 0.8543184459209441
0 0.5075804519653321 0.22751598358154296 0.5153590631484987 0.22751598358154296 0.5153590631484987 0.23767590641975403 0.5075804519653321 0.23767590641975403
0 0.4535113525390625 0.1445487403869629 0.4616565889120102 0.1445487403869629 0.4616565889120102 0.15500845193862917 0.4535113525390625 0.15500845193862917
0 0.43761962890625 0.22716539382934572 0.4460083848237991 0.22716539382934572 0.4460083848237991 0.23749865770339967 0.43761962890625 0.23749865770339967
0 0.7739759063720704 0.7632965850830078 0.7826232039928437 0.7632965850830078 0.7826232039928437 0.7731799322366714 0.7739759063720704 0.7731799322366714
0 0.4462445831298828 0.3730873870849609 0.45409939944744104 0.3730873870849609 0.45409939944744104 0.38215486347675326 0.4462445831298828 0.38215486347675326
0 0.4984624862670899 0.37434642791748046 0.5055947279930115 0.37434642791748046 0.5055947279930115 0.38429808378219604 0.4984624862670899 0.38429808378219604
0 0.5800225830078125 0.6861995697021486 0.587305046916008 0.6861995697021486 0.587305046916008 0.6969998669624329 0.5800225830078125 0.6969998669624329
0 0.48508739471435547 0.7737153625488281 0.4930980223417282 0.7737153625488281 0.4930980223417282 0.7848792624473572 0.48508739471435547 0.7848792624473572
0 0.5482022857666016 0.6223516845703125 0.556207886338234 0.6223516845703125 0.556207886338234 0.6320939469337464 0.5482022857666016 0.6320939469337464
0 0.5290344619750976 0.46800575256347654 0.5370771449804306 0.46800575256347654 0.5370771449804306 0.4778546684980392 0.5290344619750976 0.4778546684980392
0 0.5697495651245117 0.4703788757324219 0.5782818895578383 0.4703788757324219 0.5782818895578383 0.47945500910282135 0.5697495651245117 0.47945500910282135
0 0.4621436309814453 0.47131557464599616 0.46935204863548274 0.47131557464599616 0.46935204863548274 0.4812682580947876 0.4621436309814453 0.4812682580947876
0 0.5845476150512695 0.6251641082763671 0.5925473606586455 0.6251641082763671 0.5925473606586455 0.634436787366867 0.5845476150512695 0.634436787366867
0 0.21778446197509765 0.7736898803710938 0.22544631123542785 0.7736898803710938 0.22544631123542785 0.7827028441429139 0.21778446197509765 0.7827028441429139
0 0.5246688079833984 0.14667848587036134 0.5323427963256837 0.14667848587036134 0.5323427963256837 0.15783000230789185 0.5246688079833984 0.15783000230789185
0 0.6018373489379882 0.7693770599365234 0.6095037078857423 0.7693770599365234 0.6095037078857423 0.7781073009967804 0.6018373489379882 0.7781073009967804
0 0.5375889205932617 0.3083287620544434 0.5450577431917191 0.3083287620544434 0.5450577431917191 0.31847842574119567 0.5375889205932617 0.31847842574119567
0 0.5284231567382812 0.5337559127807617 0.5371233868598938 0.5337559127807617 0.5371233868598938 0.5439920699596404 0.5284231567382812 0.5439920699596404
0 0.46669597625732423 0.3038716697692871 0.474307953119278 0.3038716697692871 0.474307953119278 0.3141386997699738 0.46669597625732423 0.3141386997699738
0 0.544647216796875 0.6859362030029297 0.5516970139741898 0.6859362030029297 0.5516970139741898 0.6953360915184021 0.544647216796875 0.6953360915184021
0 0.1888480567932129 0.7714187622070312 0.19614088535308838 0.7714187622070312 0.19614088535308838 0.7805875551700593 0.1888480567932129 0.7805875551700593
0 0.8197443389892578 0.8381369018554687 0.8277538430690765 0.8381369018554687 0.8277538430690765 0.8480283921957016 0.8197443389892578 0.8480283921957016
0 0.5126976776123047 0.3089685821533203 0.5203018182516098 0.3089685821533203 0.5203018182516098 0.3200198984146118 0.5126976776123047 0.3200198984146118
0 0.4360374450683594 0.47168121337890623 0.4436467903852463 0.47168121337890623 0.4436467903852463 0.48031717419624326 0.4360374450683594 0.48031717419624326
0 0.5104340362548828 0.7701815795898438 0.5184518200159072 0.7701815795898438 0.5184518200159072 0.7802737271785736 0.5104340362548828 0.7802737271785736
0 0.7696022796630859 0.8372251129150391 0.7783999180793763 0.8372251129150391 0.7783999180793763 0.8474175882339477 0.7696022796630859 0.8474175882339477
0 0.48588153839111325 0.305618896484375 0.49321196734905237 0.305618896484375 0.49321196734905237 0.3148604649305344 0.48588153839111325 0.3148604649305344
0 0.12751148223876954 0.8333218383789062 0.1354228687286377 0.8333218383789062 0.1354228687286377 0.842566213607788 0.12751148223876954 0.842566213607788
0 0.5677641677856445 0.225321044921875 0.5754834592342377 0.225321044921875 0.5754834592342377 0.23534199714660645 0.5677641677856445 0.23534199714660645
0 0.25893226623535154 0.7738564300537109 0.26758089482784264 0.7738564300537109 0.26758089482784264 0.7841709756851196 0.25893226623535154 0.7841709756851196
0 0.5531120300292969 0.36846729278564455 0.5616169714927673 0.36846729278564455 0.5616169714927673 0.3783721047639847 0.5531120300292969 0.3783721047639847
0 0.45631587982177735 0.7711968231201172 0.4640549248456955 0.7711968231201172 0.4640549248456955 0.7816533625125884 0.45631587982177735 0.7816533625125884
0 0.8030111694335937 0.7670057678222656 0.8115427839756012 0.7670057678222656 0.8115427839756012 0.7774541640281677 0.8030111694335937 0.7774541640281677
0 0.22495960235595702 0.8425249481201171 0.23241217553615567 0.8425249481201171 0.23241217553615567 0.8523176121711731 0.22495960235595702 0.8523176121711731
0 0.28431556701660154 0.8520969390869142 0.29288760602474206 0.8520969390869142 0.29288760602474206 0.8625192451477052 0.28431556701660154 0.8625192451477052
0 0.4362763214111328 0.8411458587646484 0.4435235363245011 0.8411458587646484 0.4435235363245011 0.8506894803047179 0.4362763214111328 0.8506894803047179
0 0.48589996337890623 0.14791497230529785 0.4940504044294357 0.14791497230529785 0.4940504044294357 0.15839344263076782 0.48589996337890623 0.15839344263076782
0 0.16306119918823242 0.8380654907226562 0.17017454504966734 0.8380654907226562 0.17017454504966734 0.8474553382396698 0.16306119918823242 0.8474553382396698
0 0.48759204864501954 0.6859832000732422 0.49538875758647916 0.6859832000732422 0.49538875758647916 0.6960264873504639 0.48759204864501954 0.6960264873504639
0 0.5187520599365234 0.6210644912719726 0.5277907633781431 0.6210644912719726 0.5277907633781431 0.6321794128417969 0.5187520599365234 0.6321794128417969
0 0.47325428009033205 0.22389057159423828 0.4817648696899414 0.22389057159423828 0.4817648696899414 0.23478631496429445 0.47325428009033205 0.23478631496429445
0 0.8365811920166015 0.7740119171142578 0.8448419338464737 0.7740119171142578 0.8448419338464737 0.7831096339225768 0.8365811920166015 0.7831096339225768
0 0.47957649230957033 0.5348017120361328 0.4867507553100586 0.5348017120361328 0.4867507553100586 0.5442136573791503 0.47957649230957033 0.5442136573791503
0 0.8479603576660156 0.8403683471679687 0.853738175034523 0.8403683471679687 0.853738175034523 0.8477625352144241 0.8479603576660156 0.8477625352144241
0 0.45044185638427736 0.6177720260620118 0.45815431654453287 0.6177720260620118 0.45815431654453287 0.6277231281995773 0.45044185638427736 0.6277231281995773
0 0.49800743103027345 0.46411029815673827 0.5057135927677154 0.46411029815673827 0.5057135927677154 0.4744562709331513 0.49800743103027345 0.4744562709331513
0 0.45593799591064454 0.6838752746582031 0.4638596433401108 0.6838752746582031 0.4638596433401108 0.6944753897190094 0.45593799591064454 0.6944753897190094
0 0.5640199279785156 0.3061239814758301 0.5730934661626816 0.3061239814758301 0.5730934661626816 0.3177932584285736 0.5640199279785156 0.3177932584285736
0 0.48716766357421876 0.6188733673095703 0.4960137099027634 0.6188733673095703 0.4960137099027634 0.6293455612659455 0.48716766357421876 0.6293455612659455
0 0.45026920318603514 0.5355548095703125 0.45855289220809936 0.5355548095703125 0.45855289220809936 0.5445720821619034 0.45026920318603514 0.5445720821619034
0 0.6060536193847657 0.15618799209594728 0.6143639224767685 0.15618799209594728 0.6143639224767685 0.16688120126724243 0.6060536193847657 0.16688120126724243
0 0.5819515228271485 0.37013763427734375 0.5907746511697769 0.37013763427734375 0.5907746511697769 0.380621212720871 0.5819515228271485 0.380621212720871
0 0.12392785782700297 0.7676646315097195 0.13047689096420229 0.7676646315097195 0.13047689096420229 0.7797864768222558 0.12392785782700297 0.7797864768222558
0 0.18186161250222796 0.8397222675342413 0.1914332763181347 0.8397222675342413 0.1914332763181347 0.8504972411453848 0.18186161250222796 0.8504972411453848
0 0.8821174035304117 0.7690115032111124 0.8881626648878265 0.7690115032111124 0.8881626648878265 0.7791130409715594 0.8821174035304117 0.7791130409715594
0 0.8962230133643794 0.8249066788189191 0.9037795900611479 0.8249066788189191 0.9037795900611479 0.8403957033849379 0.8962230133643794 0.8403957033849379
