0 0.1660664749145508 0.21727275848388672 0.1735978698730469 0.21727275848388672 0.1735978698730469 0.2271822154521942 0.1660664749145508 0.2271822154521942
0 0.47612945556640623 0.32025196075439455 0.4838674360513687 0.32025196075439455 0.4838674360513687 0.33038239359855653 0.47612945556640623 0.33038239359855653
0 0.1622411346435547 0.32166030883789065 0.16936376571655273 0.32166030883789065 0.16936376571655273 0.33143239736557006 0.1622411346435547 0.33143239736557006
0 0.5230860137939453 0.5223589706420898 0.5300336718559264 0.5223589706420898 0.5300336718559264 0.5317516642808914 0.5230860137939453 0.5317516642808914
0 0.5323388671875 0.15516124725341796 0.5402301448583604 0.15516124725341796 0.5402301448583604 0.16518164634704588 0.5323388671875 0.16518164634704588
0 0.5246807861328125 0.6786440277099609 0.5317780154943467 0.6786440277099609 0.5317780154943467 0.6875388741493225 0.5246807861328125 0.6875388741493225
0 0.5088473892211914 0.20593057632446288 0.5160990989208222 0.20593057632446288 0.5160990989208222 0.21407046854496 0.5088473892211914 0.21407046854496
0 0.4979113388061523 0.6262685775756835 0.5064624708890915 0.6262685775756835 0.5064624708890915 0.6359868448972702 0.4979113388061523 0.6359868448972702
0 0.5394807434082032 0.6265037155151367 0.548054763674736 0.6265037155151367 0.548054763674736 0.6360116410255432 0.5394807434082032 0.6360116410255432
0 0.19718873977661133 0.8345121002197265 0.204127259850502 0.8345121002197265 0.204127259850502 0.8431797248125076 0.19718873977661133 0.8431797248125076
0 0.14169238090515138 0.21853889465332033 0.14950803041458133 0.21853889465332033 0.14950803041458133 0.22713208317756653 0.14169238090515138 0.22713208317756653
0 0.5476068878173828 0.7830876922607422 0.5553546267747879 0.7830876922607422 0.5553546267747879 0.7918918555974961 0.5476068878173828 0.7918918555974961
0 0.529384994506836 0.7823358154296876 0.5360125136375428 0.7823358154296876 0.5360125136375428 0.7924228239059449 0.529384994506836 0.7924228239059449
0 0.5025646209716796 0.7807632446289061 0.5108523911237716 0.7807632446289061 0.5108523911237716 0.7911311566829681 0.5025646209716796 0.7911311566829681
0 0.4777257537841797 0.4714086151123047 0.4857652133703232 0.4714086151123047 0.4857652133703232 0.48068354725837714 0.4777257537841797 0.48068354725837714
0 0.48582561492919923 0.20732704162597657 0.4931947821378708 0.20732704162597657 0.4931947821378708 0.21600571513175965 0.48582561492919923 0.21600571513175965
0 0.5552684020996094 0.31259138107299805 0.5635729092359543 0.31259138107299805 0.5635729092359543 0.32304193258285524 0.5552684020996094 0.32304193258285524
0 0.2334798240661621 0.21882070541381837 0.24067916333675385 0.21882070541381837 0.24067916333675385 0.22821148216724396 0.2334798240661621 0.22821148216724396
0 0.13954266548156738 0.32092426300048826 0.1461918008327484 0.32092426300048826 0.1461918008327484 0.33043048858642576 0.13954266548156738 0.33043048858642576
0 0.492041015625 0.15778075218200682 0.498317848443985 0.15778075218200682 0.498317848443985 0.1676331168413162 0.492041015625 0.1676331168413162
0 0.4545327377319336 0.06309956550598145 0.46197039186954497 0.06309956550598145 0.46197039186954497 0.07126714408397675 0.4545327377319336 0.07126714408397675
0 0.1633851432800293 0.3728940200805664 0.16986678719520568 0.3728940200805664 0.16986678719520568 0.3820526140928268 0.1633851432800293 0.3820526140928268
0 0.4748834991455078 0.06288836479187011 0.48184685945510863 0.06288836479187011 0.48184685945510863 0.07114554405212402 0.4748834991455078 0.07114554405212402
0 0.2182193946838379 0.0212288236618042 0.22512083232402802 0.0212288236618042 0.22512083232402802 0.02874273180961609 0.2182193946838379 0.02874273180961609
0 0.4950181198120117 0.4701569747924805 0.5022783464193344 0.4701569747924805 0.5022783464193344 0.47902999997138984 0.4950181198120117 0.47902999997138984
0 0.20826631546020508 0.6245548248291015 0.2162161147594452 0.6245548248291015 0.2162161147594452 0.6345331639051437 0.20826631546020508 0.6345331639051437
0 0.24786956787109374 0.1643647575378418 0.25502103090286254 0.1643647575378418 0.25502103090286254 0.17502286314964297 0.24786956787109374 0.17502286314964297
0 0.24890289306640623 0.8364021301269531 0.25608907282352444 0.8364021301269531 0.25608907282352444 0.845687933564186 0.24890289306640623 0.845687933564186
0 0.22020004272460938 0.3249035263061523 0.2275045967102051 0.3249035263061523 0.2275045967102051 0.33468035817146297 0.22020004272460938 0.33468035817146297
0 0.49798839569091796 0.6861128997802735 0.5058835768699647 0.6861128997802735 0.5058835768699647 0.694732297062874 0.49798839569091796 0.694732297062874
0 0.15920737266540527 0.5312805557250977 0.16639115750789643 0.5312805557250977 0.16639115750789643 0.541741008758545 0.15920737266540527 0.541741008758545
0 0.47158905029296877 0.6277248764038086 0.479252422451973 0.6277248764038086 0.479252422451973 0.6372029960155486 0.47158905029296877 0.6372029960155486
0 0.5496761703491211 0.5220687484741211 0.5576567536592484 0.5220687484741211 0.5576567536592484 0.5318170195817947 0.5496761703491211 0.5318170195817947
0 0.17234575271606445 0.778474349975586 0.17980876445770264 0.778474349975586 0.17980876445770264 0.7882093781232834 0.17234575271606445 0.7882093781232834
0 0.20389131546020509 0.22541908264160157 0.21179495394229889 0.22541908264160157 0.21179495394229889 0.23491983354091645 0.20389131546020509 0.23491983354091645
0 0.4509561920166016 0.470145034790039 0.4582508397102356 0.470145034790039 0.4582508397102356 0.4802797174453735 0.4509561920166016 0.4802797174453735
0 0.18585622787475586 0.3727203750610351 0.19336507499217986 0.3727203750610351 0.19336507499217986 0.38109895229339597 0.18585622787475586 0.38109895229339597
0 0.4790342330932617 0.7792056274414062 0.48661492347717283 0.7792056274414062 0.48661492347717283 0.788688529729843 0.4790342330932617 0.788688529729843
0 0.13440196037292482 0.7741997528076171 0.1408086854219437 0.7741997528076171 0.1408086854219437 0.7826886200904846 0.13440196037292482 0.7826886200904846
0 0.17823265075683595 0.8319431304931639 0.18472899138927462 0.8319431304931639 0.18472899138927462 0.840523234605789 0.17823265075683595 0.840523234605789
0 0.23995309829711914 0.6244799041748047 0.24710263967514037 0.6244799041748047 0.24710263967514037 0.6343269222974778 0.23995309829711914 0.6343269222974778
0 0.5557525634765625 0.8321487426757812 0.5632987445592881 0.8321487426757812 0.5632987445592881 0.8405998188257217 0.5557525634765625 0.8405998188257217
0 0.4539150619506836 0.8379976654052734 0.46089613556861875 0.8379976654052734 0.46089613556861875 0.8470596468448639 0.4539150619506836 0.8470596468448639
0 0.503075942993164 0.5204867553710938 0.5107049828767777 0.5204867553710938 0.5107049828767777 0.5311233961582184 0.503075942993164 0.5311233961582184
0 0.171302490234375 0.1619780731201172 0.17813014805316923 0.1619780731201172 0.17813014805316923 0.17208415508270264 0.171302490234375 0.17208415508270264
0 0.47114704132080076 0.00998696506023407 0.4783275729417801 0.00998696506023407 0.4783275729417801 0.01853428065776825 0.47114704132080076 0.01853428065776825
0 0.45129756927490233 0.6805570220947266 0.45824197411537165 0.6805570220947266 0.45824197411537165 0.6903848683834076 0.45129756927490233 0.6903848683834076
0 0.5429662322998047 0.46705593109130855 0.5517233580350875 0.46705593109130855 0.5517233580350875 0.47680499255657194 0.5429662322998047 0.47680499255657194
0 0.18471073150634765 0.6695595550537109 0.19224076628684994 0.6695595550537109 0.19224076628684994 0.678991305232048 0.18471073150634765 0.678991305232048
0 0.21040706634521483 0.3680974197387695 0.21722082555294037 0.3680974197387695 0.21722082555294037 0.3776669335365295 0.21040706634521483 0.3776669335365295
0 0.531776351928711 0.8278459167480469 0.5387455374002457 0.8278459167480469 0.5387455374002457 0.837423613667488 0.531776351928711 0.837423613667488
0 0.505676155090332 0.3618369293212891 0.5126718366146087 0.3618369293212891 0.5126718366146087 0.3711706042289734 0.505676155090332 0.3711706042289734
0 0.15492935180664064 0.4720462799072266 0.16164348542690277 0.4720462799072266 0.16164348542690277 0.48051901876926423 0.15492935180664064 0.48051901876926423
0 0.51872314453125 0.4670576095581055 0.5273624581098557 0.4670576095581055 0.5273624581098557 0.4770463055372238 0.51872314453125 0.4770463055372238
0 0.2179973030090332 0.07603034496307373 0.22554808199405668 0.07603034496307373 0.22554808199405668 0.08485879957675933 0.2179973030090332 0.08485879957675933
0 0.23218154907226562 0.3716390991210938 0.23942178547382356 0.3716390991210938 0.23942178547382356 0.3814856433868408 0.23218154907226562 0.3814856433868408
0 0.4716986846923828 0.15296744346618651 0.4787471216917038 0.15296744346618651 0.4787471216917038 0.16238877713680266 0.4716986846923828 0.16238877713680266
0 0.5497937774658204 0.356624870300293 0.5575224721431733 0.356624870300293 0.5575224721431733 0.36597910106182097 0.5497937774658204 0.36597910106182097
0 0.17090858459472658 0.07595809936523437 0.17795022010803227 0.07595809936523437 0.17795022010803227 0.08491092205047607 0.17090858459472658 0.08491092205047607
0 0.21298374176025392 0.6736417388916016 0.22057215034961702 0.6736417388916016 0.22057215034961702 0.6841519606113434 0.21298374176025392 0.6841519606113434
0 0.15730693817138672 0.6189255142211914 0.16358640313148498 0.6189255142211914 0.16358640313148498 0.6280546581745148 0.15730693817138672 0.6280546581745148
0 0.2219131851196289 0.16682695388793944 0.22936871528625488 0.16682695388793944 0.22936871528625488 0.17720797061920168 0.2219131851196289 0.17720797061920168
0 0.4681144332885742 0.21475608825683593 0.4745475798845291 0.21475608825683593 0.4745475798845291 0.22437153697013854 0.4681144332885742 0.22437153697013854
0 0.13131253242492677 0.47301181793212893 0.13937035560607913 0.47301181793212893 0.13937035560607913 0.4822814530134201 0.13131253242492677 0.4822814530134201
0 0.5201337051391601 0.6286610794067383 0.5273088842630386 0.6286610794067383 0.5273088842630386 0.6381079697608948 0.5201337051391601 0.6381079697608948
0 0.45590572357177733 0.6288021850585938 0.4623529762029647 0.6288021850585938 0.4623529762029647 0.637484712600708 0.45590572357177733 0.637484712600708
0 0.16585508346557618 0.023956799507141115 0.17249781668186187 0.023956799507141115 0.17249781668186187 0.031998704671859744 0.16585508346557618 0.031998704671859744
0 0.1848631477355957 0.31845746994018553 0.1927635633945465 0.31845746994018553 0.1927635633945465 0.32847978591918947 0.1848631477355957 0.32847978591918947
0 0.15460335731506347 0.6591983032226563 0.1616079694032669 0.6591983032226563 0.1616079694032669 0.6682160496711731 0.15460335731506347 0.6682160496711731
0 0.48244346618652345 0.36742874145507814 0.49011411249637604 0.36742874145507814 0.49011411249637604 0.3767219763994217 0.48244346618652345 0.3767219763994217
0 0.47970439910888674 0.8363774871826172 0.4867000806331635 0.8363774871826172 0.4867000806331635 0.8454930716753006 0.47970439910888674 0.8454930716753006
0 0.234710693359375 0.6712682342529297 0.24224800288677215 0.6712682342529297 0.24224800288677215 0.6798783022165299 0.234710693359375 0.6798783022165299
0 0.4483751678466797 0.2157937049865723 0.45586454212665556 0.2157937049865723 0.45586454212665556 0.22572415232658385 0.4483751678466797 0.22572415232658385
0 0.5416829681396484 0.011254026889801025 0.549558750987053 0.011254026889801025 0.549558750987053 0.019368990659713745 0.5416829681396484 0.019368990659713745
0 0.15150046348571777 0.7797482299804687 0.15842798352241516 0.7797482299804687 0.15842798352241516 0.7895681697130202 0.15150046348571777 0.7895681697130202
0 0.15767044067382813 0.8282197570800781 0.1641300541162491 0.8282197570800781 0.1641300541162491 0.8373518657684326 0.15767044067382813 0.8373518657684326
0 0.44837810516357424 0.31993778228759767 0.4566552591323853 0.31993778228759767 0.4566552591323853 0.33001737833023076 0.44837810516357424 0.33001737833023076
0 0.5277276992797851 0.30911916732788086 0.5357149654626845 0.30911916732788086 0.5357149654626845 0.31945338010787966 0.5277276992797851 0.31945338010787966
0 0.14002078056335449 0.3687604904174805 0.14678441643714904 0.3687604904174805 0.14678441643714904 0.37823564529418946 0.14002078056335449 0.37823564529418946
0 0.22275684356689454 0.779664535522461 0.23014662206172945 0.779664535522461 0.23014662206172945 0.788863292336464 0.22275684356689454 0.788863292336464
0 0.1460040283203125 0.07584913730621339 0.15328214526176454 0.07584913730621339 0.15328214526176454 0.08527461171150208 0.1460040283203125 0.08527461171150208
0 0.22955068588256836 0.527445068359375 0.23852279484272004 0.527445068359375 0.23852279484272004 0.5383393692970275 0.22955068588256836 0.5383393692970275
0 0.14515844345092774 0.023089067935943605 0.15088477730751038 0.023089067935943605 0.15088477730751038 0.031089224219322205 0.14515844345092774 0.031089224219322205
0 0.5187936782836914 0.006958165168762207 0.5262247085571289 0.006958165168762207 0.5262247085571289 0.01764747381210327 0.5187936782836914 0.01764747381210327
0 0.4986523818969726 0.05531329154968262 0.5059912681579589 0.05531329154968262 0.5059912681579589 0.06397130072116852 0.4986523818969726 0.06397130072116852
0 0.5111156845092774 0.15579403877258302 0.5184947282075882 0.15579403877258302 0.5184947282075882 0.16598583340644837 0.5111156845092774 0.16598583340644837
0 0.20962387084960937 0.8386666107177735 0.21664845824241635 0.8386666107177735 0.21664845824241635 0.8468741792440414 0.20962387084960937 0.8468741792440414
0 0.22389944076538085 0.47452816009521487 0.23282923281192777 0.47452816009521487 0.23282923281192777 0.4849692833423615 0.22389944076538085 0.4849692833423615
0 0.4556517791748047 0.7861641693115234 0.46293249845504764 0.7861641693115234 0.46293249845504764 0.7966884648799897 0.4556517791748047 0.7966884648799897
0 0.19487173080444337 0.15996112823486328 0.20263052940368653 0.15996112823486328 0.20263052940368653 0.17021068572998047 0.19487173080444337 0.17021068572998047
0 0.19431623458862304 0.026315433979034422 0.20094125509262087 0.026315433979034422 0.20094125509262087 0.03577512502670288 0.19431623458862304 0.03577512502670288
0 0.5033589553833008 0.3114570999145508 0.5114039450883865 0.3114570999145508 0.5114039450883865 0.3219806635379791 0.5033589553833008 0.3219806635379791
0 0.5267506408691406 0.20465600967407227 0.5344546735286713 0.20465600967407227 0.5344546735286713 0.2142342793941498 0.5267506408691406 0.2142342793941498
0 0.4525600814819336 0.004934410452842712 0.45976879477500915 0.004934410452842712 0.45976879477500915 0.015169965624809266 0.4525600814819336 0.015169965624809266
0 0.1974042510986328 0.47318946838378906 0.2052090036869049 0.47318946838378906 0.2052090036869049 0.48328924536705015 0.1974042510986328 0.48328924536705015
0 0.5423067855834961 0.6806448364257812 0.5497592848539352 0.6806448364257812 0.5497592848539352 0.6902965342998505 0.5423067855834961 0.6902965342998505
0 0.13797786712646484 0.6751240539550781 0.14501580595970154 0.6751240539550781 0.14501580595970154 0.6849424129724503 0.13797786712646484 0.6849424129724503
0 0.14004962921142577 0.1611174774169922 0.1480588376522064 0.1611174774169922 0.1480588376522064 0.1714768600463867 0.14004962921142577 0.1714768600463867
0 0.47324581146240235 0.5223890686035156 0.48062949836254126 0.5223890686035156 0.48062949836254126 0.5324198246002197 0.47324581146240235 0.5324198246002197
0 0.5445656585693359 0.054962320327758794 0.5514888906478882 0.054962320327758794 0.5514888906478882 0.06381189942359924 0.5445656585693359 0.06381189942359924
0 0.1938667869567871 0.07819955825805663 0.20080783545970915 0.07819955825805663 0.20080783545970915 0.08792230784893035 0.1938667869567871 0.08792230784893035
0 0.2009000587463379 0.7758802795410156 0.20839318871498108 0.7758802795410156 0.20839318871498108 0.7856189447641372 0.2009000587463379 0.7856189447641372
0 0.5015607070922852 0.8283484649658203 0.509008651971817 0.8283484649658203 0.509008651971817 0.8390715992450714 0.5015607070922852 0.8390715992450714
0 0.47543552398681643 0.6822348785400391 0.4838161772489548 0.6822348785400391 0.4838161772489548 0.6927406728267669 0.47543552398681643 0.6927406728267669
0 0.2627519989013672 0.22420293807983396 0.27045857429504394 0.22420293807983396 0.27045857429504394 0.23470667719841 0.2627519989013672 0.23470667719841
0 0.1752336311340332 0.47215049743652343 0.18293457329273224 0.47215049743652343 0.18293457329273224 0.4809126001596451 0.1752336311340332 0.4809126001596451
0 0.18157445907592773 0.525575828552246 0.18848821341991423 0.525575828552246 0.18848821341991423 0.5363762843608856 0.18157445907592773 0.5363762843608856
0 0.44943645477294925 0.15708159446716308 0.45745840847492225 0.15708159446716308 0.45745840847492225 0.16769533753395077 0.44943645477294925 0.16769533753395077
0 0.2533297538757324 0.32389041900634763 0.26153164863586426 0.32389041900634763 0.26153164863586426 0.3345530319213867 0.2533297538757324 0.3345530319213867
0 0.20254728317260742 0.5256903076171875 0.21039191246032715 0.5256903076171875 0.21039191246032715 0.5364113855361938 0.20254728317260742 0.5364113855361938
0 0.5281523895263672 0.3554935073852539 0.5355693435668946 0.3554935073852539 0.5355693435668946 0.36552952170372005 0.5281523895263672 0.36552952170372005
0 0.24997898101806637 0.021652309894561766 0.25648176848888393 0.021652309894561766 0.25648176848888393 0.02918430328369141 0.24997898101806637 0.02918430328369141
0 0.4562138366699219 0.37043972015380866 0.4642311179637909 0.37043972015380866 0.4642311179637909 0.38069702625274665 0.4562138366699219 0.38069702625274665
0 0.13629255294799805 0.8245621490478515 0.14341447472572327 0.8245621490478515 0.14341447472572327 0.833216728568077 0.13629255294799805 0.833216728568077
0 0.13500008583068848 0.5255698394775391 0.1426201802492142 0.5255698394775391 0.1426201802492142 0.5350640475749969 0.13500008583068848 0.5350640475749969
0 0.13270536422729493 0.6197775650024414 0.1401016479730606 0.6197775650024414 0.1401016479730606 0.6294026196002961 0.13270536422729493 0.6294026196002961
0 0.4498462677001953 0.5236915969848632 0.4573625814914703 0.5236915969848632 0.4573625814914703 0.533352466225624 0.4498462677001953 0.533352466225624
0 0.2465983200073242 0.07257262706756591 0.25420683741569516 0.07257262706756591 0.25420683741569516 0.08230564415454865 0.2465983200073242 0.08230564415454865
0 0.1756199142149047 0.6208157691995211 0.1831897381034782 0.6208157691995211 0.1831897381034782 0.6299230909970691 0.1756199142149047 0.6299230909970691
0 0.5189114275617119 0.05717374239571791 0.5276167250335716 0.05717374239571791 0.5276167250335716 0.06729298883743791 0.5189114275617119 0.06729298883743791
0 0.4958234647015628 0.01264905805214998 0.5033932885901364 0.01264905805214998 0.5033932885901364 0.024286191460127966 0.4958234647015628 0.024286191460127966
