0 0.2806311798095703 0.9816548919677734 0.28707683563232417 0.9816548919677734 0.28707683563232417 0.9908842456340791 0.2806311798095703 0.9908842456340791
0 0.4763027572631836 0.3648396682739258 0.4839344877004624 0.3648396682739258 0.4839344877004624 0.37370553851127625 0.4763027572631836 0.37370553851127625
0 0.5394115829467774 0.5314211273193359 0.5483837509155274 0.5314211273193359 0.5483837509155274 0.5410463005304336 0.5394115829467774 0.5410463005304336
0 0.20405691146850585 0.8241071319580078 0.21180395543575287 0.8241071319580078 0.21180395543575287 0.8337517142295838 0.20405691146850585 0.8337517142295838
0 0.5071531677246094 0.36427799224853513 0.5145572286844253 0.36427799224853513 0.5145572286844253 0.373760894536972 0.5071531677246094 0.373760894536972
0 0.21308338165283203 0.9688015747070312 0.2201912420988083 0.9688015747070312 0.2201912420988083 0.97724403321743 0.21308338165283203 0.97724403321743
0 0.4987078475952149 0.9796750640869141 0.5055669689178467 0.9796750640869141 0.5055669689178467 0.9895176154375077 0.4987078475952149 0.9895176154375077
0 0.17192790985107423 0.4715666961669922 0.17890070319175722 0.4715666961669922 0.17890070319175722 0.47990961670875554 0.17192790985107423 0.47990961670875554
0 0.4459868621826172 0.363076286315918 0.45388674557209013 0.363076286315918 0.45388674557209013 0.3719409710168839 0.4459868621826172 0.3719409710168839
0 0.2351689338684082 0.20925596237182617 0.24101674675941467 0.20925596237182617 0.24101674675941467 0.21645581781864165 0.2351689338684082 0.21645581781864165
0 0.49107959747314456 0.9262855529785157 0.4989875537157059 0.9262855529785157 0.4989875537157059 0.9350383263826371 0.49107959747314456 0.9350383263826371
0 0.5414888763427734 0.7737125396728517 0.5481832265853881 0.7737125396728517 0.5481832265853881 0.7826745879650117 0.5414888763427734 0.7826745879650117
0 0.552999153137207 0.46661598205566407 0.5606516724824906 0.46661598205566407 0.5606516724824906 0.4774560475349427 0.552999153137207 0.4774560475349427
0 0.22738073348999024 0.5227200698852539 0.23413087010383607 0.5227200698852539 0.23413087010383607 0.5321252161264419 0.22738073348999024 0.5321252161264419
0 0.1503901481628418 0.467725830078125 0.158171169757843 0.467725830078125 0.158171169757843 0.47698641300201416 0.1503901481628418 0.47698641300201416
0 0.24144922256469725 0.15749441146850585 0.248090580701828 0.15749441146850585 0.248090580701828 0.16587685346603392 0.24144922256469725 0.16587685346603392
0 0.4830447769165039 0.20949935913085938 0.4902510946989059 0.20949935913085938 0.4902510946989059 0.2192108863592148 0.4830447769165039 0.2192108863592148
0 0.5100364685058594 0.5206348037719727 0.5176473516225815 0.5206348037719727 0.5176473516225815 0.5306524753570557 0.5100364685058594 0.5306524753570557
0 0.20316808700561523 0.5206199264526368 0.20932941436767577 0.5206199264526368 0.20932941436767577 0.5277610397338868 0.20316808700561523 0.5277610397338868
0 0.5382355117797851 0.3557223892211914 0.545427132844925 0.3557223892211914 0.545427132844925 0.36524320185184483 0.5382355117797851 0.36524320185184483
0 0.5775568771362305 0.5309404754638671 0.5855319601297378 0.5309404754638671 0.5855319601297378 0.5412666833400726 0.5775568771362305 0.5412666833400726
0 0.5524842453002929 0.19881406784057618 0.5601826590299606 0.19881406784057618 0.5601826590299606 0.20773114979267124 0.5524842453002929 0.20773114979267124
0 0.4760838317871094 0.14848755836486816 0.4833135110139847 0.14848755836486816 0.4833135110139847 0.15641702950000763 0.4760838317871094 0.15641702950000763
0 0.1422063446044922 0.6239550399780274 0.14954851329326632 0.6239550399780274 0.14954851329326632 0.6323725944757461 0.1422063446044922 0.6323725944757461
0 0.44673995971679686 0.6182773208618164 0.45388923466205594 0.6182773208618164 0.45388923466205594 0.6276843643188477 0.44673995971679686 0.6276843643188477
0 0.17880582809448242 0.5240324783325195 0.18637225031852722 0.5240324783325195 0.18637225031852722 0.5323453557491303 0.17880582809448242 0.5323453557491303
0 0.4747804641723633 0.3008647727966309 0.48151781082153317 0.3008647727966309 0.48151781082153317 0.31048622965812683 0.4747804641723633 0.31048622965812683
0 0.5153899002075195 0.20651561737060545 0.5222163158655166 0.20651561737060545 0.5222163158655166 0.21474708199501039 0.5153899002075195 0.21474708199501039
0 0.26486194610595704 0.20797006607055665 0.27209925472736357 0.20797006607055665 0.27209925472736357 0.21704938173294067 0.26486194610595704 0.21704938173294067
0 0.2714927291870117 0.77178466796875 0.2793883246183395 0.77178466796875 0.2793883246183395 0.7810882598161697 0.2714927291870117 0.7810882598161697
0 0.24346757888793946 0.45036800384521486 0.2503738516569137 0.45036800384521486 0.2503738516569137 0.45992182433605194 0.24346757888793946 0.45992182433605194
0 0.16633914947509765 0.6290068435668945 0.17231663227081295 0.6290068435668945 0.17231663227081295 0.6376998865604401 0.16633914947509765 0.6376998865604401
0 0.5879563522338868 0.9308358764648438 0.5952637153863907 0.9308358764648438 0.5952637153863907 0.9406373953819275 0.5879563522338868 0.9406373953819275
0 0.5008403015136719 0.8169538116455078 0.5078295367956163 0.8169538116455078 0.5078295367956163 0.8254671883583068 0.5008403015136719 0.8254671883583068
0 0.44580707550048826 0.30482168197631837 0.4525616919994354 0.30482168197631837 0.4525616919994354 0.31397410929203035 0.44580707550048826 0.31397410929203035
0 0.17617231369018554 0.21306224822998046 0.18381792783737183 0.21306224822998046 0.18381792783737183 0.22269261956214906 0.17617231369018554 0.22269261956214906
0 0.5253453063964844 0.678703384399414 0.5332748496532441 0.678703384399414 0.5332748496532441 0.6875190114974975 0.5253453063964844 0.6875190114974975
0 0.4477639007568359 0.5128468704223633 0.45576867341995236 0.5128468704223633 0.45576867341995236 0.5222244238853454 0.4477639007568359 0.5222244238853454
0 0.1540234851837158 0.15635107040405274 0.16145052313804623 0.15635107040405274 0.16145052313804623 0.16533112466335295 0.1540234851837158 0.16533112466335295
0 0.4514910125732422 0.14814146995544433 0.4582309913635254 0.14814146995544433 0.4582309913635254 0.156827090382576 0.4514910125732422 0.156827090382576
0 0.2714665985107422 0.15466998100280763 0.2787175101041794 0.15466998100280763 0.2787175101041794 0.16413195192813873 0.2714665985107422 0.16413195192813873
0 0.1466388511657715 0.6681773376464845 0.15393768310546876 0.6681773376464845 0.15393768310546876 0.67644546687603 0.1466388511657715 0.67644546687603
0 0.4523019790649414 0.2046820640563965 0.4602518081665039 0.2046820640563965 0.4602518081665039 0.21392780303955078 0.4523019790649414 0.21392780303955078
0 0.5618461227416992 0.6709526062011719 0.5692639642953873 0.6709526062011719 0.5692639642953873 0.6790954232215882 0.5618461227416992 0.6790954232215882
0 0.5935164642333984 0.6149916076660156 0.6018234556913377 0.6149916076660156 0.6018234556913377 0.6251241946220397 0.5935164642333984 0.6251241946220397
0 0.12707399368286132 0.9171192169189453 0.1333774262666702 0.9171192169189453 0.1333774262666702 0.9247665584087372 0.12707399368286132 0.9247665584087372
0 0.171468505859375 0.36802639007568355 0.17856669664382935 0.36802639007568355 0.17856669664382935 0.3765260493755341 0.171468505859375 0.3765260493755341
0 0.576412582397461 0.19864131927490233 0.5832155776023865 0.19864131927490233 0.5832155776023865 0.2074000817537308 0.576412582397461 0.2074000817537308
0 0.5137287139892578 0.46496833801269527 0.5212084186077117 0.46496833801269527 0.5212084186077117 0.47510444283485415 0.5137287139892578 0.47510444283485415
0 0.1960552978515625 0.36834228515625 0.20346082270145416 0.36834228515625 0.20346082270145416 0.37639750242233283 0.1960552978515625 0.37639750242233283
0 0.1955687141418457 0.9687479400634765 0.20083202064037323 0.9687479400634765 0.20083202064037323 0.9760034549236297 0.1955687141418457 0.9760034549236297
0 0.1876310157775879 0.15921533584594727 0.19435172855854033 0.15921533584594727 0.19435172855854033 0.1688177090883255 0.1876310157775879 0.1688177090883255
0 0.2239987564086914 0.6265388107299805 0.23166855990886687 0.6265388107299805 0.23166855990886687 0.6356599694490433 0.2239987564086914 0.6356599694490433
0 0.578484878540039 0.15276354789733887 0.5863469994068146 0.15276354789733887 0.5863469994068146 0.16209093749523162 0.578484878540039 0.16209093749523162
0 0.5410889053344726 0.15217458724975585 0.5491333627700806 0.15217458724975585 0.5491333627700806 0.16186746656894685 0.5410889053344726 0.16186746656894685
0 0.44332294464111327 0.8213999938964843 0.4498939824104309 0.8213999938964843 0.4498939824104309 0.8292805653810501 0.44332294464111327 0.8292805653810501
0 0.5730035018920898 0.3148215293884277 0.5810765838623047 0.3148215293884277 0.5810765838623047 0.3243382900953293 0.5730035018920898 0.3243382900953293
0 0.20900665283203124 0.7728470611572266 0.21560854852199554 0.7728470611572266 0.21560854852199554 0.7813526105880738 0.20900665283203124 0.7813526105880738
0 0.46800914764404294 0.817344284057617 0.4754842686653137 0.817344284057617 0.4754842686653137 0.8259096825122831 0.46800914764404294 0.8259096825122831
0 0.266667537689209 0.8254405975341796 0.2749045038223267 0.8254405975341796 0.2749045038223267 0.8343107765913009 0.266667537689209 0.8343107765913009
0 0.4424879455566406 0.7744704437255859 0.44928452372550964 0.7744704437255859 0.44928452372550964 0.7833230715990066 0.4424879455566406 0.7833230715990066
0 0.2522445297241211 0.6289869689941406 0.259135439991951 0.6289869689941406 0.259135439991951 0.6377393865585327 0.2522445297241211 0.6377393865585327
0 0.14322173118591308 0.31538536071777346 0.15008726954460144 0.31538536071777346 0.15008726954460144 0.32449786186218266 0.14322173118591308 0.32449786186218266
0 0.14427284240722657 0.9670519256591796 0.1506879061460495 0.9670519256591796 0.1506879061460495 0.9748435533046722 0.14427284240722657 0.9748435533046722
0 0.22945266723632812 0.6748606109619141 0.23734796702861785 0.6748606109619141 0.23734796702861785 0.6845184755325318 0.22945266723632812 0.6845184755325318
0 0.2370557975769043 0.9731219482421875 0.24319781482219696 0.9731219482421875 0.24319781482219696 0.9819620841741561 0.2370557975769043 0.9819620841741561
0 0.5861266708374023 0.46447433471679683 0.5942896497249603 0.46447433471679683 0.5942896497249603 0.47489027619361873 0.5861266708374023 0.47489027619361873
0 0.5189226913452148 0.777168197631836 0.5253771591186523 0.777168197631836 0.5253771591186523 0.7861681163311005 0.5189226913452148 0.7861681163311005
0 0.5174871063232422 0.6231312561035156 0.5247377514839173 0.6231312561035156 0.5247377514839173 0.6315196764469146 0.5174871063232422 0.6315196764469146
0 0.2348291015625 0.775916976928711 0.24173364460468294 0.775916976928711 0.24173364460468294 0.78550297498703 0.2348291015625 0.78550297498703
0 0.20116674423217773 0.30586177825927735 0.2085802537202835 0.30586177825927735 0.2085802537202835 0.3149935704469681 0.20116674423217773 0.3149935704469681
0 0.47974796295166017 0.5306088256835938 0.48791762530803684 0.5306088256835938 0.48791762530803684 0.5419465017318726 0.47974796295166017 0.5419465017318726
0 0.48621837615966795 0.4633415985107422 0.4938821029663086 0.4633415985107422 0.4938821029663086 0.47366911053657534 0.48621837615966795 0.47366911053657534
0 0.20696393966674806 0.670189437866211 0.2137991523742676 0.670189437866211 0.2137991523742676 0.6791647684574128 0.20696393966674806 0.6791647684574128
0 0.1590111541748047 0.9111334228515625 0.1654957699775696 0.9111334228515625 0.1654957699775696 0.9196920222043992 0.1590111541748047 0.9196920222043992
0 0.5035172653198242 0.15256796836853026 0.5107933419942856 0.15256796836853026 0.5107933419942856 0.16173095047473907 0.5035172653198242 0.16173095047473907
0 0.2165653419494629 0.16287914276123047 0.2234207373857498 0.16287914276123047 0.2234207373857498 0.1723616302013397 0.2165653419494629 0.1723616302013397
0 0.22356950759887695 0.36271560668945313 0.23109065651893615 0.36271560668945313 0.23109065651893615 0.37172821462154393 0.22356950759887695 0.37172821462154393
0 0.2319321060180664 0.820009994506836 0.23968929290771485 0.820009994506836 0.23968929290771485 0.8296874666213989 0.2319321060180664 0.8296874666213989
0 0.5563856506347656 0.9326316833496093 0.5646997392177582 0.9326316833496093 0.5646997392177582 0.9419778102636337 0.5563856506347656 0.9419778102636337
0 0.2001664924621582 0.9191600799560546 0.2076168918609619 0.9191600799560546 0.2076168918609619 0.9291651809215545 0.2001664924621582 0.9291651809215545
0 0.17542335510253906 0.7746535491943359 0.18239317655563353 0.7746535491943359 0.18239317655563353 0.7841888689994811 0.17542335510253906 0.7841888689994811
0 0.17694494247436524 0.6709186553955078 0.18313736438751219 0.6709186553955078 0.18313736438751219 0.6792456847429275 0.17694494247436524 0.6792456847429275
0 0.20715286254882812 0.2105405044555664 0.21399344265460968 0.2105405044555664 0.21399344265460968 0.2196381425857544 0.20715286254882812 0.2196381425857544
0 0.5343542098999023 0.9840618896484375 0.5419001543521881 0.9840618896484375 0.5419001543521881 0.9929709666967392 0.5343542098999023 0.9929709666967392
0 0.16067630767822266 0.5251739120483399 0.16688132703304293 0.5251739120483399 0.16688132703304293 0.53318663418293 0.16067630767822266 0.53318663418293
0 0.5580823516845703 0.7709004974365234 0.5654642933607102 0.7709004974365234 0.5654642933607102 0.7791925030946732 0.5580823516845703 0.7791925030946732
0 0.2168547248840332 0.4621117401123047 0.22338442206382753 0.4621117401123047 0.22338442206382753 0.4710501885414124 0.2168547248840332 0.4710501885414124
0 0.13847732543945312 0.37286518096923826 0.145022577047348 0.37286518096923826 0.145022577047348 0.3816225796937942 0.13847732543945312 0.3816225796937942
0 0.23482641220092773 0.9222647857666016 0.2418619853258133 0.9222647857666016 0.2418619853258133 0.9318335485458374 0.23482641220092773 0.9318335485458374
0 0.24923152923583988 0.35829097747802735 0.2566220170259476 0.35829097747802735 0.2566220170259476 0.36841735839843753 0.24923152923583988 0.36841735839843753
0 0.4568701171875 0.46070533752441406 0.46438320755958556 0.46070533752441406 0.46438320755958556 0.4702846550941467 0.4568701171875 0.4702846550941467
0 0.17799455642700196 0.9138221740722656 0.1846059149503708 0.9138221740722656 0.1846059149503708 0.9237263929843903 0.17799455642700196 0.9237263929843903
0 0.46609973907470703 0.9272960662841798 0.47325445532798766 0.9272960662841798 0.47325445532798766 0.9353013962507248 0.46609973907470703 0.9353013962507248
0 0.25677473068237305 0.6739112091064453 0.2640724831819534 0.6739112091064453 0.2640724831819534 0.6826242148876189 0.25677473068237305 0.6826242148876189
0 0.1767781639099121 0.31001813888549806 0.18410628616809843 0.31001813888549806 0.18410628616809843 0.31929813146591185 0.1767781639099121 0.31929813146591185
0 0.16645708084106445 0.9665689086914062 0.17339483261108396 0.9665689086914062 0.17339483261108396 0.9758288592100144 0.16645708084106445 0.9758288592100144
0 0.17504217147827147 0.8317733001708985 0.18268830358982086 0.8317733001708985 0.18268830358982086 0.8409447020292282 0.17504217147827147 0.8409447020292282
0 0.5731354522705078 0.35798545837402346 0.5815054893493652 0.35798545837402346 0.5815054893493652 0.3672607070207596 0.5731354522705078 0.3672607070207596
0 0.47815589904785155 0.7657142639160155 0.48558417916297913 0.7657142639160155 0.48558417916297913 0.7745860242843627 0.47815589904785155 0.7745860242843627
0 0.5515824127197265 0.6193660354614258 0.5598253524303436 0.6193660354614258 0.5598253524303436 0.6296592354774475 0.5515824127197265 0.6296592354774475
0 0.5190234375 0.9279593658447266 0.5270273226499558 0.9279593658447266 0.5270273226499558 0.9390982031822204 0.5190234375 0.9390982031822204
0 0.5801805114746094 0.9847300720214843 0.5874387270212172 0.9847300720214843 0.5874387270212172 0.993540322780609 0.5801805114746094 0.993540322780609
0 0.44554958343505857 0.6718019104003906 0.4532575488090515 0.6718019104003906 0.4532575488090515 0.6825633096694946 0.44554958343505857 0.6825633096694946
0 0.5978875732421876 0.6669649505615234 0.6063133227825166 0.6669649505615234 0.6063133227825166 0.6784540283679962 0.5978875732421876 0.6784540283679962
0 0.15486763954162597 0.7773480987548829 0.16175531208515165 0.7773480987548829 0.16175531208515165 0.7875495088100434 0.15486763954162597 0.7875495088100434
0 0.15495729446411133 0.211563720703125 0.16077194273471831 0.211563720703125 0.16077194273471831 0.21906962156295776 0.15495729446411133 0.21906962156295776
0 0.19684255599975586 0.46288368225097654 0.20408983051776886 0.46288368225097654 0.20408983051776886 0.47383652806282045 0.19684255599975586 0.47383652806282045
0 0.25543291091918946 0.30627201080322264 0.2634907639026642 0.30627201080322264 0.2634907639026642 0.3173160338401794 0.25543291091918946 0.3173160338401794
0 0.5398246002197266 0.30634084701538083 0.5487648314237595 0.30634084701538083 0.5487648314237595 0.3165434622764587 0.5398246002197266 0.3165434622764587
0 0.564835205078125 0.9917197418212891 0.5713112598657608 0.9917197418212891 0.5713112598657608 0.9999999672174454 0.564835205078125 0.9999999672174454
0 0.5263453292846679 0.8192581939697265 0.5335763394832611 0.8192581939697265 0.5335763394832611 0.8298328506946563 0.5263453292846679 0.8298328506946563
0 0.18421571731567382 0.6237627029418945 0.19177292823791503 0.6237627029418945 0.19177292823791503 0.6327800941467285 0.18421571731567382 0.6327800941467285
0 0.5512280654907227 0.8246619415283204 0.5590364843606949 0.8246619415283204 0.5590364843606949 0.8345896416902542 0.5512280654907227 0.8345896416902542
0 0.2457050895690918 0.5198153686523438 0.25367482006549835 0.5198153686523438 0.25367482006549835 0.5296472465991974 0.2457050895690918 0.5296472465991974
0 0.47977672576904296 0.6187442398071289 0.48804166674613947 0.6187442398071289 0.48804166674613947 0.6296972036361694 0.47977672576904296 0.6296972036361694
0 0.15166067123413085 0.827809600830078 0.1599583178758621 0.827809600830078 0.1599583178758621 0.8380975031852722 0.15166067123413085 0.8380975031852722
0 0.5042711639404297 0.30746061325073243 0.5124448478221894 0.30746061325073243 0.5124448478221894 0.3180095946788788 0.5042711639404297 0.3180095946788788
0 0.2300020408630371 0.30782600402832033 0.23815483272075655 0.30782600402832033 0.23815483272075655 0.31899784922599794 0.2300020408630371 0.31899784922599794
0 0.25934171223309405 0.9733319403124198 0.26654564868401326 0.9733319403124198 0.26654564868401326 0.9851844112846774 0.25934171223309405 0.9851844112846774
0 0.46603927347870105 0.9725911608766534 0.4726890609718573 0.9725911608766534 0.4726890609718573 0.9874067495919757 0.46603927347870105 0.9874067495919757
0 0.4804471463805397 0.6718347099556123 0.4870969338736959 0.6718347099556123 0.4870969338736959 0.682946401492104 0.4804471463805397 0.682946401492104
