0 0.4448819351196289 0.14474911689758302 0.4520926594734192 0.14474911689758302 0.4520926594734192 0.15406763195991516 0.4448819351196289 0.15406763195991516
0 0.6310539627075196 0.34306514739990235 0.6381994527578355 0.34306514739990235 0.6381994527578355 0.35324125766754155 0.6310539627075196 0.35324125766754155
0 0.813328857421875 0.22734655380249025 0.820745456814766 0.22734655380249025 0.820745456814766 0.2355149078369141 0.813328857421875 0.2355149078369141
0 0.20161794662475585 0.4821517944335937 0.20944764256477355 0.4821517944335937 0.20944764256477355 0.49095006763935084 0.20161794662475585 0.49095006763935084
0 0.4376851272583008 0.3446771621704102 0.44640079379081726 0.3446771621704102 0.44640079379081726 0.35381678164005287 0.4376851272583008 0.35381678164005287
0 0.6108229064941406 0.4803256607055664 0.6187567669153212 0.4803256607055664 0.6187567669153212 0.4890045911073685 0.6108229064941406 0.4890045911073685
0 0.22677120208740234 0.47608943939208986 0.2343348002433777 0.47608943939208986 0.2343348002433777 0.4854736739397049 0.22677120208740234 0.4854736739397049
0 0.5632853317260742 0.14690321922302246 0.5703448873758317 0.14690321922302246 0.5703448873758317 0.15658173859119418 0.5632853317260742 0.15658173859119418
0 0.2758907699584961 0.47820430755615234 0.2832038992643356 0.47820430755615234 0.2832038992643356 0.48705503761768343 0.2758907699584961 0.48705503761768343
0 0.14328511238098143 0.4790016174316406 0.14982254266738887 0.4790016174316406 0.14982254266738887 0.48695085346698763 0.14328511238098143 0.48695085346698763
0 0.5289619064331055 0.5287107467651367 0.5363261646032333 0.5287107467651367 0.5363261646032333 0.5385838156938553 0.5289619064331055 0.5385838156938553
0 0.8055390167236328 0.32629615783691407 0.8121353083848953 0.32629615783691407 0.8121353083848953 0.3348302286863327 0.8055390167236328 0.3348302286863327
0 0.20475364685058595 0.17296875 0.21240387439727784 0.17296875 0.21240387439727784 0.18289652943611145 0.20475364685058595 0.18289652943611145
0 0.5600691986083984 0.19633272171020508 0.567503126859665 0.19633272171020508 0.567503126859665 0.204952712059021 0.5600691986083984 0.204952712059021
0 0.4513133239746094 0.29073965072631835 0.45788891553878786 0.29073965072631835 0.45788891553878786 0.2998574489355087 0.4513133239746094 0.2998574489355087
0 0.5717750930786133 0.524322509765625 0.579141007065773 0.524322509765625 0.579141007065773 0.5334380549192429 0.5717750930786133 0.5334380549192429
0 0.8436333465576172 0.3670795822143555 0.8499994552135468 0.3670795822143555 0.8499994552135468 0.37536763489246366 0.8436333465576172 0.37536763489246366
0 0.5923698043823242 0.2877479553222656 0.5998321801424027 0.2877479553222656 0.5998321801424027 0.2980542397499084 0.5923698043823242 0.2980542397499084
0 0.8998311614990234 0.1734283638000488 0.9075355488061905 0.1734283638000488 0.9075355488061905 0.18253934323787688 0.8998311614990234 0.18253934323787688
0 0.17568210601806641 0.48261783599853514 0.18247458875179293 0.48261783599853514 0.18247458875179293 0.49206199884414675 0.17568210601806641 0.49206199884414675
0 0.1273387050628662 0.16955507278442383 0.1351451873779297 0.16955507278442383 0.1351451873779297 0.1782981413602829 0.1273387050628662 0.1782981413602829
0 0.6179428100585938 0.14849056243896486 0.6254918891191482 0.14849056243896486 0.6254918891191482 0.15574120521545412 0.6179428100585938 0.15574120521545412
0 0.16714775085449218 0.17736875534057617 0.17464011192321777 0.17736875534057617 0.17464011192321777 0.1874167275428772 0.16714775085449218 0.1874167275428772
0 0.25594028472900393 0.30913658142089845 0.2632730793952942 0.30913658142089845 0.2632730793952942 0.3183060657978058 0.25594028472900393 0.3183060657978058
0 0.12420291900634767 0.22641569137573242 0.13068095505237579 0.22641569137573242 0.13068095505237579 0.23446499884128572 0.12420291900634767 0.23446499884128572
0 0.4795366668701172 0.3444558715820312 0.4876093941926956 0.3444558715820312 0.4876093941926956 0.35416393995285034 0.4795366668701172 0.35416393995285034
0 0.8531072235107422 0.22926240921020508 0.8584556657075882 0.22926240921020508 0.8584556657075882 0.2360056871175766 0.8531072235107422 0.2360056871175766
0 0.805835952758789 0.3716556167602539 0.8138894587755203 0.3716556167602539 0.8138894587755203 0.3808106923103332 0.805835952758789 0.3808106923103332
0 0.43835723876953125 0.1906329154968262 0.4443225383758545 0.1906329154968262 0.4443225383758545 0.1986789619922638 0.43835723876953125 0.1986789619922638
0 0.2106197166442871 0.30878084182739257 0.2175292718410492 0.30878084182739257 0.2175292718410492 0.3180672383308411 0.2106197166442871 0.3180672383308411
0 0.8423945617675781 0.3323552703857422 0.8486205023527145 0.3323552703857422 0.8486205023527145 0.34016188025474553 0.8423945617675781 0.34016188025474553
0 0.4874052810668945 0.5232245635986328 0.49560318350791926 0.5232245635986328 0.49560318350791926 0.5331273597478866 0.4874052810668945 0.5331273597478866
0 0.7715410614013671 0.22222356796264647 0.7786168813705444 0.22222356796264647 0.7786168813705444 0.23063669502735135 0.7715410614013671 0.23063669502735135
0 0.2986815071105957 0.4849764633178711 0.3066105771064758 0.4849764633178711 0.3066105771064758 0.4951671993732452 0.2986815071105957 0.4951671993732452
0 0.15871383666992187 0.527707405090332 0.16511331677436827 0.527707405090332 0.16511331677436827 0.5354818373918533 0.15871383666992187 0.5354818373918533
0 0.7722845458984375 0.16985103607177734 0.778555908203125 0.16985103607177734 0.778555908203125 0.17795618057250975 0.7722845458984375 0.17795618057250975
0 0.25380401611328124 0.1697215270996094 0.2618564873933792 0.1697215270996094 0.2618564873933792 0.17984474539756776 0.25380401611328124 0.17984474539756776
0 0.4771994400024414 0.20152069091796876 0.4839707642793656 0.20152069091796876 0.4839707642793656 0.211506125330925 0.4771994400024414 0.211506125330925
0 0.522275276184082 0.20355281829833988 0.5307859545946121 0.20355281829833988 0.5307859545946121 0.2134551399946213 0.522275276184082 0.2134551399946213
0 0.30212108612060545 0.3170469665527344 0.3086604529619217 0.3170469665527344 0.3086604529619217 0.32502654254436497 0.30212108612060545 0.32502654254436497
0 0.13893877029418944 0.3081823348999023 0.1463772231340408 0.3081823348999023 0.1463772231340408 0.31789182662963866 0.13893877029418944 0.31789182662963866
0 0.594581298828125 0.42044742584228517 0.6015510171651842 0.42044742584228517 0.6015510171651842 0.43131559729576113 0.594581298828125 0.43131559729576113
0 0.14704580307006837 0.36487041473388676 0.15288263022899626 0.36487041473388676 0.15288263022899626 0.3722641283273697 0.14704580307006837 0.3722641283273697
0 0.5386761093139648 0.2872841262817383 0.546009436249733 0.2872841262817383 0.546009436249733 0.29731919169425963 0.5386761093139648 0.29731919169425963
0 0.4875988006591797 0.28022016525268556 0.49645223975181574 0.28022016525268556 0.49645223975181574 0.29030414938926696 0.4875988006591797 0.29030414938926696
0 0.29994630813598633 0.17433029174804687 0.30690455257892607 0.17433029174804687 0.30690455257892607 0.18295312821865078 0.29994630813598633 0.18295312821865078
0 0.3079322052001953 0.3530533599853516 0.3159221923351288 0.3530533599853516 0.3159221923351288 0.36226037919521337 0.3079322052001953 0.36226037919521337
0 0.8145885467529297 0.17295179367065433 0.8223110318183899 0.17295179367065433 0.8223110318183899 0.18202794671058656 0.8145885467529297 0.18202794671058656
0 0.5890857696533203 0.3431792068481445 0.5975292026996613 0.3431792068481445 0.5975292026996613 0.35265882849693303 0.5890857696533203 0.35265882849693303
0 0.1760297393798828 0.36274566650390627 0.18334860563278196 0.36274566650390627 0.18334860563278196 0.37159781992435453 0.1760297393798828 0.37159781992435453
0 0.169290771484375 0.3084986686706543 0.17692075729370116 0.3084986686706543 0.17692075729370116 0.3178702926635742 0.169290771484375 0.3178702926635742
0 0.15116844177246094 0.22590713500976561 0.15778321564197542 0.22590713500976561 0.15778321564197542 0.23454813599586485 0.15116844177246094 0.23454813599586485
0 0.200384521484375 0.2247173309326172 0.20810200870037077 0.2247173309326172 0.20810200870037077 0.23436594545841216 0.200384521484375 0.23436594545841216
0 0.2481185913085938 0.22261322021484375 0.2556806814670563 0.22261322021484375 0.2556806814670563 0.23372976183891297 0.2481185913085938 0.23372976183891297
0 0.182722225189209 0.525054931640625 0.19090707242488864 0.525054931640625 0.19090707242488864 0.5342782372236252 0.182722225189209 0.5342782372236252
0 0.580196533203125 0.34603134155273435 0.583711732327938 0.34603134155273435 0.583711732327938 0.3514964783191681 0.580196533203125 0.3514964783191681
0 0.44403202056884766 0.5358249282836914 0.45154721081256866 0.5358249282836914 0.45154721081256866 0.5450805699825287 0.44403202056884766 0.5450805699825287
0 0.6123237991333008 0.5353153991699219 0.6194427341222765 0.5353153991699219 0.6194427341222765 0.5437983369827271 0.6123237991333008 0.5437983369827271
0 0.1352415180206299 0.5253131484985352 0.14229821979999543 0.5253131484985352 0.14229821979999543 0.533374097943306 0.1352415180206299 0.533374097943306
0 0.9344879913330079 0.3317314910888672 0.9421469569206239 0.3317314910888672 0.9421469569206239 0.3414079749584198 0.9344879913330079 0.3414079749584198
0 0.21068647384643555 0.5254686355590821 0.218021959066391 0.5254686355590821 0.218021959066391 0.5338044804334641 0.21068647384643555 0.5338044804334641
0 0.5423158264160156 0.34566215515136717 0.5487827140092849 0.34566215515136717 0.5487827140092849 0.3530863863229752 0.5423158264160156 0.3530863863229752
0 0.20127792358398439 0.3581864929199219 0.20783192813396456 0.3581864929199219 0.20783192813396456 0.36727946639060977 0.20127792358398439 0.36727946639060977
0 0.2873199844360352 0.22277912139892578 0.2955272614955902 0.22277912139892578 0.2955272614955902 0.23343778133392332 0.2873199844360352 0.23343778133392332
0 0.77395263671875 0.3810353469848633 0.7813302612304688 0.3810353469848633 0.7813302612304688 0.3908340984582901 0.77395263671875 0.3908340984582901
0 0.8621385192871094 0.18075559616088868 0.8703051060438156 0.18075559616088868 0.8703051060438156 0.19081125617027284 0.8621385192871094 0.19081125617027284
0 0.250573616027832 0.35840095520019527 0.25729381144046776 0.35840095520019527 0.25729381144046776 0.3687743628025055 0.250573616027832 0.3687743628025055
0 0.9354615783691407 0.37546714782714846 0.9424240809679033 0.37546714782714846 0.9424240809679033 0.38354505598545074 0.9354615783691407 0.38354505598545074
0 0.7687162017822265 0.3262252044677734 0.7754851305484771 0.3262252044677734 0.7754851305484771 0.33385625898838045 0.7687162017822265 0.33385625898838045
0 0.9323130035400391 0.23297704696655275 0.9393503212928773 0.23297704696655275 0.9393503212928773 0.24289346098899842 0.9323130035400391 0.24289346098899842
0 0.9398625946044922 0.18247772216796876 0.9479295849800109 0.18247772216796876 0.9479295849800109 0.19274226188659668 0.9398625946044922 0.19274226188659668
0 0.6356346893310547 0.2868874168395996 0.6426991540193558 0.2868874168395996 0.6426991540193558 0.29697068929672243 0.6356346893310547 0.29697068929672243
0 0.894834213256836 0.24273988723754883 0.902950469851494 0.24273988723754883 0.902950469851494 0.2517784070968628 0.894834213256836 0.2517784070968628
