0 0.19688451766967774 0.21599065780639648 0.20469797849655152 0.21599065780639648 0.20469797849655152 0.2253864151239395 0.19688451766967774 0.2253864151239395
0 0.7885853576660157 0.3131771659851074 0.7964587152004242 0.3131771659851074 0.7964587152004242 0.32189465820789337 0.7885853576660157 0.32189465820789337
0 0.82919677734375 0.5308525085449218 0.8369899374246597 0.5308525085449218 0.8369899374246597 0.5404399299621582 0.82919677734375 0.5404399299621582
0 0.8190961456298829 0.3133526229858398 0.8269155651330948 0.3133526229858398 0.8269155651330948 0.3225717383623123 0.8190961456298829 0.3225717383623123
0 0.2516788101196289 0.5227968978881836 0.25993168592453003 0.5227968978881836 0.25993168592453003 0.5334716069698334 0.2516788101196289 0.5334716069698334
0 0.21059053421020507 0.8230819702148438 0.21658706068992614 0.8230819702148438 0.21658706068992614 0.8315464079380035 0.21059053421020507 0.8315464079380035
0 0.8129867553710938 0.6797553253173828 0.8212746435403825 0.6797553253173828 0.8212746435403825 0.6891105443239212 0.8129867553710938 0.6891105443239212
0 0.2740623664855957 0.51247802734375 0.2820126098394393 0.51247802734375 0.2820126098394393 0.5233814990520478 0.2740623664855957 0.5233814990520478
0 0.7647260284423828 0.31422618865966795 0.7724424809217453 0.31422618865966795 0.7724424809217453 0.32395949721336365 0.7647260284423828 0.32395949721336365
0 0.4844655990600586 0.14676889419555664 0.4915817838907242 0.14676889419555664 0.4915817838907242 0.15564860999584199 0.4844655990600586 0.15564860999584199
0 0.5248482131958008 0.8325591278076172 0.5324279868602753 0.8325591278076172 0.5324279868602753 0.8425309443473817 0.5248482131958008 0.8425309443473817
0 0.7989842987060547 0.7825289916992187 0.8067733782529831 0.7825289916992187 0.8067733782529831 0.7920053321123123 0.7989842987060547 0.7920053321123123
0 0.5798394775390625 0.2083331108093262 0.5880258178710938 0.2083331108093262 0.5880258178710938 0.21860498428344727 0.5798394775390625 0.21860498428344727
0 0.5260422134399414 0.6349928665161133 0.5345304173231125 0.6349928665161133 0.5345304173231125 0.6455675232410432 0.5260422134399414 0.6455675232410432
0 0.5929559707641602 0.5218911743164063 0.6013261264562608 0.5218911743164063 0.6013261264562608 0.5312011700868607 0.5929559707641602 0.5312011700868607
0 0.18710927963256835 0.8213790130615234 0.19381152510643004 0.8213790130615234 0.19381152510643004 0.8300541484355926 0.18710927963256835 0.8300541484355926
0 0.2555516052246094 0.31144386291503906 0.2632055735588074 0.31144386291503906 0.2632055735588074 0.3210888206958771 0.2555516052246094 0.3210888206958771
0 0.5541633224487305 0.831714859008789 0.5618442302942276 0.831714859008789 0.5618442302942276 0.8422983705997467 0.5541633224487305 0.8422983705997467
0 0.5614663696289063 0.6843110656738282 0.5695520490407944 0.6843110656738282 0.5695520490407944 0.6949764847755431 0.5614663696289063 0.6949764847755431
0 0.5261127090454102 0.7829890441894531 0.5338819164037705 0.7829890441894531 0.5338819164037705 0.7919041299819948 0.5261127090454102 0.7919041299819948
0 0.27965965270996096 0.3662970352172852 0.2876428085565567 0.3662970352172852 0.2876428085565567 0.37531213343143466 0.27965965270996096 0.37531213343143466
0 0.47771636962890623 0.5184583282470703 0.48618629872798924 0.5184583282470703 0.48618629872798924 0.5282106709480285 0.47771636962890623 0.5282106709480285
0 0.5523110961914063 0.2070976257324219 0.5596483856439591 0.2070976257324219 0.5596483856439591 0.21712709784507753 0.5523110961914063 0.21712709784507753
0 0.7947660064697266 0.5331588363647461 0.8023354303836824 0.5331588363647461 0.8023354303836824 0.5434634602069855 0.7947660064697266 0.5434634602069855
0 0.567899284362793 0.37571872711181636 0.5760013467073442 0.37571872711181636 0.5760013467073442 0.38509853422641754 0.567899284362793 0.38509853422641754
0 0.17013526916503907 0.21657941818237306 0.1768140941858292 0.21657941818237306 0.1768140941858292 0.22550185680389404 0.17013526916503907 0.22550185680389404
0 0.7724860382080078 0.21505109786987306 0.7801536977291107 0.21505109786987306 0.7801536977291107 0.22436396002769474 0.7724860382080078 0.22436396002769474
0 0.8101270294189453 0.6255817031860351 0.8173642492294312 0.6255817031860351 0.8173642492294312 0.6353810477256774 0.8101270294189453 0.6353810477256774
0 0.2479448127746582 0.7737332153320312 0.2554772871732712 0.7737332153320312 0.2554772871732712 0.7834877717494965 0.2479448127746582 0.7834877717494965
0 0.470424690246582 0.377132682800293 0.47839513063430783 0.377132682800293 0.47839513063430783 0.38725171089172367 0.470424690246582 0.38725171089172367
0 0.1870044708251953 0.6580593872070313 0.19340440928936004 0.6580593872070313 0.19340440928936004 0.6662756919860839 0.1870044708251953 0.6662756919860839
0 0.5839436721801757 0.7824233245849609 0.592231678366661 0.7824233245849609 0.592231678366661 0.7917396456003188 0.5839436721801757 0.7917396456003188
0 0.4896571350097656 0.6885630035400391 0.4980216717720031 0.6885630035400391 0.4980216717720031 0.6983513188362122 0.4896571350097656 0.6983513188362122
0 0.8263083648681641 0.4725672912597656 0.8341019982099533 0.4725672912597656 0.8341019982099533 0.481994811296463 0.8263083648681641 0.481994811296463
0 0.5624584579467773 0.14709522247314452 0.5705510574579239 0.14709522247314452 0.5705510574579239 0.15690670311450958 0.5624584579467773 0.15690670311450958
0 0.6002410888671875 0.6855397033691406 0.6075960618257524 0.6855397033691406 0.6075960618257524 0.6944318616390228 0.6002410888671875 0.6944318616390228
0 0.45989322662353516 0.7917144775390625 0.4670383322238922 0.7917144775390625 0.4670383322238922 0.80070696413517 0.45989322662353516 0.80070696413517
0 0.16455568313598634 0.8204701995849609 0.17166522920131685 0.8204701995849609 0.17166522920131685 0.82994946539402 0.16455568313598634 0.82994946539402
0 0.20845968246459962 0.3654039764404297 0.21646852135658265 0.3654039764404297 0.21646852135658265 0.375000331401825 0.20845968246459962 0.375000331401825
0 0.7725434112548828 0.5143803787231446 0.7805885779857635 0.5143803787231446 0.7805885779857635 0.5238049340248109 0.7725434112548828 0.5238049340248109
0 0.49673583984375 0.7792960357666016 0.5052126884460449 0.7792960357666016 0.5052126884460449 0.7893711054325103 0.49673583984375 0.7893711054325103
0 0.4969915390014649 0.8331054687500001 0.5048372769355775 0.8331054687500001 0.5048372769355775 0.8424322259426118 0.4969915390014649 0.8424322259426118
0 0.7978115081787109 0.8268463897705077 0.8055743873119354 0.8268463897705077 0.8055743873119354 0.8367154264450073 0.7978115081787109 0.8367154264450073
0 0.5518914413452148 0.7847315979003907 0.5599245434999466 0.7847315979003907 0.5599245434999466 0.7941470611095428 0.5518914413452148 0.7941470611095428
0 0.5835517501831055 0.3186180305480957 0.5911463689804077 0.3186180305480957 0.5911463689804077 0.3293573713302612 0.5835517501831055 0.3293573713302612
0 0.7986209106445312 0.472755126953125 0.8070456546545028 0.472755126953125 0.8070456546545028 0.4821001863479614 0.7986209106445312 0.4821001863479614
0 0.7709114837646485 0.7803953552246093 0.7781174170970917 0.7803953552246093 0.7781174170970917 0.7892112982273102 0.7709114837646485 0.7892112982273102
0 0.5731228256225586 0.4593888473510742 0.5809703969955444 0.4593888473510742 0.5809703969955444 0.4691719841957092 0.5731228256225586 0.4691719841957092
0 0.867322006225586 0.22669870376586912 0.8753239399194719 0.22669870376586912 0.8753239399194719 0.23628422737121582 0.867322006225586 0.23628422737121582
0 0.27441627502441407 0.4588576126098633 0.28261559724807744 0.4588576126098633 0.28261559724807744 0.46939052581787105 0.27441627502441407 0.46939052581787105
0 0.2231682777404785 0.21259117126464844 0.23023093819618223 0.21259117126464844 0.23023093819618223 0.221673926115036 0.2231682777404785 0.221673926115036
0 0.7654644775390625 0.8278498077392578 0.7736711037158966 0.8278498077392578 0.7736711037158966 0.8366302525997161 0.7654644775390625 0.8366302525997161
0 0.20876569747924806 0.46856796264648437 0.21618733882904054 0.46856796264648437 0.21618733882904054 0.4788783979415894 0.20876569747924806 0.4788783979415894
0 0.443462028503418 0.4587165069580078 0.450643624663353 0.4587165069580078 0.450643624663353 0.4678924942016601 0.443462028503418 0.4678924942016601
0 0.4745387268066406 0.4584134674072266 0.48150137722492214 0.4584134674072266 0.48150137722492214 0.4673366177082062 0.4745387268066406 0.4673366177082062
0 0.5497577285766602 0.31814424514770506 0.5566625672578812 0.31814424514770506 0.5566625672578812 0.32764602363109585 0.5497577285766602 0.32764602363109585
0 0.17993585586547853 0.3144647216796875 0.18786130368709567 0.3144647216796875 0.18786130368709567 0.3236348783969879 0.17993585586547853 0.3236348783969879
0 0.5613654708862305 0.6323489761352539 0.5699440449476242 0.6323489761352539 0.5699440449476242 0.6417690646648406 0.5613654708862305 0.6417690646648406
0 0.851041259765625 0.30931198120117187 0.859082168340683 0.30931198120117187 0.859082168340683 0.3183707410097122 0.851041259765625 0.3183707410097122
0 0.5045606231689453 0.46617511749267576 0.5122443699836731 0.46617511749267576 0.5122443699836731 0.47530679106712337 0.5045606231689453 0.47530679106712337
0 0.7705103302001953 0.6786984252929688 0.7780293649435044 0.6786984252929688 0.7780293649435044 0.6894525516033173 0.7705103302001953 0.6894525516033173
0 0.20780654907226562 0.5178043365478515 0.21552462816238402 0.5178043365478515 0.21552462816238402 0.5286084687709808 0.20780654907226562 0.5286084687709808
0 0.8389723205566406 0.37119346618652344 0.8462776726484299 0.37119346618652344 0.8462776726484299 0.3818186438083649 0.8389723205566406 0.3818186438083649
0 0.5210921859741211 0.21225151062011718 0.5282704997062684 0.21225151062011718 0.5282704997062684 0.22185774862766264 0.5210921859741211 0.22185774862766264
0 0.5362437057495117 0.462652587890625 0.5434458541870117 0.462652587890625 0.5434458541870117 0.47149948358535765 0.5362437057495117 0.47149948358535765
0 0.25770809173583986 0.21139228820800782 0.264799377322197 0.21139228820800782 0.264799377322197 0.2211427336931229 0.25770809173583986 0.2211427336931229
0 0.8146053314208984 0.814098129272461 0.8216844630241393 0.814098129272461 0.8216844630241393 0.8223502880334854 0.8146053314208984 0.8223502880334854
0 0.5157953262329101 0.5243289566040039 0.5239297395944594 0.5243289566040039 0.5239297395944594 0.5337927263975144 0.5157953262329101 0.5337927263975144
0 0.26078325271606445 0.15098825454711914 0.26930957436561587 0.15098825454711914 0.26930957436561587 0.16182231068611144 0.26078325271606445 0.16182231068611144
0 0.8149352264404297 0.1698187255859375 0.8227489089965819 0.1698187255859375 0.8227489089965819 0.1792143642902374 0.8149352264404297 0.1792143642902374
0 0.19824317932128907 0.15115058898925782 0.20704639196395874 0.15115058898925782 0.20704639196395874 0.16224772095680237 0.19824317932128907 0.16224772095680237
0 0.4942150497436523 0.3152593040466309 0.5018087220191956 0.3152593040466309 0.5018087220191956 0.3248085588216782 0.4942150497436523 0.3248085588216782
0 0.5361014556884766 0.14879857063293456 0.5429060477018357 0.14879857063293456 0.5429060477018357 0.1575759023427963 0.5361014556884766 0.1575759023427963
0 0.4451549530029297 0.2118620491027832 0.45337000727653504 0.2118620491027832 0.45337000727653504 0.22109594881534578 0.4451549530029297 0.22109594881534578
0 0.4412474822998047 0.3824150848388672 0.44759014129638675 0.3824150848388672 0.44759014129638675 0.39047457158565524 0.4412474822998047 0.39047457158565524
0 0.8383456420898437 0.22219791412353512 0.8464647370576859 0.22219791412353512 0.8464647370576859 0.231742148399353 0.8383456420898437 0.231742148399353
0 0.18262142181396485 0.7686373138427735 0.18927237629890442 0.7686373138427735 0.18927237629890442 0.7785129916667939 0.18262142181396485 0.7785129916667939
0 0.7964131927490234 0.1701039505004883 0.8042387634515763 0.1701039505004883 0.8042387634515763 0.17958365082740785 0.7964131927490234 0.17958365082740785
0 0.552566032409668 0.5273353958129883 0.5603139489889145 0.5273353958129883 0.5603139489889145 0.5375642001628875 0.552566032409668 0.5375642001628875
0 0.8460250091552735 0.16937931060791014 0.8534047037363053 0.16937931060791014 0.8534047037363053 0.17907959163188933 0.8460250091552735 0.17907959163188933
0 0.521729965209961 0.3161457443237305 0.5296917408704758 0.3161457443237305 0.5296917408704758 0.3267652487754822 0.521729965209961 0.3267652487754822
0 0.5210088729858399 0.6867922210693359 0.5279699563980104 0.6867922210693359 0.5279699563980104 0.6967265623807907 0.5210088729858399 0.6967265623807907
0 0.4663969421386719 0.14534095764160157 0.47331455528736116 0.14534095764160157 0.47331455528736116 0.15529604315757753 0.4663969421386719 0.15529604315757753
0 0.5103298950195313 0.14891860961914063 0.5182046127319336 0.14891860961914063 0.5182046127319336 0.1590506339073181 0.5103298950195313 0.1590506339073181
0 0.49051971435546876 0.6317737579345704 0.4979581075906754 0.6317737579345704 0.4979581075906754 0.6407114946842194 0.49051971435546876 0.6407114946842194
0 0.5950576400756836 0.6320784759521484 0.6024784386157989 0.6320784759521484 0.6024784386157989 0.6405145305395126 0.5950576400756836 0.6405145305395126
0 0.16266050338745117 0.363253173828125 0.16927393138408658 0.363253173828125 0.16927393138408658 0.37246458053588866 0.16266050338745117 0.37246458053588866
0 0.20747539520263672 0.7736648559570314 0.21383819222450254 0.7736648559570314 0.21383819222450254 0.7829560351371766 0.20747539520263672 0.7829560351371766
0 0.7588688659667969 0.35837947845458984 0.7666670536994935 0.35837947845458984 0.7666670536994935 0.3686969101428985 0.7588688659667969 0.3686969101428985
0 0.889383544921875 0.18018741607666017 0.8966549491882324 0.18018741607666017 0.8966549491882324 0.18854363918304443 0.889383544921875 0.18854363918304443
0 0.46941417694091797 0.21195802688598636 0.4761477088928222 0.21195802688598636 0.4761477088928222 0.2213506019115448 0.46941417694091797 0.2213506019115448
0 0.45730525970458985 0.3147657012939453 0.46399124145507814 0.3147657012939453 0.46399124145507814 0.3236328762769699 0.45730525970458985 0.3236328762769699
0 0.7776959991455078 0.6241571807861328 0.7855988693237305 0.6241571807861328 0.7855988693237305 0.6347283196449279 0.7776959991455078 0.6347283196449279
0 0.23287126541137695 0.8178659057617188 0.24091153860092163 0.8178659057617188 0.24091153860092163 0.8273398745059969 0.23287126541137695 0.8273398745059969
0 0.44147136688232425 0.5297157669067383 0.4489762365818024 0.5297157669067383 0.4489762365818024 0.5394232028722763 0.44147136688232425 0.5394232028722763
0 0.15836503982543945 0.6066686630249023 0.16543725192546846 0.6066686630249023 0.16543725192546846 0.6159284549951553 0.15836503982543945 0.6159284549951553
0 0.15757190704345703 0.5122721481323242 0.16503834903240205 0.5122721481323242 0.16503834903240205 0.5204599118232727 0.15757190704345703 0.5204599118232727
0 0.2120140838623047 0.6087485504150391 0.21956776082515717 0.6087485504150391 0.21956776082515717 0.6174487483501434 0.2120140838623047 0.6174487483501434
0 0.46427207946777344 0.8327895355224609 0.4721619379520416 0.8327895355224609 0.4721619379520416 0.8432217240333557 0.46427207946777344 0.8432217240333557
0 0.9119857788085938 0.5316556549072265 0.9188114845752716 0.5316556549072265 0.9188114845752716 0.5409496808052063 0.9119857788085938 0.5409496808052063
0 0.7683226013183594 0.1617177200317383 0.7753952866792679 0.1617177200317383 0.7753952866792679 0.17191656947135928 0.7683226013183594 0.17191656947135928
0 0.8916416168212891 0.48044887542724607 0.8997483509778976 0.48044887542724607 0.8997483509778976 0.49000293314456933 0.8916416168212891 0.49000293314456933
0 0.8818620300292969 0.3172488021850586 0.8888072037696838 0.3172488021850586 0.8888072037696838 0.32617137908935545 0.8818620300292969 0.32617137908935545
0 0.22581634521484376 0.1495792007446289 0.23497555136680606 0.1495792007446289 0.23497555136680606 0.16035780549049378 0.22581634521484376 0.16035780549049378
0 0.4947654724121094 0.38061084747314455 0.501909601688385 0.38061084747314455 0.501909601688385 0.39136094093322754 0.4947654724121094 0.39136094093322754
0 0.7837419891357422 0.3683650588989258 0.792083992958069 0.3683650588989258 0.792083992958069 0.3804081964492798 0.7837419891357422 0.3804081964492798
0 0.23192861557006836 0.6070453262329102 0.2389333015680313 0.6070453262329102 0.2389333015680313 0.6169367772340775 0.23192861557006836 0.6169367772340775
0 0.16251399993896484 0.762987289428711 0.16909918785095215 0.762987289428711 0.16909918785095215 0.7715692907571792 0.16251399993896484 0.7715692907571792
0 0.22263078689575194 0.30285154342651366 0.2310129189491272 0.30285154342651366 0.2310129189491272 0.3142207443714142 0.22263078689575194 0.3142207443714142
0 0.8972472381591797 0.3667129898071289 0.9046673268079758 0.3667129898071289 0.9046673268079758 0.3759133678674698 0.8972472381591797 0.3759133678674698
0 0.8363030242919922 0.6290193557739258 0.8444402760267258 0.6290193557739258 0.8444402760267258 0.6373913317918777 0.8363030242919922 0.6373913317918777
0 0.12304216384887695 0.3682802963256836 0.13068264782428743 0.3682802963256836 0.13068264782428743 0.3776916879415512 0.12304216384887695 0.3776916879415512
0 0.21053903579711913 0.6641354370117187 0.21831016540527343 0.6641354370117187 0.21831016540527343 0.6729958128929138 0.21053903579711913 0.6729958128929138
0 0.5270050430297851 0.37867469787597663 0.5358284080028534 0.37867469787597663 0.5358284080028534 0.3900185012817384 0.5270050430297851 0.3900185012817384
0 0.861795654296875 0.4781130599975586 0.8702903050184249 0.4781130599975586 0.8702903050184249 0.48837202668190005 0.861795654296875 0.48837202668190005
0 0.18298322677612305 0.6153786849975585 0.19015411853790282 0.6153786849975585 0.19015411853790282 0.6243755197525024 0.18298322677612305 0.6243755197525024
0 0.2588113594055176 0.609249496459961 0.2670107996463776 0.609249496459961 0.2670107996463776 0.6188452190160751 0.2588113594055176 0.6188452190160751
0 0.7698883819580078 0.47306438446044924 0.7780523073673249 0.47306438446044924 0.7780523073673249 0.48376036047935483 0.7698883819580078 0.48376036047935483
0 0.8718798828125 0.36758148193359375 0.880012462735176 0.36758148193359375 0.880012462735176 0.3775177204608917 0.8718798828125 0.3775177204608917
0 0.8336525726318359 0.678808822631836 0.8407490921020507 0.678808822631836 0.8407490921020507 0.6884321379661561 0.8336525726318359 0.6884321379661561
0 0.4969253158569336 0.2119634246826172 0.5049031788110733 0.2119634246826172 0.5049031788110733 0.22312279820442202 0.4969253158569336 0.22312279820442202
0 0.16980443954467772 0.15118576049804688 0.1768010228872299 0.15118576049804688 0.1768010228872299 0.16111847162246706 0.16980443954467772 0.16111847162246706
0 0.14767786979675293 0.36794952392578123 0.1536786842346191 0.36794952392578123 0.1536786842346191 0.3759420853853226 0.14767786979675293 0.3759420853853226
0 0.4512685775756836 0.6836112213134765 0.45859912455081936 0.6836112213134765 0.45859912455081936 0.693728984594345 0.4512685775756836 0.693728984594345
0 0.9070269775390625 0.821674575805664 0.9147238540649414 0.821674575805664 0.9147238540649414 0.8291494059562683 0.9070269775390625 0.8291494059562683
0 0.14077415466308593 0.8177112579345704 0.14827064096927642 0.8177112579345704 0.14827064096927642 0.8271283024549484 0.14077415466308593 0.8271283024549484
0 0.1549444580078125 0.6587886810302734 0.16211149036884306 0.6587886810302734 0.16211149036884306 0.6668542557954789 0.1549444580078125 0.6668542557954789
0 0.13376813888549804 0.5185682296752929 0.14124571442604064 0.5185682296752929 0.14124571442604064 0.5271764004230499 0.13376813888549804 0.5271764004230499
0 0.4504543685913086 0.629553451538086 0.45859670698642735 0.629553451538086 0.45859670698642735 0.6404820644855499 0.4504543685913086 0.6404820644855499
0 0.8630875396728516 0.7799566650390625 0.8699175035953521 0.7799566650390625 0.8699175035953521 0.7890304267406465 0.8630875396728516 0.7890304267406465
0 0.586117057800293 0.8285101318359375 0.5949031043052673 0.8285101318359375 0.5949031043052673 0.83858029961586 0.586117057800293 0.83858029961586
0 0.13419233257016616 0.15170686871934616 0.14210623936276573 0.15170686871934616 0.14210623936276573 0.16274604665576795 0.13419233257016616 0.16274604665576795
0 0.14004174193860933 0.2151821418537715 0.14692340001913065 0.2151821418537715 0.14692340001913065 0.22760121703224603 0.14004174193860933 0.22760121703224603
0 0.1204290164091235 0.31545467477626954 0.13006333772185336 0.31545467477626954 0.13006333772185336 0.32373405822858586 0.1204290164091235 0.32373405822858586
0 0.14348257097887 0.3209742637444804 0.15414914100367808 0.3209742637444804 0.15414914100367808 0.32925364719679673 0.14348257097887 0.32925364719679673
0 0.1369449958023747 0.45804405645505103 0.14692340001913068 0.45804405645505103 0.14692340001913068 0.46954320013882384 0.1369449958023747 0.46954320013882384
0 0.1403858248426354 0.7643812441907559 0.14864381453926098 0.7643812441907559 0.14864381453926098 0.7758803878745287 0.1403858248426354 0.7758803878745287
0 0.8348402060674878 0.7769166125348093 0.8437863615721655 0.7769166125348093 0.8437863615721655 0.7870358589765294 0.8348402060674878 0.7870358589765294
0 0.8585819264452863 0.8219932557751987 0.8664958332378858 0.8219932557751987 0.8664958332378858 0.8353322624483749 0.8585819264452863 0.8353322624483749
0 0.9095061962411443 0.7718569893139494 0.9177641859377698 0.7718569893139494 0.9177641859377698 0.7815162700083186 0.9095061962411443 0.7815162700083186
0 0.8644313358137297 0.629267607635168 0.8726893255103552 0.629267607635168 0.8726893255103552 0.639386854076888 0.8644313358137297 0.639386854076888
0 0.8943665484639974 0.679403874096417 0.9036567868727011 0.679403874096417 0.9036567868727011 0.6890631547907861 0.8943665484639974 0.6890631547907861
0 0.9057212842968575 0.619148361193448 0.9122588594733528 0.619148361193448 0.9122588594733528 0.6338672651086771 0.9057212842968575 0.6338672651086771
0 0.866495833237886 0.6780239768543643 0.8733774913184073 0.6780239768543643 0.8733774913184073 0.6904430520328388 0.866495833237886 0.6904430520328388
0 0.866839916141912 0.5331347664388281 0.8740656571264594 0.5331347664388281 0.8740656571264594 0.5455538416173026 0.866839916141912 0.5455538416173026
0 0.8871408074794499 0.222657886976965 0.8953987971760755 0.222657886976965 0.8953987971760755 0.2332370991660359 0.8871408074794499 0.2332370991660359
