0 0.4423008705314762 0.3026746943864603 0.45138465919776427 0.3026746943864603 0.45138465919776427 0.30925220457357816 0.4423008705314762 0.30925220457357816
0 0.4827994283353443 0.30065084509811624 0.48847679625177437 0.30065084509811624 0.48847679625177437 0.3082402799294062 0.4827994283353443 0.3082402799294062
0 0.501723988056778 0.3026746943864603 0.5104292855286375 0.3026746943864603 0.5104292855286375 0.3107700915398362 0.501723988056778 0.3107700915398362
0 0.5426010370550747 0.30419258135271826 0.5509278433325057 0.30419258135271826 0.5509278433325057 0.31228797850609424 0.5426010370550747 0.31228797850609424
0 0.574772788581512 0.30318065670854627 0.5812071388867995 0.30318065670854627 0.5812071388867995 0.31127605386192225 0.574772788581512 0.31127605386192225
0 0.4415438881426188 0.35377688891714626 0.45100616800333565 0.35377688891714626 0.45100616800333565 0.36288421071469423 0.4415438881426188 0.36288421071469423
0 0.4797714987799149 0.35529477588340413 0.48847679625177437 0.35529477588340413 0.48847679625177437 0.3628842107146941 0.4797714987799149 0.3628842107146941
0 0.5115647591119235 0.35529477588340413 0.5176206182227823 0.35529477588340413 0.5176206182227823 0.36440209768095216 0.5115647591119235 0.36440209768095216
0 0.5463859489993614 0.3578245874938343 0.5535772816935061 0.3578245874938343 0.5535772816935061 0.36591998464721015 0.5463859489993614 0.36591998464721015
0 0.5812071388867995 0.3547888135613182 0.5906694187475164 0.3547888135613182 0.5906694187475164 0.3664259469692961 0.5812071388867995 0.3664259469692961
0 0.4385159585871894 0.4666064867423241 0.44419332650361953 0.4666064867423241 0.44419332650361953 0.47672573318404404 0.4385159585871894 0.47672573318404404
0 0.487719813862917 0.4655945620981521 0.4960466201403479 0.4655945620981521 0.4960466201403479 0.47419592157361407 0.487719813862917 0.47419592157361407
0 0.5267044068890705 0.474195921573614 0.5335172483887864 0.474195921573614 0.5335172483887864 0.483303243371162 0.5267044068890705 0.483303243371162
0 0.48355641072420164 0.511637133407978 0.4911262346127751 0.511637133407978 0.4911262346127751 0.5187206059171819 0.48355641072420164 0.5187206059171819
0 0.4570620271141944 0.5354173625460199 0.4657673245860539 0.5354173625460199 0.4657673245860539 0.542500835055224 0.4570620271141944 0.542500835055224
0 0.5176206182227822 0.5192265682392679 0.5229194949447837 0.5192265682392679 0.5229194949447837 0.527321965392644 0.5176206182227822 0.527321965392644
0 0.5615255967765084 0.52023849288344 0.5679599470817959 0.52023849288344 0.5679599470817959 0.5313696639693319 0.5615255967765084 0.5313696639693319
0 0.5683384382762245 0.4559812779785181 0.5751512797759407 0.4559812779785181 0.5751512797759407 0.46711244906441 0.5683384382762245 0.46711244906441
0 0.6103509608578074 0.468124373708582 0.6167853111630948 0.468124373708582 0.6167853111630948 0.4767257331840441 0.6103509608578074 0.4767257331840441
0 0.6027811369692339 0.513660982696322 0.6111079432466647 0.513660982696322 0.6111079432466647 0.5232742668159559 0.6027811369692339 0.5232742668159559
