0 0.5544000625610351 0.6865645599365234 0.563032515645027 0.6865645599365234 0.563032515645027 0.6968816363811493 0.5544000625610351 0.6968816363811493
0 0.4925431442260742 0.6887843322753907 0.5005930131673814 0.6887843322753907 0.5005930131673814 0.697872799038887 0.4925431442260742 0.697872799038887
0 0.5850184631347656 0.44942771911621093 0.5928649109601973 0.44942771911621093 0.5928649109601973 0.4594143986701965 0.5850184631347656 0.4594143986701965
0 0.4671504592895508 0.6875918579101562 0.4743381768465042 0.6875918579101562 0.4743381768465042 0.697059975862503 0.4671504592895508 0.697059975862503
0 0.5292691040039063 0.2882850456237793 0.5376821970939636 0.2882850456237793 0.5376821970939636 0.2999117684364319 0.5292691040039063 0.2999117684364319
0 0.5458010482788086 0.3745847702026367 0.5539688175916672 0.3745847702026367 0.5539688175916672 0.3849097919464111 0.5458010482788086 0.3849097919464111
0 0.4547294616699219 0.7708652496337891 0.4620108020305634 0.7708652496337891 0.4620108020305634 0.7802817410230637 0.4547294616699219 0.7802817410230637
0 0.5628475189208985 0.6064396286010743 0.5713633424043656 0.6064396286010743 0.5713633424043656 0.6173276448249817 0.5628475189208985 0.6173276448249817
0 0.4449380111694336 0.8472548675537109 0.45161784172058106 0.8472548675537109 0.45161784172058106 0.8554822009801865 0.4449380111694336 0.8554822009801865
0 0.5549918746948242 0.4500291442871094 0.5640283900499343 0.4500291442871094 0.5640283900499343 0.46044824838638304 0.5549918746948242 0.46044824838638304
0 0.48319183349609374 0.7713707733154297 0.49030476510524745 0.7713707733154297 0.49030476510524745 0.7811703157424926 0.48319183349609374 0.7811703157424926
0 0.44574737548828125 0.6847672271728515 0.4534821623563766 0.6847672271728515 0.4534821623563766 0.6945290571451187 0.44574737548828125 0.6945290571451187
0 0.5397900009155273 0.7683991241455078 0.5472901690006255 0.7683991241455078 0.5472901690006255 0.7784618604183197 0.5397900009155273 0.7784618604183197
0 0.4456921005249023 0.37828662872314456 0.452757511138916 0.37828662872314456 0.452757511138916 0.38776083469390876 0.4456921005249023 0.38776083469390876
0 0.4924016571044922 0.3521955490112304 0.5004580610990524 0.3521955490112304 0.5004580610990524 0.36203881204128263 0.4924016571044922 0.36203881204128263
0 0.5936940765380859 0.6838681030273438 0.6017733687162399 0.6838681030273438 0.6017733687162399 0.694699788093567 0.5936940765380859 0.694699788093567
0 0.5065838241577149 0.848813705444336 0.5150841522216797 0.848813705444336 0.5150841522216797 0.8580370503664018 0.5065838241577149 0.8580370503664018
0 0.5535973739624024 0.521557273864746 0.5608754616975785 0.521557273864746 0.5608754616975785 0.5308903950452803 0.5535973739624024 0.5308903950452803
0 0.5059362411499023 0.2947545623779297 0.5148039633035659 0.2947545623779297 0.5148039633035659 0.3052427065372467 0.5059362411499023 0.3052427065372467
0 0.5375413513183593 0.610031623840332 0.5444678950309753 0.610031623840332 0.5444678950309753 0.619511798620224 0.5375413513183593 0.619511798620224
0 0.4757822799682617 0.29438982009887693 0.4851149219274521 0.29438982009887693 0.4851149219274521 0.3045883047580719 0.4757822799682617 0.3045883047580719
0 0.4462457275390625 0.4511172103881836 0.45355944871902465 0.4511172103881836 0.45355944871902465 0.4613126504421234 0.4462457275390625 0.4613126504421234
0 0.6037397003173828 0.28753200531005857 0.6109089654684066 0.28753200531005857 0.6109089654684066 0.29870863318443297 0.6037397003173828 0.29870863318443297
0 0.46334247589111327 0.3761993408203125 0.4707753986120224 0.3761993408203125 0.4707753986120224 0.3864915919303894 0.46334247589111327 0.3864915919303894
0 0.4433842086791992 0.5247871398925781 0.4496048855781555 0.5247871398925781 0.4496048855781555 0.5330023378133774 0.4433842086791992 0.5330023378133774
0 0.4736842346191406 0.6074718856811523 0.4822072148323059 0.6074718856811523 0.4822072148323059 0.6174454414844512 0.4736842346191406 0.6174454414844512
0 0.5292688369750976 0.5265775680541992 0.5373562318086624 0.5265775680541992 0.5373562318086624 0.5373852574825287 0.5292688369750976 0.5373852574825287
0 0.8277217102050781 0.0002840285934507847 0.8363788253068924 0.0002840285934507847 0.8363788253068924 0.011348606888204812 0.8277217102050781 0.011348606888204812
0 0.5132398986816407 0.6945581817626953 0.5205287504196168 0.6945581817626953 0.5205287504196168 0.7046834552288055 0.5132398986816407 0.7046834552288055
0 0.5382690811157227 0.8483493804931641 0.5464636421203615 0.8483493804931641 0.5464636421203615 0.8591220855712891 0.5382690811157227 0.8591220855712891
0 0.564215087890625 0.7657231140136719 0.5720669174194336 0.7657231140136719 0.5720669174194336 0.7751131200790405 0.564215087890625 0.7751131200790405
0 0.5627719116210937 0.28648857116699217 0.5707303166389466 0.28648857116699217 0.5707303166389466 0.2968724536895752 0.5627719116210937 0.2968724536895752
0 0.5143432998657227 0.6102153396606446 0.5225872451066972 0.6102153396606446 0.5225872451066972 0.6205724596977235 0.5143432998657227 0.6205724596977235
0 0.4799246597290039 0.8522335815429688 0.4873074889183044 0.8522335815429688 0.4873074889183044 0.8622950530052185 0.4799246597290039 0.8622950530052185
0 0.6126505661010743 0.36764434814453123 0.6207333475351334 0.36764434814453123 0.6207333475351334 0.37720243752002713 0.6126505661010743 0.37720243752002713
0 0.4621327590942383 0.8494369506835937 0.4691360110044479 0.8494369506835937 0.4691360110044479 0.8588354158401489 0.4621327590942383 0.8588354158401489
0 0.5825697071867427 0.28516839804228455 0.589647492522559 0.28516839804228455 0.589647492522559 0.2951864520195874 0.5825697071867427 0.2951864520195874
0 0.46890880149981196 0.4538056399935481 0.47890096903272894 0.4538056399935481 0.47890096903272894 0.46493681107944007 0.46890880149981196 0.46493681107944007
0 0.5092938119453515 0.7665915475071128 0.51970231979214 0.7665915475071128 0.51970231979214 0.7771661600387101 0.5092938119453515 0.7771661600387101
