0 0.16605283737182616 0.21727743148803708 0.17358637630939483 0.21727743148803708 0.17358637630939483 0.22718214452266688 0.16605283737182616 0.22718214452266688
0 0.5323815536499024 0.15550235748291016 0.5399364876747131 0.15550235748291016 0.5399364876747131 0.1653060704469681 0.5323815536499024 0.1653060704469681
0 0.4760910415649414 0.3202213287353516 0.48386350214481355 0.3202213287353516 0.48386350214481355 0.3304792475700378 0.4760910415649414 0.3304792475700378
0 0.523077507019043 0.5223775482177735 0.5300092554092407 0.5223775482177735 0.5300092554092407 0.5317479467391968 0.523077507019043 0.5317479467391968
0 0.1622334289550781 0.32168121337890626 0.16934605002403258 0.32168121337890626 0.16934605002403258 0.33144059240818025 0.1622334289550781 0.33144059240818025
0 0.5247013092041015 0.6786698150634766 0.5317357289791107 0.6786698150634766 0.5317357289791107 0.6875405478477478 0.5247013092041015 0.6875405478477478
0 0.5088814544677734 0.20587024688720706 0.5160886299610137 0.20587024688720706 0.5160886299610137 0.2140601843595505 0.5088814544677734 0.2140601843595505
0 0.49790554046630864 0.6262780380249023 0.506467376947403 0.6262780380249023 0.506467376947403 0.6360084015130997 0.49790554046630864 0.6360084015130997
0 0.19717697143554688 0.8345290374755859 0.2041111594438553 0.8345290374755859 0.2041111594438553 0.8431863844394683 0.19717697143554688 0.8431863844394683
0 0.539438362121582 0.6264826202392578 0.5481299579143524 0.6264826202392578 0.5481299579143524 0.6361404848098755 0.539438362121582 0.6361404848098755
0 0.14170303344726562 0.218520450592041 0.14951074302196501 0.218520450592041 0.14951074302196501 0.22712806761264798 0.14170303344726562 0.22712806761264798
0 0.47770797729492187 0.47143695831298826 0.4857903742790222 0.47143695831298826 0.4857903742790222 0.4806711745262146 0.47770797729492187 0.4806711745262146
0 0.5476924133300781 0.7830851745605468 0.5553707188367843 0.7830851745605468 0.5553707188367843 0.791842138171196 0.5476924133300781 0.791842138171196
0 0.48584007263183593 0.2073274040222168 0.4932300877571106 0.2073274040222168 0.4932300877571106 0.21603313624858855 0.48584007263183593 0.21603313624858855
0 0.5552939605712891 0.3126223182678223 0.5635460674762727 0.3126223182678223 0.5635460674762727 0.323054803609848 0.5552939605712891 0.323054803609848
0 0.45453964233398436 0.06309597492218018 0.46191297888755795 0.06309597492218018 0.46191297888755795 0.07123356461524964 0.45453964233398436 0.07123356461524964
0 0.13954221725463867 0.32098876953125 0.14616710424423218 0.32098876953125 0.14616710424423218 0.3304595363140106 0.13954221725463867 0.3304595363140106
0 0.2334677505493164 0.21878942489624023 0.24064403891563416 0.21878942489624023 0.24064403891563416 0.22818530082702634 0.2334677505493164 0.22818530082702634
0 0.49209300994873045 0.15778037071228027 0.49833997607231145 0.15778037071228027 0.49833997607231145 0.16756134331226347 0.49209300994873045 0.16756134331226347
0 0.16338184356689453 0.3728846740722656 0.16986946105957032 0.3728846740722656 0.16986946105957032 0.38205425739288335 0.16338184356689453 0.38205425739288335
0 0.52935791015625 0.7823553466796875 0.5359208452701568 0.7823553466796875 0.5359208452701568 0.7924659156799316 0.52935791015625 0.7924659156799316
0 0.5027699661254883 0.7808949279785157 0.5108604955673217 0.7808949279785157 0.5108604955673217 0.7911562657356263 0.5027699661254883 0.7911562657356263
0 0.4748804473876953 0.06288182735443115 0.4817956066131592 0.06288182735443115 0.4817956066131592 0.07113358616828919 0.4748804473876953 0.07113358616828919
0 0.2182382583618164 0.021261327266693116 0.2250819432735443 0.021261327266693116 0.2250819432735443 0.02872498989105225 0.2182382583618164 0.02872498989105225
0 0.208273983001709 0.6245856094360351 0.21620312690734864 0.6245856094360351 0.21620312690734864 0.634537502527237 0.208273983001709 0.634537502527237
0 0.2489037895202637 0.8364195251464843 0.2560850608348847 0.8364195251464843 0.2560850608348847 0.8457005059719086 0.2489037895202637 0.8457005059719086
0 0.2478693199157715 0.1643798065185547 0.2550095903873444 0.1643798065185547 0.2550095903873444 0.1750299072265625 0.2478693199157715 0.1750299072265625
0 0.22019424438476562 0.3249150466918945 0.22749915301799772 0.3249150466918945 0.22749915301799772 0.33469577252864835 0.22019424438476562 0.33469577252864835
0 0.4951729583740234 0.4701887512207031 0.502452672123909 0.4701887512207031 0.502452672123909 0.4791822654008865 0.4951729583740234 0.4791822654008865
0 0.1592060661315918 0.5312868881225586 0.16637543499469756 0.5312868881225586 0.16637543499469756 0.5417112100124359 0.1592060661315918 0.5417112100124359
0 0.49800048828125 0.6861279296874999 0.5058810615539551 0.6861279296874999 0.5058810615539551 0.6947094565629959 0.49800048828125 0.6947094565629959
0 0.4715858459472656 0.6276456832885742 0.47935718297958374 0.6276456832885742 0.47935718297958374 0.6371894627809525 0.4715858459472656 0.6371894627809525
0 0.1723451805114746 0.7784882354736328 0.179798966050148 0.7784882354736328 0.179798966050148 0.7882281655073166 0.1723451805114746 0.7882281655073166
0 0.5496850967407226 0.5220590972900391 0.5576343345642089 0.5220590972900391 0.5576343345642089 0.5315661132335663 0.5496850967407226 0.5315661132335663
0 0.20388111114501953 0.22544782638549807 0.21177667677402495 0.22544782638549807 0.21177667677402495 0.23492663741111758 0.20388111114501953 0.23492663741111758
0 0.45093021392822263 0.47008682250976563 0.45825156450271604 0.47008682250976563 0.45825156450271604 0.48026648998260507 0.45093021392822263 0.48026648998260507
0 0.18585849761962892 0.3727278137207031 0.19334803462028505 0.3727278137207031 0.19334803462028505 0.3810961526632309 0.18585849761962892 0.3810961526632309
0 0.47903034210205075 0.779173355102539 0.48662040710449217 0.779173355102539 0.48662040710449217 0.7886608433723449 0.47903034210205075 0.7886608433723449
0 0.13441153526306152 0.7742513275146484 0.14078119277954101 0.7742513275146484 0.14078119277954101 0.7826815319061279 0.13441153526306152 0.7826815319061279
0 0.17821866989135743 0.831962661743164 0.1847236156463623 0.831962661743164 0.1847236156463623 0.840527822971344 0.17821866989135743 0.840527822971344
0 0.55574951171875 0.832252197265625 0.5633443671464918 0.832252197265625 0.5633443671464918 0.8406847733259201 0.55574951171875 0.8406847733259201
0 0.2399566078186035 0.6244704437255859 0.24708228468894955 0.6244704437255859 0.24708228468894955 0.6343086862564087 0.2399566078186035 0.6343086862564087
0 0.5030368041992187 0.5204496383666992 0.5106712257862089 0.5204496383666992 0.5106712257862089 0.5310837495326995 0.5030368041992187 0.5310837495326995
0 0.4539031982421875 0.8379907989501953 0.4608839762210846 0.8379907989501953 0.4608839762210846 0.8470493018627168 0.4539031982421875 0.8470493018627168
0 0.4710392379760742 0.009978291988372802 0.4783014750480652 0.009978291988372802 0.4783014750480652 0.018562522530555722 0.4710392379760742 0.018562522530555722
0 0.17124076843261718 0.16198143005371093 0.1781062626838684 0.16198143005371093 0.1781062626838684 0.17211641907691955 0.17124076843261718 0.17211641907691955
0 0.5056641006469726 0.3618378448486328 0.5127186882495879 0.3618378448486328 0.5127186882495879 0.3711768561601639 0.5056641006469726 0.3711768561601639
0 0.45116912841796875 0.6805329895019532 0.45824110388755795 0.6805329895019532 0.45824110388755795 0.6904836171865464 0.45116912841796875 0.6904836171865464
0 0.18471765518188477 0.6695803070068359 0.19224357962608338 0.6695803070068359 0.19224357962608338 0.6789993280172348 0.18471765518188477 0.6789993280172348
0 0.15492782592773438 0.4720366668701172 0.1616588294506073 0.4720366668701172 0.1616588294506073 0.48049284279346466 0.15492782592773438 0.48049284279346466
0 0.5318494033813477 0.827869873046875 0.5387616348266602 0.827869873046875 0.5387616348266602 0.8374692326784133 0.5318494033813477 0.8374692326784133
0 0.21038209915161132 0.36813209533691404 0.21721261024475097 0.36813209533691404 0.21721261024475097 0.3777203071117401 0.21038209915161132 0.3777203071117401
0 0.5187319946289063 0.46709293365478516 0.5273136442899704 0.46709293365478516 0.5273136442899704 0.47703557670116425 0.5187319946289063 0.47703557670116425
0 0.5497691345214843 0.35670314788818364 0.5574529403448104 0.35670314788818364 0.5574529403448104 0.3660947746038437 0.5497691345214843 0.3660947746038437
0 0.2321820831298828 0.37164089202880857 0.23942477405071258 0.37164089202880857 0.23942477405071258 0.3814931678771973 0.2321820831298828 0.3814931678771973
0 0.21799745559692382 0.07604172706604004 0.22552491784095763 0.07604172706604004 0.22552491784095763 0.084881032705307 0.21799745559692382 0.084881032705307
0 0.5431079483032226 0.46692958831787107 0.5516488486528395 0.46692958831787107 0.5516488486528395 0.4762268161773681 0.5431079483032226 0.4762268161773681
0 0.47170825958251955 0.15297506332397462 0.47875332534313203 0.15297506332397462 0.47875332534313203 0.1623677271604538 0.47170825958251955 0.1623677271604538
0 0.1708902359008789 0.07597023010253906 0.17794378876686096 0.07597023010253906 0.17794378876686096 0.08495149970054626 0.1708902359008789 0.08495149970054626
0 0.21297197341918944 0.6736422729492187 0.22056160926818846 0.6736422729492187 0.22056160926818846 0.684145143032074 0.21297197341918944 0.684145143032074
0 0.22191251754760744 0.16683174133300782 0.22936118721961976 0.16683174133300782 0.22936118721961976 0.1772008991241455 0.22191251754760744 0.1772008991241455
0 0.4680183410644531 0.2147964859008789 0.4744592356681823 0.2147964859008789 0.4744592356681823 0.2244030797481537 0.4680183410644531 0.2244030797481537
0 0.47957462310791016 0.8367267608642577 0.48642318725585937 0.8367267608642577 0.48642318725585937 0.8458888334035873 0.47957462310791016 0.8458888334035873
0 0.4558884811401367 0.6287376403808593 0.46229134678840633 0.6287376403808593 0.46229134678840633 0.6373820209503174 0.4558884811401367 0.6373820209503174
0 0.5201568603515625 0.6287332153320313 0.5272960811853409 0.6287332153320313 0.5272960811853409 0.63815824508667 0.5201568603515625 0.63815824508667
0 0.13131549835205078 0.4730131149291993 0.13937237560749055 0.4730131149291993 0.13937237560749055 0.4822840547561646 0.13131549835205078 0.4822840547561646
0 0.1658642578125 0.023940258026123047 0.17246958374977114 0.023940258026123047 0.17246958374977114 0.03196399688720703 0.1658642578125 0.03196399688720703
0 0.15730910301208495 0.6189990615844727 0.16360305786132814 0.6189990615844727 0.16360305786132814 0.6282302337884904 0.15730910301208495 0.6282302337884904
0 0.18483348846435546 0.31846471786499025 0.19274761021137235 0.31846471786499025 0.19274761021137235 0.32848193526268005 0.18483348846435546 0.32848193526268005
0 0.48240726470947265 0.36749137878417965 0.4901493257284164 0.36749137878417965 0.4901493257284164 0.37672472476959223 0.48240726470947265 0.37672472476959223
0 0.15461027145385742 0.6592465972900391 0.16160131037235262 0.6592465972900391 0.16160131037235262 0.668217500448227 0.15461027145385742 0.668217500448227
0 0.23469121932983397 0.671273193359375 0.24223472416400907 0.671273193359375 0.24223472416400907 0.6798912465572358 0.23469121932983397 0.6798912465572358
0 0.5416400527954102 0.011356006860733034 0.5495276641845704 0.011356006860733034 0.5495276641845704 0.019437849521636963 0.5416400527954102 0.019437849521636963
0 0.4483431625366211 0.21586435317993166 0.4557188057899475 0.21586435317993166 0.4557188057899475 0.2256050741672516 0.4483431625366211 0.2256050741672516
0 0.15149503707885742 0.7797534179687501 0.15841653883457182 0.7797534179687501 0.15841653883457182 0.7895478212833406 0.15149503707885742 0.7895478212833406
0 0.1576560401916504 0.8282239532470703 0.16412371158599853 0.8282239532470703 0.16412371158599853 0.8373695021867753 0.1576560401916504 0.8373695021867753
0 0.14002501487731933 0.36875881195068355 0.14679694533348084 0.36875881195068355 0.14679694533348084 0.3782408052682876 0.14002501487731933 0.3782408052682876
0 0.2227486228942871 0.7796846771240235 0.23013222098350522 0.7796846771240235 0.23013222098350522 0.7888754487037659 0.2227486228942871 0.7888754487037659
0 0.22956260681152343 0.5274457931518555 0.23851320266723633 0.5274457931518555 0.23851320266723633 0.5383409237861633 0.22956260681152343 0.5383409237861633
0 0.5276901626586914 0.309159049987793 0.5357043981552123 0.309159049987793 0.5357043981552123 0.3195498311519623 0.5276901626586914 0.3195498311519623
0 0.4484171676635742 0.319942798614502 0.4566671752929687 0.319942798614502 0.4566671752929687 0.3300339770317078 0.4484171676635742 0.3300339770317078
0 0.14598620414733887 0.07584426879882812 0.15325593769550322 0.07584426879882812 0.15325593769550322 0.0852393889427185 0.14598620414733887 0.0852393889427185
0 0.1451198101043701 0.023111536502838134 0.15084062874317167 0.023111536502838134 0.15084062874317167 0.03109367489814758 0.1451198101043701 0.03109367489814758
0 0.49861476898193363 0.05531928062438965 0.5059504616260528 0.05531928062438965 0.5059504616260528 0.06402782917022705 0.49861476898193363 0.06402782917022705
0 0.5111134338378907 0.1556648063659668 0.5185273718833924 0.1556648063659668 0.5185273718833924 0.16604862928390504 0.5111134338378907 0.16604862928390504
0 0.20961612701416016 0.8386721038818359 0.21664572715759278 0.8386721038818359 0.21664572715759278 0.8468796724081038 0.20961612701416016 0.8468796724081038
0 0.22387462615966797 0.47453449249267576 0.2328317719697952 0.47453449249267576 0.2328317719697952 0.4849698829650879 0.22387462615966797 0.4849698829650879
0 0.51881103515625 0.007172225117683411 0.5261660081148148 0.007172225117683411 0.5261660081148148 0.01762053906917572 0.51881103515625 0.01762053906917572
0 0.45556140899658204 0.7862097930908204 0.4627936017513275 0.7862097930908204 0.4627936017513275 0.7967254710197449 0.45556140899658204 0.7967254710197449
0 0.19430524826049805 0.026323602199554444 0.20092469453811646 0.026323602199554444 0.20092469453811646 0.03578021466732025 0.19430524826049805 0.03578021466732025
0 0.19487104415893555 0.15996360778808594 0.20262673795223238 0.15996360778808594 0.20262673795223238 0.17021608114242553 0.19487104415893555 0.17021608114242553
0 0.5267438125610352 0.204605712890625 0.5344284462928772 0.204605712890625 0.5344284462928772 0.21422545015811922 0.5267438125610352 0.21422545015811922
0 0.5033691024780274 0.3115070915222168 0.5113901984691621 0.3115070915222168 0.5113901984691621 0.3219668328762054 0.5033691024780274 0.3219668328762054
0 0.4526036834716797 0.004968955516815186 0.45977794647216796 0.004968955516815186 0.45977794647216796 0.015198311805725099 0.4526036834716797 0.015198311805725099
0 0.542310562133789 0.6806441497802734 0.5498194241523743 0.6806441497802734 0.5498194241523743 0.6903718256950379 0.542310562133789 0.6903718256950379
0 0.19739646911621095 0.4732112121582031 0.20518327176570894 0.4732112121582031 0.20518327176570894 0.4833309519290924 0.19739646911621095 0.4833309519290924
0 0.1379837703704834 0.6751393127441406 0.14501372516155245 0.6751393127441406 0.14501372516155245 0.6849500024318695 0.1379837703704834 0.6849500024318695
0 0.14003927230834962 0.1611172866821289 0.14805318236351012 0.1611172866821289 0.14805318236351012 0.17147612690925598 0.14003927230834962 0.17147612690925598
0 0.4732308197021484 0.5224040603637695 0.48059877455234523 0.5224040603637695 0.48059877455234523 0.5324210596084595 0.4732308197021484 0.5324210596084595
0 0.19386850357055663 0.07821624755859374 0.20080130159854886 0.07821624755859374 0.20080130159854886 0.08792482078075409 0.19386850357055663 0.08792482078075409
0 0.5445990753173828 0.055022754669189454 0.55153129696846 0.055022754669189454 0.55153129696846 0.0639196413755417 0.5445990753173828 0.0639196413755417
0 0.20088159561157226 0.775890121459961 0.20837076306343078 0.775890121459961 0.20837076306343078 0.7856217503547669 0.20088159561157226 0.7856217503547669
0 0.5015373611450196 0.8283543395996094 0.5090106785297395 0.8283543395996094 0.5090106785297395 0.8391251468658447 0.5015373611450196 0.8391251468658447
0 0.4754823303222656 0.6822403717041016 0.4838162612915039 0.6822403717041016 0.4838162612915039 0.6927047383785249 0.4754823303222656 0.6927047383785249
0 0.2627553367614746 0.22421619415283203 0.27045304119586944 0.22421619415283203 0.27045304119586944 0.2347149324417114 0.2627553367614746 0.2347149324417114
0 0.17523670196533203 0.47216197967529294 0.1829266732931137 0.47216197967529294 0.1829266732931137 0.4809052264690398 0.17523670196533203 0.4809052264690398
0 0.18156814575195312 0.5255779266357422 0.18849733650684358 0.5255779266357422 0.18849733650684358 0.5363895297050476 0.18156814575195312 0.5363895297050476
0 0.4494350051879883 0.15709977149963378 0.4574701768159866 0.15709977149963378 0.4574701768159866 0.16773462414741516 0.4494350051879883 0.16773462414741516
0 0.2533315849304199 0.32389984130859373 0.2615323561429977 0.32389984130859373 0.2615323561429977 0.33455288767814634 0.2533315849304199 0.33455288767814634
0 0.20256059646606445 0.5256959533691407 0.21038865089416503 0.5256959533691407 0.21038865089416503 0.536409718990326 0.20256059646606445 0.536409718990326
0 0.5281695175170898 0.35554496765136717 0.5355789607763289 0.35554496765136717 0.5355789607763289 0.3655660390853882 0.5281695175170898 0.3655660390853882
0 0.24998210906982424 0.021653232574462892 0.25647401392459873 0.021653232574462892 0.25647401392459873 0.029191518425941466 0.24998210906982424 0.029191518425941466
0 0.13628951072692871 0.824577865600586 0.14340976119041443 0.824577865600586 0.14340976119041443 0.8332258832454682 0.13628951072692871 0.8332258832454682
0 0.45623443603515623 0.3704240036010742 0.46425437867641445 0.3704240036010742 0.46425437867641445 0.3806989800930023 0.45623443603515623 0.3806989800930023
0 0.13499302864074708 0.5255736923217773 0.14261769175529482 0.5255736923217773 0.14261769175529482 0.5350674259662628 0.13499302864074708 0.5350674259662628
0 0.13268890380859374 0.6197780227661133 0.140095020532608 0.6197780227661133 0.140095020532608 0.6294168335199357 0.13268890380859374 0.6294168335199357
0 0.4498374557495117 0.5237424468994141 0.45736432671546934 0.5237424468994141 0.45736432671546934 0.5334176653623581 0.4498374557495117 0.5334176653623581
0 0.24659502029418945 0.07258632659912109 0.25420655369758605 0.07258632659912109 0.25420655369758605 0.08230123877525329 0.24659502029418945 0.08230123877525329
0 0.17581635114481314 0.6209078543421407 0.18337292784158166 0.6209078543421407 0.18337292784158166 0.6296625204011946 0.17581635114481314 0.6296625204011946
0 0.4952076595282274 0.012795281163232834 0.5032680080047804 0.012795281163232834 0.5032680080047804 0.023570254774376274 0.4952076595282274 0.023570254774376274
0 0.5178773896185328 0.05589517560780659 0.5254339663153013 0.05589517560780659 0.5254339663153013 0.0673435850696465 0.5178773896185328 0.0673435850696465
