0 0.4925257873535156 0.6337089538574219 0.5000822883844376 0.6337089538574219 0.5000822883844376 0.6432315450906754 0.4925257873535156 0.6432315450906754
0 0.47002712249755857 0.5307450103759765 0.47753539323806754 0.5307450103759765 0.47753539323806754 0.5397890448570252 0.47002712249755857 0.5397890448570252
0 0.46703994750976563 0.6347645568847656 0.4745203322172165 0.6347645568847656 0.4745203322172165 0.6444814014434814 0.46703994750976563 0.6444814014434814
0 0.5156715774536133 0.6333048248291016 0.5231314694881439 0.6333048248291016 0.5231314694881439 0.6430662596225738 0.5156715774536133 0.6430662596225738
0 0.5169773101806641 0.31260200500488283 0.524272962808609 0.31260200500488283 0.524272962808609 0.32187420964241026 0.5169773101806641 0.32187420964241026
0 0.5396208953857422 0.22805185317993165 0.5472317188978195 0.22805185317993165 0.5472317188978195 0.23756560921669007 0.5396208953857422 0.23756560921669007
0 0.4908274078369141 0.3141724967956543 0.4979944849014283 0.3141724967956543 0.4979944849014283 0.3226134335994721 0.4908274078369141 0.3226134335994721
0 0.4938139343261719 0.16297576904296876 0.5012712240219116 0.16297576904296876 0.5012712240219116 0.1730392372608185 0.4938139343261719 0.1730392372608185
0 0.49285396575927737 0.5343798446655273 0.49950801014900215 0.5343798446655273 0.49950801014900215 0.5436569905281067 0.49285396575927737 0.5436569905281067
0 0.5164778137207031 0.3520440673828125 0.5232493448257446 0.3520440673828125 0.5232493448257446 0.3609602600336075 0.5164778137207031 0.3609602600336075
0 0.47653430938720703 0.35706844329833987 0.48344198703765867 0.35706844329833987 0.48344198703765867 0.36535455882549284 0.47653430938720703 0.36535455882549284
0 0.545217399597168 0.31036054611206054 0.5525628507137299 0.31036054611206054 0.5525628507137299 0.3205653357505798 0.545217399597168 0.3205653357505798
0 0.4512161636352539 0.21861181259155277 0.45801442742347714 0.21861181259155277 0.45801442742347714 0.22738543868064884 0.4512161636352539 0.22738543868064884
0 0.5263495635986328 0.470950813293457 0.5325288999080657 0.470950813293457 0.5325288999080657 0.47915774881839746 0.5263495635986328 0.47915774881839746
0 0.46786640167236326 0.30952829360961914 0.4751590383052825 0.30952829360961914 0.4751590383052825 0.31844812333583833 0.46786640167236326 0.31844812333583833
0 0.4452215576171875 0.6331936264038086 0.4529142642021179 0.6331936264038086 0.4529142642021179 0.6421533423662185 0.4452215576171875 0.6421533423662185
0 0.4472015762329102 0.31250503540039065 0.454803735613823 0.31250503540039065 0.454803735613823 0.3211112099885941 0.4472015762329102 0.3211112099885941
0 0.49805202484130867 0.3558664321899414 0.5050252914428711 0.3558664321899414 0.5050252914428711 0.364512552022934 0.49805202484130867 0.364512552022934
0 0.5084696578979492 0.22470989227294919 0.515987154841423 0.22470989227294919 0.515987154841423 0.2346613699197769 0.5084696578979492 0.2346613699197769
0 0.4521516036987305 0.3578577423095703 0.4588379400968552 0.3578577423095703 0.4588379400968552 0.3664706963300705 0.4521516036987305 0.3664706963300705
0 0.5030654907226563 0.470361328125 0.5106546092033386 0.470361328125 0.5106546092033386 0.4800216436386108 0.5030654907226563 0.4800216436386108
0 0.5186297988891602 0.5282465362548828 0.5259227901697159 0.5282465362548828 0.5259227901697159 0.5384192860126495 0.5186297988891602 0.5384192860126495
0 0.5457575607299805 0.46564594268798826 0.5533058708906174 0.46564594268798826 0.5533058708906174 0.47460134983062746 0.5457575607299805 0.47460134983062746
0 0.5444835662841797 0.5272976684570313 0.5526115918159485 0.5272976684570313 0.5526115918159485 0.537373687028885 0.5444835662841797 0.537373687028885
0 0.4546866226196289 0.4725877761840821 0.46289567351341243 0.4725877761840821 0.46289567351341243 0.48098513066768656 0.4546866226196289 0.48098513066768656
0 0.5406824111938476 0.3477088928222657 0.5478066098690033 0.3477088928222657 0.5478066098690033 0.35631433606147767 0.5406824111938476 0.35631433606147767
0 0.44867523193359377 0.5303855133056641 0.4561891508102417 0.5303855133056641 0.4561891508102417 0.5402597683668137 0.44867523193359377 0.5402597683668137
0 0.4485844421386719 0.16493585586547851 0.45638422667980194 0.16493585586547851 0.45638422667980194 0.17475489616394044 0.4485844421386719 0.17475489616394044
0 0.49038105010986327 0.22125896453857422 0.49680890381336207 0.22125896453857422 0.49680890381336207 0.2308047604560852 0.49038105010986327 0.2308047604560852
0 0.4708893966674805 0.1617913818359375 0.47838991940021514 0.1617913818359375 0.47838991940021514 0.17172756135463715 0.4708893966674805 0.17172756135463715
0 0.5446158218383789 0.6296683883666992 0.5518927264213561 0.6296683883666992 0.5518927264213561 0.6397788381576538 0.5446158218383789 0.6397788381576538
0 0.47971042633056643 0.4724311447143555 0.48804202079772957 0.4724311447143555 0.48804202079772957 0.4820086836814881 0.47971042633056643 0.4820086836814881
0 0.4720881271362305 0.21757246017456056 0.4794703942537308 0.21757246017456056 0.4794703942537308 0.22569339752197268 0.4720881271362305 0.22569339752197268
0 0.641611328125 0.5917669296264648 0.6526912784576416 0.5917669296264648 0.6526912784576416 0.60484050989151 0.641611328125 0.60484050989151
0 0.5409214836517529 0.16141732283464566 0.550738570469389 0.16141732283464566 0.550738570469389 0.17191601049868763 0.5409214836517529 0.17191601049868763
