0 0.28313163757324217 0.9801494598388671 0.2896900779008865 0.9801494598388671 0.2896900779008865 0.9895167750120163 0.28313163757324217 0.9895167750120163
0 0.15514373779296875 0.46830966949462893 0.1620483100414276 0.46830966949462893 0.1620483100414276 0.4772661834955216 0.15514373779296875 0.4772661834955216
0 0.47627490997314453 0.14373038291931153 0.4836686211824417 0.14373038291931153 0.4836686211824417 0.15228529632091523 0.47627490997314453 0.15228529632091523
0 0.20225812911987304 0.9193502807617188 0.2093413859605789 0.9193502807617188 0.2093413859605789 0.9280923020839692 0.20225812911987304 0.9280923020839692
0 0.21109968185424804 0.7721250152587891 0.21793314993381502 0.7721250152587891 0.21793314993381502 0.7805974382162094 0.21109968185424804 0.7805974382162094
0 0.4770947265625 0.3630148315429687 0.48462319433689116 0.3630148315429687 0.48462319433689116 0.3717557460069656 0.4770947265625 0.3717557460069656
0 0.44588115692138675 0.302979621887207 0.45325132966041565 0.302979621887207 0.45325132966041565 0.31240552127361293 0.44588115692138675 0.31240552127361293
0 0.5384376525878907 0.3534809875488281 0.5460745584964752 0.3534809875488281 0.5460745584964752 0.36334385752677917 0.5384376525878907 0.36334385752677917
0 0.5079784393310547 0.3623539352416992 0.5154027867317199 0.3623539352416992 0.5154027867317199 0.3716696238517761 0.5079784393310547 0.3716696238517761
0 0.46968883514404297 0.8152359771728516 0.4777946525812149 0.8152359771728516 0.4777946525812149 0.8240729504823685 0.46968883514404297 0.8240729504823685
0 0.5535215759277343 0.6168352890014649 0.5610922420024871 0.6168352890014649 0.5610922420024871 0.6257622736692429 0.5535215759277343 0.6257622736692429
0 0.540289306640625 0.5293741226196289 0.5490053874254227 0.5293741226196289 0.5490053874254227 0.5390038019418716 0.540289306640625 0.5390038019418716
0 0.48351852416992186 0.20456642150878906 0.4909853655099869 0.20456642150878906 0.4909853655099869 0.2149969303607941 0.48351852416992186 0.2149969303607941
0 0.5634379577636719 0.6677285003662109 0.5714164119958878 0.6677285003662109 0.5714164119958878 0.676345130801201 0.5634379577636719 0.676345130801201
0 0.14772570610046387 0.6682009124755859 0.1552919805049896 0.6682009124755859 0.1552919805049896 0.676308073401451 0.14772570610046387 0.676308073401451
0 0.5215482711791992 0.926066131591797 0.5287084877490997 0.926066131591797 0.5287084877490997 0.9367430937290192 0.5215482711791992 0.9367430937290192
0 0.27355945587158204 0.7703103637695312 0.2816944307088852 0.7703103637695312 0.2816944307088852 0.7798182493448258 0.27355945587158204 0.7798182493448258
0 0.4443281936645508 0.7736204528808593 0.4509479355812073 0.7736204528808593 0.4509479355812073 0.781791969537735 0.4443281936645508 0.781791969537735
0 0.22476594924926757 0.6263304138183594 0.23295753836631775 0.6263304138183594 0.23295753836631775 0.6348386907577515 0.22476594924926757 0.6348386907577515
0 0.25112367630004884 0.51948486328125 0.25791918992996216 0.51948486328125 0.25791918992996216 0.5284129548072815 0.25112367630004884 0.5284129548072815
0 0.4514348602294922 0.14404836654663086 0.45811616957187656 0.14404836654663086 0.45811616957187656 0.15352276027202608 0.4514348602294922 0.15352276027202608
0 0.5783393096923828 0.1466347599029541 0.5862512284517288 0.1466347599029541 0.5862512284517288 0.15586381733417512 0.5783393096923828 0.15586381733417512
0 0.5416960906982422 0.1467621898651123 0.5491931831836699 0.1467621898651123 0.5491931831836699 0.15598074197769163 0.5416960906982422 0.15598074197769163
0 0.17801284790039062 0.7742745208740235 0.1853377169370651 0.7742745208740235 0.1853377169370651 0.7835073530673982 0.17801284790039062 0.7835073530673982
0 0.5403791046142579 0.3049666976928711 0.5489163970947266 0.3049666976928711 0.5489163970947266 0.3139811438322067 0.5403791046142579 0.3139811438322067
0 0.5530226516723633 0.8230884552001954 0.5600638729333878 0.8230884552001954 0.5600638729333878 0.832239380478859 0.5530226516723633 0.832239380478859
0 0.2718168830871582 0.15757052421569825 0.2790830534696579 0.15757052421569825 0.2790830534696579 0.166507688164711 0.2718168830871582 0.166507688164711
0 0.4751862335205078 0.29850650787353517 0.4821882432699204 0.29850650787353517 0.4821882432699204 0.3084063589572906 0.4751862335205078 0.3084063589572906
0 0.5789845275878907 0.5283147811889648 0.5868504333496094 0.5283147811889648 0.5868504333496094 0.5385445737838745 0.5789845275878907 0.5385445737838745
0 0.196959228515625 0.3683130264282227 0.20426610350608823 0.3683130264282227 0.20426610350608823 0.3764144551753998 0.196959228515625 0.3764144551753998
0 0.4476689147949219 0.67006591796875 0.4543406426906586 0.67006591796875 0.4543406426906586 0.6792860215902329 0.4476689147949219 0.6792860215902329
0 0.5008049392700196 0.9772920227050781 0.508167068362236 0.9772920227050781 0.508167068362236 0.9868410205841065 0.5008049392700196 0.9868410205841065
0 0.22422828674316406 0.3624269104003906 0.23153158366680143 0.3624269104003906 0.23153158366680143 0.3712611961364746 0.22422828674316406 0.3712611961364746
0 0.5372101974487304 0.9813796234130859 0.5439395600557327 0.9813796234130859 0.5439395600557327 0.9912103945016861 0.5372101974487304 0.9912103945016861
0 0.17192031860351562 0.3681431579589844 0.1788657736778259 0.3681431579589844 0.1788657736778259 0.3762213033437729 0.17192031860351562 0.3762213033437729
0 0.5029407501220703 0.8149355316162109 0.5101007300615309 0.8149355316162109 0.5101007300615309 0.8241180813312531 0.5029407501220703 0.8241180813312531
0 0.4464582443237305 0.3613764953613281 0.4546292078495026 0.3613764953613281 0.4546292078495026 0.37054975509643556 0.4464582443237305 0.37054975509643556
0 0.4528902816772461 0.20101070404052734 0.46061705470085146 0.20101070404052734 0.46061705470085146 0.20923675298690797 0.4528902816772461 0.20923675298690797
0 0.22093154907226562 0.46152053833007817 0.22735978722572325 0.46152053833007817 0.22735978722572325 0.4706701982021332 0.22093154907226562 0.4706701982021332
0 0.45803768157958985 0.4593982696533203 0.46569425225257877 0.4593982696533203 0.46569425225257877 0.4685879343748092 0.45803768157958985 0.4685879343748092
0 0.18584789276123048 0.6236481094360351 0.19221304059028627 0.6236481094360351 0.19221304059028627 0.6321055501699446 0.18584789276123048 0.6321055501699446
0 0.20732511520385744 0.2139311790466309 0.21412323117256166 0.2139311790466309 0.21412323117256166 0.22246453821659087 0.20732511520385744 0.22246453821659087
0 0.24785799026489258 0.4494098281860352 0.2549406856298447 0.4494098281860352 0.2549406856298447 0.459599655866623 0.24785799026489258 0.459599655866623
0 0.13880600929260253 0.37340560913085935 0.1452235573530197 0.37340560913085935 0.1452235573530197 0.3821977549791336 0.13880600929260253 0.3821977549791336
0 0.2652570152282715 0.21084531784057617 0.27222883284091953 0.21084531784057617 0.27222883284091953 0.21965527236461638 0.2652570152282715 0.21965527236461638
0 0.48702072143554687 0.4617274856567383 0.4952608221769333 0.4617274856567383 0.4952608221769333 0.4713386648893357 0.48702072143554687 0.4713386648893357
0 0.5109248352050781 0.5185831832885742 0.518899444937706 0.5185831832885742 0.518899444937706 0.5290210247039795 0.5109248352050781 0.5290210247039795
0 0.20147871017456054 0.30578109741210935 0.2088549596071243 0.30578109741210935 0.2088549596071243 0.31476791143417354 0.20147871017456054 0.31476791143417354
0 0.5954098892211914 0.6122952270507812 0.6032338035106659 0.6122952270507812 0.6032338035106659 0.6218903172016144 0.5954098892211914 0.6218903172016144
0 0.5871586608886719 0.462257080078125 0.5948331218957901 0.462257080078125 0.5948331218957901 0.47202329814434046 0.5871586608886719 0.47202329814434046
0 0.1436553955078125 0.623782081604004 0.15103903770446778 0.623782081604004 0.15103903770446778 0.6326228898763657 0.1436553955078125 0.6326228898763657
0 0.18771379470825195 0.16197662353515624 0.19471261084079744 0.16197662353515624 0.19471261084079744 0.17193383336067197 0.18771379470825195 0.17193383336067197
0 0.600164909362793 0.6647789001464843 0.6071119165420532 0.6647789001464843 0.6071119165420532 0.6744524979591369 0.600164909362793 0.6744524979591369
0 0.2356982421875 0.2117884826660156 0.24164853394031524 0.2117884826660156 0.24164853394031524 0.2191770178079605 0.2356982421875 0.2191770178079605
0 0.4484740829467773 0.6154312896728515 0.45601121485233304 0.6154312896728515 0.45601121485233304 0.6256515157222748 0.4484740829467773 0.6256515157222748
0 0.573346939086914 0.3119443702697754 0.5814345705509185 0.3119443702697754 0.5814345705509185 0.32219865202903747 0.573346939086914 0.32219865202903747
0 0.5537055587768555 0.4641776275634766 0.5617699468135834 0.4641776275634766 0.5617699468135834 0.47487961292266845 0.5537055587768555 0.47487961292266845
0 0.23743410110473634 0.7752397918701172 0.24408960938453675 0.7752397918701172 0.24408960938453675 0.7838859117031098 0.23743410110473634 0.7838859117031098
0 0.2165789031982422 0.16558177947998046 0.22316706299781802 0.16558177947998046 0.22316706299781802 0.1754071748256683 0.2165789031982422 0.1754071748256683
0 0.17833827972412108 0.8320852661132813 0.18505059421062467 0.8320852661132813 0.18505059421062467 0.8401751911640167 0.17833827972412108 0.8401751911640167
0 0.17726390838623046 0.3101712989807129 0.18425688445568084 0.3101712989807129 0.18425688445568084 0.31928184390068054 0.17726390838623046 0.31928184390068054
0 0.1541277313232422 0.15942014694213869 0.16162304937839508 0.15942014694213869 0.16162304937839508 0.16840969860553745 0.1541277313232422 0.16840969860553745
0 0.5164437103271484 0.20140361785888672 0.522590399980545 0.20140361785888672 0.522590399980545 0.20962442874908446 0.5164437103271484 0.20962442874908446
0 0.17624467849731446 0.21594585418701173 0.1839620476961136 0.21594585418701173 0.1839620476961136 0.2250630992650986 0.17624467849731446 0.2250630992650986
0 0.24984153747558593 0.3579852294921875 0.2568885546922684 0.3579852294921875 0.2568885546922684 0.3676412361860275 0.24984153747558593 0.3676412361860275
0 0.44846473693847655 0.510678939819336 0.45656907618045806 0.510678939819336 0.45656907618045806 0.5206246262788773 0.44846473693847655 0.5206246262788773
0 0.14641514778137207 0.9668257141113281 0.15296229183673857 0.9668257141113281 0.15296229183673857 0.9747142708301544 0.14641514778137207 0.9747142708301544
0 0.4824845504760742 0.6697589874267578 0.4890273183584213 0.6697589874267578 0.4890273183584213 0.678604262471199 0.4824845504760742 0.678604262471199
0 0.23185916900634765 0.5222012710571289 0.23878367245197296 0.5222012710571289 0.23878367245197296 0.532247405052185 0.23185916900634765 0.532247405052185
0 0.5203059005737305 0.7746593475341796 0.5270671999454498 0.7746593475341796 0.5270671999454498 0.7838922590017319 0.5203059005737305 0.7838922590017319
0 0.47960681915283204 0.7644840240478514 0.48723943710327156 0.7644840240478514 0.48723943710327156 0.7730773311853408 0.47960681915283204 0.7730773311853408
0 0.16726001739501953 0.6288241195678711 0.17409026265144348 0.6288241195678711 0.17409026265144348 0.6372315937280655 0.16726001739501953 0.6372315937280655
0 0.5265009689331055 0.675336685180664 0.5350849843025208 0.675336685180664 0.5350849843025208 0.6850713181495666 0.5265009689331055 0.6850713181495666
0 0.5529169464111328 0.19349342346191406 0.56074671626091 0.19349342346191406 0.56074671626091 0.20307145655155182 0.5529169464111328 0.20307145655155182
0 0.48107505798339845 0.5292275619506835 0.4888573950529098 0.5292275619506835 0.4888573950529098 0.5398150265216827 0.48107505798339845 0.5398150265216827
0 0.182947998046875 0.5241387176513672 0.19075629889965057 0.5241387176513672 0.19075629889965057 0.5328475725650788 0.182947998046875 0.5328475725650788
0 0.24155563354492188 0.15978755950927734 0.24840211331844328 0.15978755950927734 0.24840211331844328 0.16922165155410768 0.24155563354492188 0.16922165155410768
0 0.1550792121887207 0.8281306457519532 0.16225298702716826 0.8281306457519532 0.16225298702716826 0.8374887901544571 0.1550792121887207 0.8374887901544571
0 0.48211021423339845 0.6166562271118164 0.48892273128032687 0.6166562271118164 0.48892273128032687 0.6264677077531815 0.48211021423339845 0.6264677077531815
0 0.5143909454345703 0.46277618408203125 0.5222172850370407 0.46277618408203125 0.5222172850370407 0.47345666408538817 0.5143909454345703 0.47345666408538817
0 0.14352768898010254 0.3156785011291504 0.15050471127033235 0.3156785011291504 0.15050471127033235 0.32455211937427525 0.14352768898010254 0.32455211937427525
0 0.23717945098876952 0.9221977996826172 0.24392324447631836 0.9221977996826172 0.24392324447631836 0.930363386273384 0.23717945098876952 0.930363386273384
0 0.1979758071899414 0.968617706298828 0.20346497893333435 0.968617706298828 0.20346497893333435 0.9759674620628357 0.1979758071899414 0.9759674620628357
0 0.20856203079223634 0.6701605224609375 0.21565071403980257 0.6701605224609375 0.21565071403980257 0.679523252248764 0.20856203079223634 0.679523252248764
0 0.5586676788330078 0.9296099090576172 0.5669994509220123 0.9296099090576172 0.5669994509220123 0.9400828933715821 0.5586676788330078 0.9400828933715821
0 0.5046037292480469 0.30448041915893553 0.5124435532093048 0.30448041915893553 0.5124435532093048 0.31493956804275514 0.5046037292480469 0.31493956804275514
0 0.23144392013549805 0.6745391082763672 0.23913751423358917 0.6745391082763672 0.23913751423358917 0.6835590291023256 0.23144392013549805 0.6835590291023256
0 0.1781943893432617 0.6711135864257811 0.18445025622844693 0.6711135864257811 0.18445025622844693 0.6786648684740066 0.1781943893432617 0.6786648684740066
0 0.2143590545654297 0.9687229919433594 0.22200681269168857 0.9687229919433594 0.22200681269168857 0.9768290460109712 0.2143590545654297 0.9768290460109712
0 0.2560321617126465 0.3061178588867188 0.26361483335494995 0.3061178588867188 0.26361483335494995 0.31604332566261295 0.2560321617126465 0.31604332566261295
0 0.25371709823608396 0.627257080078125 0.26052361249923706 0.627257080078125 0.26052361249923706 0.6368097537755966 0.25371709823608396 0.6368097537755966
0 0.5032796096801758 0.14626585006713866 0.5108558350801469 0.14626585006713866 0.5108558350801469 0.15659799695014953 0.5032796096801758 0.15659799695014953
0 0.46884765625 0.9744141387939452 0.47455728232860567 0.9744141387939452 0.47455728232860567 0.9824728351831437 0.46884765625 0.9824728351831437
0 0.5735042953491211 0.3550614929199219 0.5818104583024979 0.3550614929199219 0.5818104583024979 0.3646420359611511 0.5735042953491211 0.3646420359611511
0 0.2070602798461914 0.8222810363769532 0.21463427245616915 0.8222810363769532 0.21463427245616915 0.8316182291507721 0.2070602798461914 0.8316182291507721
0 0.17995447158813477 0.9133316802978516 0.18709469795227052 0.9133316802978516 0.18709469795227052 0.9234961688518525 0.17995447158813477 0.9234961688518525
0 0.12829866409301757 0.9157456970214843 0.1357112270593643 0.9157456970214843 0.1357112270593643 0.9250392484664917 0.12829866409301757 0.9250392484664917
0 0.17624950408935547 0.4710341262817383 0.18411521792411806 0.4710341262817383 0.18411521792411806 0.4806240773200989 0.17624950408935547 0.4806240773200989
0 0.23531267166137695 0.8195378112792969 0.24305715739727018 0.8195378112792969 0.24305715739727018 0.8273960083723069 0.23531267166137695 0.8273960083723069
0 0.20649826049804687 0.5203270721435547 0.2137386739253998 0.5203270721435547 0.2137386739253998 0.5284527331590653 0.20649826049804687 0.5284527331590653
0 0.5892660522460937 0.9279231262207032 0.5977817577123641 0.9279231262207032 0.5977817577123641 0.9389200484752656 0.5892660522460937 0.9389200484752656
0 0.4448483657836914 0.8193181610107422 0.45230843484401706 0.8193181610107422 0.45230843484401706 0.8294632005691528 0.4448483657836914 0.8294632005691528
0 0.20110147476196288 0.46281990051269534 0.20848936080932615 0.46281990051269534 0.20848936080932615 0.47396312594413764 0.20110147476196288 0.47396312594413764
0 0.1655135917663574 0.5254850769042969 0.17111081719398497 0.5254850769042969 0.17111081719398497 0.533657541871071 0.1655135917663574 0.533657541871071
0 0.1569050121307373 0.7762609100341797 0.16417690455913542 0.7762609100341797 0.16417690455913542 0.7858542609214784 0.1569050121307373 0.7858542609214784
0 0.5769560241699219 0.19320898056030272 0.5837780040502547 0.19320898056030272 0.5837780040502547 0.2028312873840332 0.5769560241699219 0.2028312873840332
0 0.2689436721801758 0.8240038299560547 0.2770696872472763 0.8240038299560547 0.2770696872472763 0.8332892382144929 0.2689436721801758 0.8332892382144929
0 0.5424515533447266 0.7716657257080078 0.550102534890175 0.7716657257080078 0.550102534890175 0.7815490728616714 0.5424515533447266 0.7815490728616714
0 0.5603895950317382 0.768480682373047 0.5671646153926849 0.768480682373047 0.5671646153926849 0.7772985231876375 0.5603895950317382 0.7772985231876375
0 0.5279729461669922 0.8170726013183595 0.5357298523187638 0.8170726013183595 0.5357298523187638 0.826868269443512 0.5279729461669922 0.826868269443512
0 0.23107067108154297 0.3078439140319824 0.23887064754962922 0.3078439140319824 0.23887064754962922 0.3181397616863251 0.23107067108154297 0.3181397616863251
0 0.46754013061523436 0.9246916198730468 0.47450325429439544 0.9246916198730468 0.47450325429439544 0.9337450623512267 0.46754013061523436 0.9337450623512267
0 0.7025726318359375 0.5844544982910156 0.708435555100441 0.5844544982910156 0.708435555100441 0.591358783841133 0.7025726318359375 0.591358783841133
0 0.2581490707397461 0.6718940734863281 0.2668365854024887 0.6718940734863281 0.2668365854024887 0.6818424874544143 0.2581490707397461 0.6818424874544143
0 0.568081283569336 0.9880121612548828 0.5729874575138093 0.9880121612548828 0.5729874575138093 0.9967468297481537 0.568081283569336 0.9967468297481537
0 0.4927467727661133 0.9226078796386719 0.5014656037092209 0.9226078796386719 0.5014656037092209 0.9329144406318663 0.4927467727661133 0.9329144406318663
0 0.51862548828125 0.6191913223266602 0.5266616654396057 0.6191913223266602 0.5266616654396057 0.6287522977590562 0.51862548828125 0.6287522977590562
0 0.16189138412475587 0.9110786437988281 0.16838775455951693 0.9110786437988281 0.16838775455951693 0.9193078750371932 0.16189138412475587 0.9193078750371932
0 0.5835889434814453 0.9821456909179689 0.590348350405693 0.9821456909179689 0.590348350405693 0.991832887530327 0.5835889434814453 0.991832887530327
0 0.1694505077457173 0.9657159930554525 0.17586214857933904 0.9657159930554525 0.17586214857933904 0.9736747803818653 0.1694505077457173 0.9736747803818653
0 0.23952058257029768 0.9718381371526932 0.24593222340391946 0.9718381371526932 0.24593222340391946 0.9804091388888301 0.23952058257029768 0.9804091388888301
0 0.26150335114271506 0.9761236380207616 0.26928891501211294 0.9761236380207616 0.26928891501211294 0.9840824253471744 0.26150335114271506 0.9840824253471744
0 0.15387938000692167 0.21146784027541188 0.16120696953106078 0.21146784027541188 0.16120696953106078 0.22554877169906523 0.15387938000692167 0.22554877169906523
