0 0.12679455013360577 0.16854161507238943 0.13512135641103656 0.16854161507238943 0.13512135641103656 0.17764893686993738 0.12679455013360577 0.17764893686993738
0 0.16729310793747385 0.1766370122257654 0.17334896704833264 0.1766370122257654 0.17334896704833264 0.1867562586674854 0.16729310793747385 0.1867562586674854
0 0.20362826260262656 0.17157738900490535 0.2111980864912 0.17157738900490535 0.2111980864912 0.18321452241288333 0.20362826260262656 0.18321452241288333
0 0.2543460826560689 0.1680356527503034 0.260023450572499 0.1680356527503034 0.260023450572499 0.18119067312453938 0.2543460826560689 0.18119067312453938
0 0.3001435171819384 0.17258931364907737 0.3065778674872259 0.17258931364907737 0.3065778674872259 0.18473240937914134 0.3001435171819384 0.18473240937914134
0 0.12452360296703371 0.2267272821122793 0.1317149356611785 0.2267272821122793 0.1317149356611785 0.2338107546214833 0.12452360296703371 0.2338107546214833
0 0.15101798657704088 0.2252093951460213 0.157830828076757 0.2252093951460213 0.157830828076757 0.23431671694356931 0.15101798657704088 0.23431671694356931
0 0.19946485946391113 0.22419747050184932 0.20703468335248462 0.22419747050184932 0.20703468335248462 0.23482267926565525 0.19946485946391113 0.23482267926565525
0 0.24829022354521008 0.22318554585767733 0.2543460826560689 0.22318554585767733 0.2543460826560689 0.23330479229939732 0.24829022354521008 0.23330479229939732
0 0.2876533077657921 0.2236915081797633 0.294844640459937 0.2236915081797633 0.294844640459937 0.2312809430110533 0.2876533077657921 0.2312809430110533
0 0.1377707947720373 0.3091991406122972 0.14685458343832547 0.3091991406122972 0.14685458343832547 0.3172945377656732 0.1377707947720373 0.3172945377656732
0 0.16842858152075987 0.3081872159681252 0.17599840540933337 0.3081872159681252 0.17599840540933337 0.31830646240984517 0.16842858152075987 0.31830646240984517
0 0.21081959529677136 0.3102110652564692 0.21725394560205882 0.3102110652564692 0.21725394560205882 0.31881242473193117 0.21081959529677136 0.31881242473193117
0 0.2547245738504975 0.3076812536460392 0.26418685371121436 0.3076812536460392 0.26418685371121436 0.31931838705401716 0.2547245738504975 0.31931838705401716
0 0.3012789907652244 0.3162826131215012 0.3088488146537979 0.3162826131215012 0.3088488146537979 0.3253899349190492 0.3012789907652244 0.3253899349190492
0 0.14685458343832547 0.36434903371967114 0.15253195135475558 0.36434903371967114 0.15253195135475558 0.372444430873047 0.14685458343832547 0.372444430873047
0 0.17599840540933337 0.36181922210924117 0.18394672049233554 0.36181922210924117 0.18394672049233554 0.37143250622887514 0.17599840540933337 0.37143250622887514
0 0.20097882424162583 0.35726556121046715 0.20627770096362727 0.35726556121046715 0.20627770096362727 0.3663728830080151 0.20097882424162583 0.3663728830080151
0 0.2505611707117821 0.35979537282089713 0.2562385386282122 0.35979537282089713 0.2562385386282122 0.36890269461844516 0.2505611707117821 0.36890269461844516
0 0.3077133410705119 0.3527119003116932 0.315661656153514 0.3527119003116932 0.315661656153514 0.3618192221092412 0.3077133410705119 0.3618192221092412
0 0.1438266538828961 0.47920248083319295 0.14874703941046885 0.47920248083319295 0.14874703941046885 0.4872978779865688 0.1438266538828961 0.4872978779865688
0 0.17637689660376205 0.4822382547657089 0.1816757733257635 0.4822382547657089 0.1816757733257635 0.49185153888534283 0.17637689660376205 0.49185153888534283
0 0.20097882424162583 0.481226330121537 0.21006261290791398 0.481226330121537 0.21006261290791398 0.49134557656325684 0.20097882424162583 0.49134557656325684
0 0.226337734268347 0.474648819934419 0.2342860493513491 0.474648819934419 0.2342860493513491 0.4847680663761389 0.226337734268347 0.4847680663761389
0 0.2755415895440746 0.47768459386693496 0.2827329222382194 0.47768459386693496 0.2827329222382194 0.48729787798656893 0.2755415895440746 0.48729787798656893
0 0.29900804359865235 0.4822382547657089 0.3065778674872258 0.4822382547657089 0.3065778674872258 0.4969111621062028 0.29900804359865235 0.4969111621062028
0 0.13549984760546524 0.5267629391092769 0.14155570671632406 0.5267629391092769 0.14155570671632406 0.5328344869743088 0.13549984760546524 0.5328344869743088
0 0.15631686329904232 0.527268901431363 0.16502216077090182 0.527268901431363 0.16502216077090182 0.534352373940567 0.15631686329904232 0.534352373940567
0 0.1820542645201922 0.5262569767871909 0.1911380531864803 0.5262569767871909 0.1911380531864803 0.5323285246522229 0.1820542645201922 0.5323285246522229
0 0.21081959529677136 0.5267629391092769 0.21801092799091618 0.5267629391092769 0.21801092799091618 0.5348583362626529 0.21081959529677136 0.5348583362626529
0 0.44437492657870686 0.14470522411659578 0.45232324166170906 0.14470522411659578 0.45232324166170906 0.1553304328804018 0.44437492657870686 0.1553304328804018
0 0.5136388151591541 0.14976484733745576 0.520830147853299 0.14976484733745576 0.520830147853299 0.15836620681291774 0.5136388151591541 0.15836620681291774
0 0.4833595196048603 0.14925888501536977 0.48941537871571905 0.14925888501536977 0.48941537871571905 0.15735428216874575 0.4833595196048603 0.15735428216874575
0 0.5624641792404531 0.14521118643868178 0.5704124943234553 0.14521118643868178 0.5704124943234553 0.15786024449083175 0.5624641792404531 0.15786024449083175
0 0.6150744552660388 0.14875292269328377 0.625293717515613 0.14875292269328377 0.625293717515613 0.1558363952024878 0.6150744552660388 0.1558363952024878
0 0.4386975586622768 0.18872394613807775 0.44437492657870686 0.18872394613807775 0.44437492657870686 0.1993491549018837 0.4386975586622768 0.1993491549018837
0 0.47730366049400147 0.2013730041902277 0.4841165019937176 0.2013730041902277 0.4841165019937176 0.21098628830986169 0.47730366049400147 0.21098628830986169
0 0.5215871302421563 0.20491474044482966 0.5295354453251585 0.20491474044482966 0.5295354453251585 0.2125041752761197 0.5215871302421563 0.2125041752761197
0 0.5605717232683097 0.19580741864728168 0.5677630559624546 0.19580741864728168 0.5677630559624546 0.2044087781227437 0.5605717232683097 0.2044087781227437
0 0.6010702810721779 0.1922656823926797 0.6112895433217522 0.1922656823926797 0.6112895433217522 0.2013730041902277 0.6010702810721779 0.2013730041902277
0 0.45080927688399436 0.28890448591110557 0.4583791007725678 0.28890448591110557 0.4583791007725678 0.29902373235282564 0.45080927688399436 0.29902373235282564
0 0.48638744916028964 0.2808090887577296 0.4969852026042926 0.2808090887577296 0.4969852026042926 0.28890448591110557 0.48638744916028964 0.28890448591110557
0 0.5389977251858753 0.2873865989448475 0.5454320754911628 0.2873865989448475 0.5454320754911628 0.29750584538656755 0.5389977251858753 0.29750584538656755
0 0.4375620850789907 0.3460782283068235 0.44626738255085013 0.3460782283068235 0.44626738255085013 0.3526557384939415 0.4375620850789907 0.3526557384939415
0 0.4795746076605735 0.3460782283068235 0.48790141393800435 0.3460782283068235 0.48790141393800435 0.3546795877822854 0.4795746076605735 0.3546795877822854
0 0.592743474794747 0.28890448591110557 0.5995563162944629 0.28890448591110557 0.5995563162944629 0.29750584538656755 0.592743474794747 0.29750584538656755
0 0.6362699621540445 0.28688063662276153 0.6423258212649032 0.28688063662276153 0.6423258212649032 0.29699988306448155 0.6362699621540445 0.29699988306448155
0 0.5893370540448889 0.34203052973013554 0.5984208427111771 0.34203052973013554 0.5984208427111771 0.35113785152768345 0.5893370540448889 0.35113785152768345
0 0.630971085432043 0.3430424543743074 0.6381624181261879 0.3430424543743074 0.6381624181261879 0.35417362546019937 0.630971085432043 0.35417362546019937
0 0.7729052833427958 0.1684854532546377 0.7793396336480833 0.1684854532546377 0.7793396336480833 0.17759277505218574 0.7729052833427958 0.17759277505218574
0 0.8137823323410927 0.17354507647549774 0.8228661210073809 0.17354507647549774 0.8228661210073809 0.18062854898470174 0.8137823323410927 0.18062854898470174
0 0.860715240450248 0.1791106620184437 0.870177520310965 0.1791106620184437 0.870177520310965 0.18973587078224965 0.860715240450248 0.18973587078224965
0 0.8989428510875441 0.17354507647549774 0.9080266397538324 0.17354507647549774 0.9080266397538324 0.18265239827304577 0.8989428510875441 0.18265239827304577
0 0.9413338648635556 0.18265239827304577 0.9462542503911282 0.18265239827304577 0.9462542503911282 0.1927716447147657 0.9413338648635556 0.1927716447147657
0 0.7710128273706524 0.22161149707366765 0.7797181248425119 0.22161149707366765 0.7797181248425119 0.23071881887121565 0.7710128273706524 0.23071881887121565
0 0.813403841146664 0.22768304493869967 0.8202166826463803 0.22768304493869967 0.8202166826463803 0.23628440441416163 0.813403841146664 0.23628440441416163
0 0.852766925367246 0.22818900726078561 0.8580658020892477 0.22818900726078561 0.8580658020892477 0.23628440441416163 0.852766925367246 0.23628440441416163
0 0.8959149215321147 0.24336787692336567 0.9012137982541161 0.24336787692336567 0.9012137982541161 0.2524751987209137 0.8959149215321147 0.2524751987209137
0 0.9330070585861248 0.23324863048164565 0.9386844265025549 0.23324863048164565 0.9386844265025549 0.24235595227919365 0.9330070585861248 0.24235595227919365
0 0.7687418802040803 0.3248278107792115 0.7759332128982253 0.3248278107792115 0.7759332128982253 0.3339351325767595 0.7687418802040803 0.3339351325767595
0 0.8050770348692331 0.3263456977454695 0.812268367563378 0.3263456977454695 0.812268367563378 0.3354530195430175 0.8050770348692331 0.3354530195430175
0 0.8429261543121004 0.3303933963221575 0.8489820134229592 0.3303933963221575 0.8489820134229592 0.34101860508596354 0.8429261543121004 0.34101860508596354
0 0.9345210233638396 0.3314053209663295 0.942090847252413 0.3314053209663295 0.942090847252413 0.3420305297301355 0.9345210233638396 0.3420305297301355
0 0.7740407569260818 0.3830134778191014 0.781989072009084 0.3830134778191014 0.781989072009084 0.3906029126503914 0.7740407569260818 0.3906029126503914
0 0.8050770348692331 0.3708703820890375 0.8145393147299499 0.3708703820890375 0.8145393147299499 0.3809896285307574 0.8050770348692331 0.3809896285307574
0 0.8433046455065291 0.36581075886817743 0.8501174870062452 0.36581075886817743 0.8501174870062452 0.37694192995406944 0.8433046455065291 0.37694192995406944
0 0.9360349881415542 0.3749180806657254 0.942090847252413 0.3749180806657254 0.942090847252413 0.3830134778191014 0.9360349881415542 0.3830134778191014
0 0.4424824706065635 0.5363200614111592 0.45308022405056636 0.5363200614111592 0.45308022405056636 0.5449214208866212 0.4424824706065635 0.5449214208866212
0 0.4875229227435757 0.5241769656810953 0.4969852026042926 0.5241769656810953 0.4969852026042926 0.5332842874786432 0.4875229227435757 0.5332842874786432
0 0.5283999717418725 0.5267067772915253 0.535969795630446 0.5267067772915253 0.535969795630446 0.5378379483774173 0.5283999717418725 0.5378379483774173
0 0.5711694767123126 0.5231650410369232 0.5791177917953146 0.5231650410369232 0.5791177917953146 0.5348021744449012 0.5711694767123126 0.5348021744449012
0 0.6105325609328947 0.48066420598169934 0.6177238936270395 0.48066420598169934 0.6177238936270395 0.4882536408129893 0.6105325609328947 0.4882536408129893
0 0.612425016905038 0.5348021744449012 0.6196163495991829 0.5348021744449012 0.6196163495991829 0.5428975715982772 0.612425016905038 0.5428975715982772
