0 0.14295080649082967 0.02425273940577516 0.14889405665127994 0.02425273940577516 0.14889405665127994 0.032197602314563575 0.14295080649082967 0.032197602314563575
0 0.1645341886524648 0.023834588726365246 0.17047743881291502 0.023834588726365246 0.17047743881291502 0.033033903673383415 0.1645341886524648 0.033033903673383415
0 0.19268642625459756 0.028434246199874332 0.19925528169509518 0.028434246199874332 0.19925528169509518 0.03596095842925283 0.19268642625459756 0.03596095842925283
0 0.21614662425637485 0.0225801366881355 0.22396669025696728 0.0225801366881355 0.22396669025696728 0.029688698238104078 0.21614662425637485 0.029688698238104078
0 0.24836529617881567 0.023834588726365246 0.2539957436992422 0.023834588726365246 0.2539957436992422 0.03136130095574376 0.24836529617881567 0.03136130095574376
0 0.14482762233097188 0.07652157433201473 0.15014526721137472 0.07652157433201473 0.15014526721137472 0.0857208892790329 0.14482762233097188 0.0857208892790329
0 0.1679750176927255 0.07735787569083458 0.1751694784132705 0.07735787569083458 0.1751694784132705 0.08613903995844281 0.1679750176927255 0.08613903995844281
0 0.19174801833452645 0.08070308112611391 0.1989424790550715 0.08070308112611391 0.1989424790550715 0.08655719063785274 0.19174801833452645 0.08655719063785274
0 0.21583382161635117 0.07693972501142465 0.22302828233689617 0.07693972501142465 0.22302828233689617 0.08530273859962301 0.21583382161635117 0.08530273859962301
0 0.2464884803386735 0.07234006753791557 0.24961650673891045 0.07234006753791557 0.24961650673891045 0.08195753316434365 0.2464884803386735 0.08195753316434365
0 0.1404483853706401 0.16224246361104766 0.14670443817111406 0.16224246361104766 0.14670443817111406 0.16976917584042614 0.1404483853706401 0.16976917584042614
0 0.17141584673298613 0.1618243129316377 0.17704629425341273 0.1618243129316377 0.17704629425341273 0.1726962305962956 0.17141584673298613 0.1726962305962956
0 0.19518884737478714 0.160569860893408 0.20207050545530852 0.160569860893408 0.20207050545530852 0.16935102516101622 0.19518884737478714 0.16935102516101622
0 0.22146426913677772 0.16684212108455673 0.22772032193725164 0.16684212108455673 0.22772032193725164 0.17604143603157488 0.22146426913677772 0.17604143603157488
0 0.24867809881883937 0.16349691564927737 0.25337013841919487 0.16349691564927737 0.25337013841919487 0.17395068263452534 0.24867809881883937 0.17395068263452534
0 0.14076118801066378 0.21952910669020617 0.14858125401125627 0.21952910669020617 0.14858125401125627 0.22538321620194504 0.14076118801066378 0.22538321620194504
0 0.1513964777714695 0.21242054514023764 0.15890374113203823 0.21242054514023764 0.15890374113203823 0.22078355872843597 0.1513964777714695 0.22078355872843597
0 0.20457292657549808 0.2262195175607649 0.210828979375972 0.2262195175607649 0.210828979375972 0.23458253114896324 0.20457292657549808 0.23458253114896324
0 0.23397637473772562 0.21785650397256656 0.23929401961812846 0.21785650397256656 0.23929401961812846 0.22831027095781445 0.23397637473772562 0.22831027095781445
0 0.26337982289995315 0.2237106134843054 0.2696358757004271 0.2237106134843054 0.2696358757004271 0.23374622979014337 0.26337982289995315 0.23374622979014337
0 0.1398227800905927 0.32155787246622586 0.14576603025104296 0.32155787246622586 0.14576603025104296 0.32992088605442416 0.1398227800905927 0.32992088605442416
0 0.16265737281232262 0.32281232450445563 0.16891342561279657 0.32281232450445563 0.16891342561279657 0.32992088605442416 0.16265737281232262 0.32992088605442416
0 0.1864303734541236 0.3173763656721267 0.19237362361457386 0.3173763656721267 0.19237362361457386 0.32908458469560437 0.1864303734541236 0.32908458469560437
0 0.22021305857668294 0.3249030779015052 0.22740751929722797 0.3249030779015052 0.22740751929722797 0.3353568448867531 0.22021305857668294 0.3353568448867531
0 0.2546213489792896 0.32406677654268534 0.2602517964997162 0.32406677654268534 0.2602517964997162 0.3341023928485234 0.2546213489792896 0.3341023928485234
0 0.1401355827306164 0.36922704991895633 0.14607883289106663 0.36922704991895633 0.14607883289106663 0.3775900635071546 0.1401355827306164 0.3775900635071546
0 0.16390858337241737 0.3721541046748257 0.16891342561279657 0.3721541046748257 0.16891342561279657 0.38135341962184394 0.16390858337241737 0.38135341962184394
0 0.18580476817407626 0.3683907485601365 0.1929992288946213 0.3683907485601365 0.1929992288946213 0.37549931011010523 0.18580476817407626 0.37549931011010523
0 0.210828979375972 0.3667181458424969 0.21552101897632744 0.3667181458424969 0.21552101897632744 0.3771719128277448 0.210828979375972 0.3771719128277448
0 0.2327251641776308 0.370899652636596 0.23835561169805738 0.370899652636596 0.23835561169805738 0.38051711826302415 0.2327251641776308 0.38051711826302415
0 0.13419233257016613 0.4737647197714355 0.14107399065068746 0.4737647197714355 0.14107399065068746 0.48254588403904375 0.13419233257016613 0.48254588403904375
0 0.15608851737182497 0.4704195143361561 0.16328297809237002 0.4704195143361561 0.16328297809237002 0.4800369799625842 0.15608851737182497 0.4800369799625842
0 0.17798470217348378 0.4695832129773363 0.18392795233393402 0.4695832129773363 0.18392795233393402 0.48170958268022396 0.17798470217348378 0.48170958268022396
0 0.2001936896151663 0.4716739663743859 0.2061369397756165 0.4716739663743859 0.2061369397756165 0.4842184867566834 0.2001936896151663 0.4842184867566834
0 0.22553070345708576 0.47543732248907516 0.2333507694576782 0.47543732248907516 0.2333507694576782 0.4833821853978636 0.22553070345708576 0.4833821853978636
0 0.13638195105033202 0.526451705377085 0.14420201705092447 0.526451705377085 0.14420201705092447 0.5348147189652833 0.13638195105033202 0.5348147189652833
0 0.16078055697218044 0.5310513628505941 0.1676622150527018 0.5310513628505941 0.1676622150527018 0.541505129835842 0.16078055697218044 0.541505129835842
0 0.18361514969391035 0.5231064999418057 0.18893279457431317 0.5231064999418057 0.18893279457431317 0.5373236230417429 0.18361514969391035 0.5373236230417429
0 0.20519853185554543 0.5260335546976751 0.2111417820159957 0.5260335546976751 0.2111417820159957 0.5356510203241032 0.20519853185554543 0.5356510203241032
0 0.23116115097751233 0.5285424587741346 0.23929401961812846 0.5285424587741346 0.23929401961812846 0.536905472362333 0.23116115097751233 0.536905472362333
0 0.13325392465009508 0.6205356082443162 0.1398227800905927 0.6205356082443162 0.1398227800905927 0.6284804711531046 0.13325392465009508 0.6284804711531046
0 0.15702692529189605 0.6176085534884468 0.16328297809237002 0.6176085534884468 0.16328297809237002 0.6288986218325145 0.15702692529189605 0.6288986218325145
0 0.1757950836933179 0.6196993068854963 0.18330234705388665 0.6196993068854963 0.18330234705388665 0.6284804711531045 0.1757950836933179 0.6284804711531045
0 0.20801375561575872 0.6238808136795955 0.21708503217644595 0.6238808136795955 0.21708503217644595 0.6334982793060236 0.20801375561575872 0.6334982793060236
0 0.2399196248981759 0.6234626630001856 0.24680128297869716 0.6234626630001856 0.24680128297869716 0.6351708820236632 0.2399196248981759 0.6351708820236632
0 0.13763316161042682 0.6732225938499659 0.14576603025104296 0.6732225938499659 0.14576603025104296 0.6836763608352138 0.13763316161042682 0.6836763608352138
0 0.1542117015316828 0.6590054707500285 0.1620317675322752 0.6590054707500285 0.1620317675322752 0.6673684843382269 0.1542117015316828 0.6673684843382269
0 0.18392795233393402 0.6686229363764564 0.19237362361457386 0.6686229363764564 0.19237362361457386 0.6782404020028846 0.18392795233393402 0.6782404020028846
0 0.21364420313618526 0.671549991132326 0.2195874532966355 0.671549991132326 0.2195874532966355 0.6840945115146233 0.21364420313618526 0.6840945115146233
0 0.2349147826577967 0.671549991132326 0.24304765129841283 0.671549991132326 0.24304765129841283 0.681167456758754 0.2349147826577967 0.681167456758754
0 0.13481793785021354 0.7725260304010053 0.1410739906506875 0.7725260304010053 0.1410739906506875 0.7833979480656631 0.13481793785021354 0.7833979480656631
0 0.15202208305151688 0.7783801399127442 0.15796533321196718 0.7783801399127442 0.15796533321196718 0.7909246602950416 0.15202208305151688 0.7909246602950416
0 0.1720414520130335 0.7767075371951043 0.17892311009355488 0.7767075371951043 0.17892311009355488 0.7892520575774017 0.1720414520130335 0.7892520575774017
0 0.20207050545530852 0.7758712358362846 0.20770095297573501 0.7758712358362846 0.20770095297573501 0.7842342494244828 0.20207050545530852 0.7842342494244828
0 0.22240267705684882 0.7792164412715639 0.22865872985732275 0.7792164412715639 0.22865872985732275 0.7892520575774019 0.22240267705684882 0.7892520575774019
0 0.13544354313026094 0.8239585639684249 0.14357641177087707 0.8239585639684249 0.14357641177087707 0.8314852761978034 0.13544354313026094 0.8314852761978034
0 0.15671412265187235 0.8277219200831141 0.1639085833724174 0.8277219200831141 0.1639085833724174 0.8390119884271819 0.15671412265187235 0.8390119884271819
0 0.1757950836933179 0.8327397282360331 0.1851791628940288 0.8327397282360331 0.1851791628940288 0.8406845911448216 0.1757950836933179 0.8406845911448216
0 0.1964400579348819 0.8339941802742631 0.20363451865542695 0.8339941802742631 0.20363451865542695 0.8419390431830513 0.1964400579348819 0.8419390431830513
0 0.20895216353582982 0.838593837747772 0.21677222953642228 0.838593837747772 0.21677222953642228 0.8469568513359703 0.20895216353582982 0.8469568513359703
0 0.24867809881883937 0.8360849336713124 0.2555597568993608 0.8360849336713124 0.2555597568993608 0.8457023992977406 0.24867809881883937 0.8457023992977406
0 0.4507185641183874 0.0016726027176396665 0.4585386301189799 0.0016726027176396665 0.4585386301189799 0.00627226019114875 0.4507185641183874 0.00627226019114875
0 0.4691739198797855 0.0037633561146892497 0.4766811832403543 0.0037633561146892497 0.4766811832403543 0.012962671061707414 0.4691739198797855 0.012962671061707414
0 0.4957621442817998 0.006690410870558666 0.5010797891622027 0.006690410870558666 0.5010797891622027 0.01798047921462641 0.4957621442817998 0.01798047921462641
0 0.5182839343635062 0.0025089040764594995 0.523601579243909 0.0025089040764594995 0.523601579243909 0.01087191766465783 0.5182839343635062 0.01087191766465783
0 0.5398673165251412 0.00627226019114875 0.5480001851657572 0.00627226019114875 0.5480001851657572 0.0125445203822975 0.5398673165251412 0.0125445203822975
0 0.45290818259855326 0.058122944437978406 0.46104105123916944 0.058122944437978406 0.46104105123916944 0.06606780734676683 0.45290818259855326 0.06606780734676683
0 0.4729275515600699 0.05645034172033875 0.4813732228407097 0.05645034172033875 0.4813732228407097 0.06523150598794698 0.4729275515600699 0.06523150598794698
0 0.49732615748191833 0.04683287609391065 0.5054590261225345 0.04683287609391065 0.5054590261225345 0.05728664307915857 0.49732615748191833 0.05728664307915857
0 0.517345526443435 0.05017808152919 0.5239143818839326 0.05017808152919 0.5239143818839326 0.05979554715561808 0.517345526443435 0.05979554715561808
0 0.5445593561254967 0.049759930849780074 0.549251395725852 0.049759930849780074 0.549251395725852 0.05770479375856848 0.5445593561254967 0.05770479375856848
0 0.4494673535582926 0.1530431486640295 0.4566618142788377 0.1530431486640295 0.4566618142788377 0.16433321700809722 0.4494673535582926 0.16433321700809722
0 0.4716763409999752 0.14927979254934023 0.47887080172052027 0.14927979254934023 0.47887080172052027 0.15973355953458812 0.4716763409999752 0.15973355953458812
0 0.4920085126015155 0.15471575138166915 0.49763896012194214 0.15471575138166915 0.49763896012194214 0.1643332170080972 0.4920085126015155 0.1643332170080972
0 0.5117150789230084 0.15262499798461956 0.5176583290834585 0.15262499798461956 0.5176583290834585 0.16224246361104763 0.5117150789230084 0.16224246361104763
0 0.5323600531645725 0.15178869662579975 0.5395545138851174 0.15178869662579975 0.5395545138851174 0.16140616225222784 0.5323600531645725 0.16140616225222784
0 0.44821614299819784 0.21158424378141782 0.45509780107871917 0.21158424378141782 0.45509780107871917 0.22078355872843597 0.44821614299819784 0.22078355872843597
0 0.4679227093196909 0.21116609310200787 0.4744915647601885 0.21116609310200787 0.4744915647601885 0.22203801076666574 0.4679227093196909 0.22203801076666574
0 0.48481405188097043 0.20280307951380958 0.49263411788156286 0.20280307951380958 0.49263411788156286 0.21158424378141782 0.48481405188097043 0.21158424378141782
0 0.5073358419626767 0.20280307951380958 0.5148431053232454 0.20280307951380958 0.5148431053232454 0.21032979174318805 0.5073358419626767 0.21032979174318805
0 0.5270424082841696 0.20071232611676 0.5339240663646909 0.20071232611676 0.5339240663646909 0.20991164106377813 0.5270424082841696 0.20991164106377813
0 0.4488417482782453 0.3182126670309465 0.45666181427883773 0.3182126670309465 0.45666181427883773 0.32866643401619444 0.4488417482782453 0.32866643401619444
0 0.4776195911604254 0.3173763656721267 0.48293723604082833 0.3173763656721267 0.48293723604082833 0.33033903673383413 0.4776195911604254 0.33033903673383413
0 0.503895012922416 0.3094315027633383 0.5107766710029373 0.3094315027633383 0.5107766710029373 0.31988526974858617 0.503895012922416 0.31988526974858617
0 0.5273552109241934 0.3073407493662887 0.5351752769247857 0.3073407493662887 0.5351752769247857 0.31946711906917624 0.5273552109241934 0.31946711906917624
0 0.5558202511663498 0.3102678041221581 0.5627019092468711 0.3102678041221581 0.5627019092468711 0.3223941738250457 0.5558202511663498 0.3223941738250457
0 0.45666181427883773 0.3700633512777762 0.46542028819950126 0.3700633512777762 0.46542028819950126 0.37926266622479443 0.45666181427883773 0.37926266622479443
0 0.4810604202006861 0.36713629652190677 0.4895060914813259 0.36713629652190677 0.4895060914813259 0.3767537621483349 0.4810604202006861 0.3767537621483349
0 0.5057718287625582 0.36086403633075803 0.5126534868430795 0.36086403633075803 0.5126534868430795 0.370899652636596 0.5057718287625582 0.370899652636596
0 0.5279808162042408 0.35459177613960924 0.5351752769247856 0.35459177613960924 0.5351752769247856 0.3642092417660373 0.5279808162042408 0.3642092417660373
0 0.5501898036459232 0.355846228177839 0.5570714617264444 0.355846228177839 0.5570714617264444 0.36546369380426713 0.5501898036459232 0.36546369380426713
0 0.4507185641183874 0.46665615822146683 0.4588514327590036 0.46665615822146683 0.4588514327590036 0.48045513064199413 0.4507185641183874 0.48045513064199413
0 0.47668118324035436 0.47334656909202555 0.4860652624410652 0.47334656909202555 0.4860652624410652 0.47961882928317434 0.47668118324035436 0.47961882928317434
0 0.4945109337217051 0.4700013636567463 0.5023309997222974 0.4700013636567463 0.5023309997222974 0.4775280758861248 0.4945109337217051 0.4775280758861248
0 0.5185967370035298 0.46665615822146683 0.5267296056441457 0.46665615822146683 0.5267296056441457 0.4766917745273049 0.5185967370035298 0.4766917745273049
0 0.5426825402853545 0.46623800754205713 0.551441014206018 0.46623800754205713 0.551441014206018 0.47501917180966524 0.5426825402853545 0.47501917180966524
0 0.44978015619831635 0.5235246506212156 0.4560362089987903 0.5235246506212156 0.4560362089987903 0.5339784176064635 0.44978015619831635 0.5339784176064635
0 0.47386595948014104 0.5205975958653462 0.47918360436054397 0.5205975958653462 0.47918360436054397 0.5335602669270535 0.47386595948014104 0.5335602669270535
0 0.5029566050023448 0.5193431438271164 0.5095254604428425 0.5193431438271164 0.5095254604428425 0.531469513530004 0.5029566050023448 0.531469513530004
0 0.5220375660437905 0.5205975958653462 0.5292320267643353 0.5205975958653462 0.5292320267643353 0.5323058148888238 0.5220375660437905 0.5323058148888238
0 0.5498770010058995 0.5222701985829858 0.5567586590864206 0.5222701985829858 0.5567586590864206 0.5310513628505941 0.5498770010058995 0.5310513628505941
0 0.4557234063587666 0.627226019114875 0.46135385387919314 0.627226019114875 0.46135385387919314 0.636843484741303 0.4557234063587666 0.636843484741303
0 0.4707379330799041 0.6263897177560551 0.4791836043605439 0.6263897177560551 0.4791836043605439 0.636843484741303 0.4707379330799041 0.636843484741303
0 0.49732615748191833 0.6255534163972353 0.5054590261225345 0.6255534163972353 0.5054590261225345 0.6347527313442535 0.49732615748191833 0.6347527313442535
0 0.5201607502036482 0.627226019114875 0.5264168030041221 0.627226019114875 0.5264168030041221 0.6389342381383527 0.5201607502036482 0.6389342381383527
0 0.5392417112450938 0.6263897177560551 0.5480001851657572 0.6263897177560551 0.5480001851657572 0.6347527313442535 0.5392417112450938 0.6347527313442535
0 0.45103136675841116 0.6794948540411145 0.4579130248389326 0.6794948540411145 0.4579130248389326 0.6899486210263626 0.45103136675841116 0.6899486210263626
0 0.47542997268025966 0.6828400594763938 0.4826244334008046 0.6828400594763938 0.4826244334008046 0.6924575251028217 0.47542997268025966 0.6924575251028217
0 0.49732615748191833 0.6870215662704929 0.5060846314025818 0.6870215662704929 0.5060846314025818 0.6937119771410517 0.49732615748191833 0.6937119771410517
0 0.5248527898040037 0.6765677992852451 0.5314216452445012 0.6765677992852451 0.5314216452445012 0.687857867629313 0.5248527898040037 0.687857867629313
0 0.5423697376453308 0.6786585526822947 0.5486257904458046 0.6786585526822947 0.5486257904458046 0.6920393744234119 0.5423697376453308 0.6920393744234119
0 0.45572340635876657 0.7850705507833027 0.46166665651921684 0.7850705507833027 0.46166665651921684 0.7963606191273703 0.45572340635876657 0.7963606191273703
0 0.47855799908049645 0.7792164412715639 0.4851268545209942 0.7792164412715639 0.4851268545209942 0.7867431535009424 0.47855799908049645 0.7867431535009424
0 0.5026438023623211 0.7821434960274333 0.5104638683629136 0.7821434960274333 0.5104638683629136 0.7905065096156316 0.5026438023623211 0.7905065096156316
0 0.5298576320443827 0.7813071946686135 0.5354880795648094 0.7813071946686135 0.5354880795648094 0.7921791123332712 0.5298576320443827 0.7921791123332712
0 0.5470617772456863 0.7817253453480234 0.5542562379662314 0.7817253453480234 0.5542562379662314 0.7913428109744515 0.5470617772456863 0.7913428109744515
0 0.45415939315864806 0.8377575363889521 0.46135385387919314 0.8377575363889521 0.46135385387919314 0.8469568513359703 0.45415939315864806 0.8469568513359703
0 0.47855799908049645 0.8344123309536726 0.48575245980104154 0.8344123309536726 0.48575245980104154 0.8457023992977406 0.47855799908049645 0.8457023992977406
0 0.5029566050023448 0.828558221441934 0.5076486446027003 0.828558221441934 0.5076486446027003 0.8377575363889521 0.5029566050023448 0.8377575363889521
0 0.5320472505245487 0.8268856187242943 0.5376776980449753 0.8268856187242943 0.5376776980449753 0.8369212350301322 0.5320472505245487 0.8369212350301322
0 0.5548818432462786 0.8327397282360331 0.5636403171669422 0.8327397282360331 0.5636403171669422 0.8402664404654117 0.5548818432462786 0.8402664404654117
