0 0.8057049560546875 0.22826538085937503 0.8135019606351852 0.22826538085937503 0.8135019606351852 0.2376365500688553 0.8057049560546875 0.2376365500688553
0 0.818749771118164 0.32266483306884763 0.8263985055685044 0.32266483306884763 0.8263985055685044 0.33202987551689145 0.818749771118164 0.33202987551689145
0 0.8301825714111328 0.5306669998168946 0.8378583335876465 0.5306669998168946 0.8378583335876465 0.540492988228798 0.8301825714111328 0.540492988228798
0 0.25582199096679686 0.3122918701171875 0.2643292391300201 0.3122918701171875 0.2643292391300201 0.3218829679489136 0.25582199096679686 0.3218829679489136
0 0.27489620208740234 0.5190346145629883 0.2827553361654282 0.5190346145629883 0.2827553361654282 0.5290831995010375 0.27489620208740234 0.5290831995010375
0 0.5623164367675781 0.684903564453125 0.5703911751508712 0.684903564453125 0.5703911751508712 0.6959317159652708 0.5623164367675781 0.6959317159652708
0 0.5552656936645508 0.8334725189208984 0.5632348030805588 0.8334725189208984 0.5632348030805588 0.8435273492336273 0.5552656936645508 0.8435273492336273
0 0.4865019989013672 0.6864584350585937 0.4949990451335907 0.6864584350585937 0.4949990451335907 0.6969864463806152 0.4865019989013672 0.6969864463806152
0 0.211839542388916 0.8329344177246094 0.21811263442039489 0.8329344177246094 0.21811263442039489 0.8410943120718002 0.211839542388916 0.8410943120718002
0 0.591867561340332 0.5308912658691406 0.5999020236730577 0.5308912658691406 0.5999020236730577 0.5407918876409531 0.591867561340332 0.5407918876409531
0 0.2524357223510742 0.5296383285522461 0.26062395513057707 0.5296383285522461 0.26062395513057707 0.5398146760463716 0.2524357223510742 0.5398146760463716
0 0.5684521102905273 0.37535335540771486 0.5763733142614365 0.37535335540771486 0.5763733142614365 0.38431481063365935 0.5684521102905273 0.38431481063365935
0 0.5718629074096679 0.467901611328125 0.5800475919246674 0.467901611328125 0.5800475919246674 0.47802510619163513 0.5718629074096679 0.47802510619163513
0 0.7712952423095704 0.6791058349609375 0.7789836609363556 0.6791058349609375 0.7789836609363556 0.6895715463161468 0.7712952423095704 0.6895715463161468
0 0.8373214721679687 0.22620292663574218 0.8445166414976121 0.22620292663574218 0.8445166414976121 0.23582238733768465 0.8373214721679687 0.23582238733768465
0 0.8108344268798828 0.6261678314208985 0.8183131259679794 0.6261678314208985 0.8183131259679794 0.6353353196382523 0.8108344268798828 0.6353353196382523
0 0.7720037841796875 0.7828024291992187 0.7791490966081619 0.7828024291992187 0.7791490966081619 0.7916955363750459 0.7720037841796875 0.7916955363750459
0 0.5259014129638672 0.8336040496826171 0.533512709736824 0.8336040496826171 0.533512709736824 0.8438192164897919 0.5259014129638672 0.8438192164897919
0 0.4981372451782227 0.8343459320068359 0.5057306218147278 0.8343459320068359 0.5057306218147278 0.8436688148975372 0.4981372451782227 0.8436688148975372
0 0.8137406158447266 0.6798270416259765 0.822193511724472 0.6798270416259765 0.822193511724472 0.6896402615308761 0.8137406158447266 0.6896402615308761
0 0.24921436309814457 0.7837511444091797 0.2564577633142472 0.7837511444091797 0.2564577633142472 0.7928052198886871 0.24921436309814457 0.7928052198886871
0 0.5847547149658203 0.7837472534179688 0.5932042992115021 0.7837472534179688 0.5932042992115021 0.7928319251537324 0.5847547149658203 0.7928319251537324
0 0.7955962371826172 0.533675537109375 0.8032516545057297 0.533675537109375 0.8032516545057297 0.5432537084817887 0.7955962371826172 0.5432537084817887
0 0.46078632354736326 0.792967300415039 0.4687265121936797 0.792967300415039 0.4687265121936797 0.802114746570587 0.46078632354736326 0.802114746570587
0 0.49791706085205073 0.7816348266601563 0.5057116997241973 0.7816348266601563 0.5057116997241973 0.791141921877861 0.49791706085205073 0.791141921877861
0 0.5216856002807617 0.6871968841552735 0.5286886745691299 0.6871968841552735 0.5286886745691299 0.6970837098360062 0.5216856002807617 0.6970837098360062
0 0.8420016479492187 0.3757270431518555 0.8498248529434205 0.3757270431518555 0.8498248529434205 0.38487701952457426 0.8420016479492187 0.38487701952457426
0 0.28054826736450195 0.3671049880981445 0.2888641893863678 0.3671049880981445 0.2888641893863678 0.3763504308462143 0.28054826736450195 0.3763504308462143
0 0.7998358917236328 0.32307201385498047 0.8076104813814163 0.32307201385498047 0.8076104813814163 0.333123859167099 0.7998358917236328 0.333123859167099
0 0.5146417999267578 0.5330652236938477 0.5225223731994629 0.5330652236938477 0.5225223731994629 0.5423107451200485 0.5146417999267578 0.5423107451200485
0 0.5223711013793946 0.3152037811279297 0.5305201226472854 0.3152037811279297 0.5305201226472854 0.32536091685295104 0.5223711013793946 0.32536091685295104
0 0.779211654663086 0.6250360870361328 0.7859171825647354 0.6250360870361328 0.7859171825647354 0.6344958645105362 0.779211654663086 0.6344958645105362
0 0.6012792587280273 0.685789566040039 0.6087817925214767 0.685789566040039 0.6087817925214767 0.6945077109336852 0.6012792587280273 0.6945077109336852
0 0.20917552947998047 0.36647418975830076 0.2172159057855606 0.36647418975830076 0.2172159057855606 0.3759502929449081 0.20917552947998047 0.3759502929449081
0 0.47130302429199217 0.3767179107666016 0.47914891004562377 0.3767179107666016 0.47914891004562377 0.38689528584480287 0.47130302429199217 0.38689528584480287
0 0.5622673416137696 0.6324102783203125 0.5711089229583741 0.6324102783203125 0.5711089229583741 0.6420348978042603 0.5622673416137696 0.6420348978042603
0 0.4660173416137695 0.8345235443115234 0.4735473173856735 0.8345235443115234 0.4735473173856735 0.8449490129947661 0.4660173416137695 0.8449490129947661
0 0.4949037551879883 0.31460493087768554 0.5026783448457718 0.31460493087768554 0.5026783448457718 0.32492930054664615 0.4949037551879883 0.32492930054664615
0 0.7735074615478515 0.5145092391967774 0.7815771132707596 0.5145092391967774 0.7815771132707596 0.523669611811638 0.7735074615478515 0.523669611811638
0 0.5270951843261719 0.6347814559936523 0.5360590130090713 0.6347814559936523 0.5360590130090713 0.6461678731441497 0.5270951843261719 0.6461678731441497
0 0.827354507446289 0.4727037811279297 0.8356216955184935 0.4727037811279297 0.8356216955184935 0.48199863672256477 0.827354507446289 0.48199863672256477
0 0.8461742401123047 0.1676496124267578 0.8540064936876297 0.1676496124267578 0.8540064936876297 0.17735521018505096 0.8461742401123047 0.17735521018505096
0 0.7863497924804688 0.16765577316284178 0.794248640537262 0.16765577316284178 0.794248640537262 0.1775674831867218 0.7863497924804688 0.1775674831867218
0 0.5506421279907227 0.3170777702331543 0.5578879237174987 0.3170777702331543 0.5578879237174987 0.327139755487442 0.5506421279907227 0.327139755487442
0 0.20843578338623048 0.5260092544555665 0.21591513335704807 0.5260092544555665 0.21591513335704807 0.5354407674074173 0.20843578338623048 0.5354407674074173
0 0.584072265625 0.3183630180358887 0.5920255249738694 0.3183630180358887 0.5920255249738694 0.32932339429855345 0.584072265625 0.32932339429855345
0 0.23388729095458985 0.8278620147705078 0.24168655753135684 0.8278620147705078 0.24168655753135684 0.8364240926504135 0.23388729095458985 0.8364240926504135
0 0.20912841796875 0.47627319335937496 0.21632423818111418 0.47627319335937496 0.21632423818111418 0.48670202255249023 0.20912841796875 0.48670202255249023
0 0.5526256561279297 0.7859806060791017 0.560297219157219 0.7859806060791017 0.560297219157219 0.7950221103429795 0.5526256561279297 0.7950221103429795
0 0.8342871856689453 0.6788793182373047 0.841185222864151 0.6788793182373047 0.841185222864151 0.6877521854639054 0.8342871856689453 0.6877521854639054
0 0.45808685302734375 0.31381155014038087 0.465849643945694 0.31381155014038087 0.465849643945694 0.3235240262746811 0.45808685302734375 0.3235240262746811
0 0.7716844177246094 0.31587738037109375 0.7790209382772446 0.31587738037109375 0.7790209382772446 0.324865380525589 0.7716844177246094 0.324865380525589
0 0.8501255798339844 0.32214950561523437 0.8580428212881088 0.32214950561523437 0.8580428212881088 0.33203757643699644 0.8501255798339844 0.33203757643699644
0 0.22310564041137695 0.3036838722229004 0.23132206976413727 0.3036838722229004 0.23132206976413727 0.31496335864067077 0.22310564041137695 0.31496335864067077
0 0.878519287109375 0.17218788146972655 0.8848244196176528 0.17218788146972655 0.8848244196176528 0.18069327294826507 0.878519287109375 0.18069327294826507
0 0.44203025817871094 0.3818204116821289 0.4485357958078385 0.3818204116821289 0.4485357958078385 0.39001347243785855 0.44203025817871094 0.39001347243785855
0 0.7627727508544921 0.16913530349731445 0.7704219579696655 0.16913530349731445 0.7704219579696655 0.17874658167362215 0.7627727508544921 0.17874658167362215
0 0.9125369262695312 0.5318075180053711 0.919527226090431 0.5318075180053711 0.919527226090431 0.5407149744033813 0.9125369262695312 0.5407149744033813
0 0.47311809539794925 0.4653340911865234 0.48005090832710273 0.4653340911865234 0.48005090832710273 0.4739176344871521 0.47311809539794925 0.4739176344871521
0 0.16296621322631835 0.36497611999511725 0.16991128385066986 0.36497611999511725 0.16991128385066986 0.37399200856685644 0.16296621322631835 0.37399200856685644
0 0.2606303596496582 0.6213719940185547 0.26867839515209196 0.6213719940185547 0.26867839515209196 0.6319785130023957 0.2606303596496582 0.6319785130023957
0 0.8164397430419922 0.16818368911743165 0.823846938610077 0.16818368911743165 0.823846938610077 0.17791523873806003 0.8164397430419922 0.17791523873806003
0 0.527449951171875 0.7842367553710937 0.5361821776628494 0.7842367553710937 0.5361821776628494 0.7942297601699829 0.527449951171875 0.7942297601699829
0 0.7748805236816406 0.3685952758789062 0.783468856215477 0.3685952758789062 0.783468856215477 0.37939332008361815 0.7748805236816406 0.37939332008361815
0 0.44294544219970705 0.4661238098144531 0.4499396747350693 0.4661238098144531 0.4499396747350693 0.4745932680368423 0.44294544219970705 0.4745932680368423
0 0.7996041107177735 0.4729842758178711 0.8080677115917207 0.4729842758178711 0.8080677115917207 0.482887704372406 0.7996041107177735 0.482887704372406
0 0.595549201965332 0.6318845748901367 0.6027128487825393 0.6318845748901367 0.6027128487825393 0.6404894644021988 0.595549201965332 0.6404894644021988
0 0.9076141357421875 0.8236643981933595 0.9145551103353501 0.8236643981933595 0.9145551103353501 0.8314837765693665 0.9076141357421875 0.8314837765693665
0 0.5281286239624023 0.3786867141723632 0.53628657579422 0.3786867141723632 0.53628657579422 0.3895173704624176 0.5281286239624023 0.3895173704624176
0 0.5512545013427734 0.5352925109863281 0.5595865100622177 0.5352925109863281 0.5595865100622177 0.5457723343372345 0.5512545013427734 0.5457723343372345
0 0.799822769165039 0.7848487854003905 0.80777046918869 0.7848487854003905 0.80777046918869 0.794299668073654 0.799822769165039 0.794299668073654
0 0.16333951950073242 0.7723800659179687 0.1700549393892288 0.7723800659179687 0.1700549393892288 0.7805208277702332 0.16333951950073242 0.7805208277702332
0 0.18049779891967774 0.3154745101928711 0.18866077780723572 0.3154745101928711 0.18866077780723572 0.32498245537281034 0.18049779891967774 0.32498245537281034
0 0.9123371124267579 0.7761489105224609 0.9175745439529419 0.7761489105224609 0.9175745439529419 0.7832391083240509 0.9123371124267579 0.7832391083240509
0 0.5351473236083985 0.47139480590820315 0.5437394410371781 0.47139480590820315 0.5437394410371781 0.48070005834102636 0.5351473236083985 0.48070005834102636
0 0.1885844039916992 0.6679405212402345 0.19456911683082578 0.6679405212402345 0.19456911683082578 0.6757700192928314 0.1885844039916992 0.6757700192928314
0 0.23377344131469727 0.6182427597045899 0.24103387475013732 0.6182427597045899 0.24103387475013732 0.6277675646543502 0.23377344131469727 0.6277675646543502
0 0.20880941390991212 0.7833008575439453 0.21540742099285126 0.7833008575439453 0.21540742099285126 0.7928131705522538 0.20880941390991212 0.7928131705522538
0 0.7820796966552734 0.22387588500976563 0.7899267357587815 0.22387588500976563 0.7899267357587815 0.2343340063095093 0.7820796966552734 0.2343340063095093
0 0.5875587844848633 0.8309973907470704 0.5955882197618485 0.8309973907470704 0.5955882197618485 0.8403428059816361 0.5875587844848633 0.8403428059816361
0 0.1422073745727539 0.8277779388427734 0.14908460855484007 0.8277779388427734 0.14908460855484007 0.8367599105834961 0.1422073745727539 0.8367599105834961
0 0.7577656555175781 0.21227298736572264 0.7659112465381621 0.21227298736572264 0.7659112465381621 0.2229603064060211 0.7577656555175781 0.2229603064060211
0 0.89138427734375 0.37587303161621094 0.8986921137571334 0.37587303161621094 0.8986921137571334 0.38468087136745455 0.89138427734375 0.38468087136745455
0 0.4911843872070312 0.6319052505493165 0.499125137925148 0.6319052505493165 0.499125137925148 0.6412176185846329 0.4911843872070312 0.6412176185846329
0 0.15874011039733887 0.5208961486816406 0.16569084346294405 0.5208961486816406 0.16569084346294405 0.5288944423198699 0.15874011039733887 0.5288944423198699
0 0.44011219024658205 0.5379226684570313 0.44752725183963776 0.5379226684570313 0.44752725183963776 0.5481468868255616 0.44011219024658205 0.5481468868255616
0 0.8373526763916016 0.6291553497314453 0.845248094201088 0.6291553497314453 0.845248094201088 0.6376853686571121 0.8373526763916016 0.6376853686571121
0 0.7711011505126953 0.4732155227661133 0.7789541631937027 0.4732155227661133 0.7789541631937027 0.48404752373695376 0.7711011505126953 0.48404752373695376
0 0.4766400909423828 0.5253292846679688 0.48532284438610074 0.5253292846679688 0.48532284438610074 0.5347716289758683 0.4766400909423828 0.5347716289758683
0 0.8156244659423828 0.8159185028076172 0.8227099853754043 0.8159185028076172 0.8227099853754043 0.8248354864120484 0.8156244659423828 0.8248354864120484
0 0.8930320739746094 0.4807590866088867 0.9002915316820145 0.4807590866088867 0.9002915316820145 0.4901207095384598 0.8930320739746094 0.4901207095384598
0 0.7989051055908203 0.8281877899169922 0.8068551713228226 0.8281877899169922 0.8068551713228226 0.8390253245830537 0.7989051055908203 0.8390253245830537
0 0.18837684631347656 0.8303340911865236 0.19556247889995576 0.8303340911865236 0.19556247889995576 0.8398706763982774 0.18837684631347656 0.8398706763982774
0 0.8313201141357421 0.43022727966308594 0.839707184433937 0.43022727966308594 0.839707184433937 0.4402932572364807 0.8313201141357421 0.4402932572364807
0 0.5029866790771484 0.4730251693725586 0.5114738780260086 0.4730251693725586 0.5114738780260086 0.4837634038925171 0.5029866790771484 0.4837634038925171
0 0.27420576095581056 0.46416393280029294 0.28207592487335204 0.46416393280029294 0.28207592487335204 0.4752156841754913 0.27420576095581056 0.4752156841754913
0 0.14629390716552734 0.32225574493408204 0.1536566573381424 0.32225574493408204 0.1536566573381424 0.33150508105754856 0.14629390716552734 0.33150508105754856
0 0.7668858337402343 0.8298519134521485 0.7749627602100372 0.8298519134521485 0.7749627602100372 0.8399048459529878 0.7668858337402343 0.8399048459529878
0 0.2112887954711914 0.6747000122070312 0.21920337557792663 0.6747000122070312 0.21920337557792663 0.6835129511356354 0.2112887954711914 0.6835129511356354
0 0.16604742050170898 0.8298074340820313 0.17272217988967895 0.8298074340820313 0.17272217988967895 0.839917528629303 0.16604742050170898 0.839917528629303
0 0.8932026672363281 0.3304444885253906 0.9005476450920105 0.3304444885253906 0.9005476450920105 0.3394721180200576 0.8932026672363281 0.3394721180200576
0 0.18604217529296874 0.6242480087280273 0.19234148263931272 0.6242480087280273 0.19234148263931272 0.6326260721683502 0.18604217529296874 0.6326260721683502
0 0.8691239929199219 0.2223041534423828 0.877405316233635 0.2223041534423828 0.877405316233635 0.231531748175621 0.8691239929199219 0.231531748175621
0 0.12324424016933674 0.3133194307869946 0.1307515035299055 0.3133194307869946 0.1307515035299055 0.3271184032075218 0.12324424016933674 0.3271184032075218
0 0.12230583224926565 0.3693516218279234 0.1310643061699292 0.3693516218279234 0.1310643061699292 0.3827324435690407 0.12230583224926565 0.3827324435690407
0 0.14733004345116146 0.36684271775146393 0.1542117015316828 0.36684271775146393 0.1542117015316828 0.37938723813376135 0.14733004345116146 0.37938723813376135
0 0.13700755633037942 0.46803518216866363 0.14670443817111406 0.46803518216866363 0.14670443817111406 0.4789070998333214 0.13700755633037942 0.4789070998333214
0 0.13419233257016613 0.5286670306831016 0.142638003850806 0.5286670306831016 0.142638003850806 0.5387026469889395 0.13419233257016613 0.5387026469889395
0 0.15984214905210933 0.6127153172444948 0.1673494124126781 0.6127153172444948 0.1673494124126781 0.626932440344432 0.15984214905210933 0.626932440344432
0 0.1554629120917776 0.6637297001325045 0.1654725965725359 0.6637297001325045 0.1654725965725359 0.6741834671177525 0.1554629120917776 0.6741834671177525
0 0.21364420313618526 0.6177331253974138 0.22177707177680137 0.6177331253974138 0.22177707177680137 0.6298594951003014 0.21364420313618526 0.6298594951003014
0 0.1416995959307349 0.7732851781379027 0.14983246457135102 0.7732851781379027 0.14983246457135102 0.7841570958025607 0.1416995959307349 0.7841570958025607
0 0.18330234705388665 0.777048534252592 0.19049680777443168 0.777048534252592 0.19049680777443168 0.7883386025966599 0.18330234705388665 0.7883386025966599
0 0.45043580163412417 0.6817873329690534 0.45981988083483505 0.6817873329690534 0.45981988083483505 0.693495551992531 0.45043580163412417 0.693495551992531
0 0.4510614069141716 0.628264046004584 0.45888147291476405 0.628264046004584 0.45888147291476405 0.6428993197839311 0.4510614069141716 0.6428993197839311
0 0.49579218443756035 0.3773736383586341 0.5029866451581053 0.3773736383586341 0.5029866451581053 0.39117261077916127 0.49579218443756035 0.39117261077916127
0 0.8942727076719905 0.2197308322210955 0.9030311815926538 0.2197308322210955 0.9030311815926538 0.23269350328280292 0.8942727076719905 0.23269350328280292
0 0.8695612991101181 0.377791789038044 0.8789453783108291 0.377791789038044 0.8789453783108291 0.3882455560232918 0.8695612991101181 0.3882455560232918
0 0.8636180489496678 0.4785661027758339 0.8717509175902839 0.4785661027758339 0.8717509175902839 0.4890198697610818 0.8636180489496678 0.4890198697610818
0 0.8661204700698575 0.5333438417785329 0.8767557598306633 0.5333438417785329 0.8767557598306633 0.5467246635196504 0.8661204700698575 0.5467246635196504
0 0.8642436542297154 0.6291003473634038 0.8742533387104737 0.6291003473634038 0.8742533387104737 0.6420630184251113 0.8642436542297154 0.6420630184251113
0 0.8683100885500233 0.678023976854364 0.8748789439905208 0.678023976854364 0.8748789439905208 0.6905684972366616 0.8683100885500233 0.6905684972366616
0 0.8948983129520376 0.678023976854364 0.9045951947927723 0.678023976854364 0.9045951947927723 0.6909866479160715 0.8948983129520376 0.6909866479160715
0 0.9064720106329144 0.617810279019336 0.9139792739934831 0.617810279019336 0.9139792739934831 0.6337000048369129 0.9064720106329144 0.6337000048369129
0 0.8357786139875588 0.779634591950974 0.8492291275085777 0.779634591950974 0.8492291275085777 0.789670208256812 0.8357786139875588 0.789670208256812
0 0.8620540357495494 0.779634591950974 0.8723765228703315 0.779634591950974 0.8723765228703315 0.7925972630126813 0.8620540357495494 0.7925972630126813
0 0.8595516146293598 0.824794865327245 0.8679972859099998 0.824794865327245 0.8679972859099998 0.8360849336713126 0.8595516146293598 0.8360849336713126
