0 0.4863980484008789 0.3319376754760742 0.49275930762290954 0.3319376754760742 0.49275930762290954 0.3417044466733933 0.4863980484008789 0.3417044466733933
0 0.15866205215454102 0.32326396942138674 0.16505303025245668 0.32326396942138674 0.16505303025245668 0.3319903761148453 0.15866205215454102 0.3319903761148453
0 0.8365662384033203 0.6977077484130858 0.8444144016504288 0.6977077484130858 0.8444144016504288 0.7069904685020446 0.8365662384033203 0.7069904685020446
0 0.5163568115234375 0.48127281188964843 0.5241762310266495 0.48127281188964843 0.5241762310266495 0.4906141555309295 0.5163568115234375 0.4906141555309295
0 0.490657958984375 0.6996491241455077 0.49826792538166037 0.6996491241455077 0.49826792538166037 0.7081740432977677 0.490657958984375 0.7081740432977677
0 0.2116026496887207 0.6971236419677734 0.21778537213802338 0.6971236419677734 0.21778537213802338 0.7054352545738221 0.2116026496887207 0.7054352545738221
0 0.49227577209472656 0.4806923294067383 0.4999875229597092 0.4806923294067383 0.4999875229597092 0.48914384067058564 0.49227577209472656 0.48914384067058564
0 0.8753614807128907 0.54271484375 0.8815507531166077 0.54271484375 0.8815507531166077 0.5502645844221116 0.8753614807128907 0.5502645844221116
0 0.49144275665283205 0.37477077484130855 0.4975128865242005 0.37477077484130855 0.4975128865242005 0.38330561637878413 0.49144275665283205 0.38330561637878413
0 0.5076977157592774 0.6447906494140625 0.5148290705680847 0.6447906494140625 0.5148290705680847 0.6534060937166214 0.5076977157592774 0.6534060937166214
0 0.8386153411865235 0.5408398818969726 0.8448259049654008 0.5408398818969726 0.8448259049654008 0.5490988790988922 0.8386153411865235 0.5490988790988922
0 0.46810321807861327 0.5332322692871094 0.47419806957244864 0.5332322692871094 0.47419806957244864 0.5422895067930222 0.46810321807861327 0.5422895067930222
0 0.8761185455322266 0.4893666839599609 0.8823164528608322 0.4893666839599609 0.8823164528608322 0.49722203493118283 0.8761185455322266 0.49722203493118283
0 0.5327137756347656 0.6897117614746093 0.5403122979402541 0.6897117614746093 0.5403122979402541 0.6998800444602966 0.5327137756347656 0.6998800444602966
0 0.19529878616333007 0.32435199737548825 0.2011612218618393 0.32435199737548825 0.2011612218618393 0.3322137922048568 0.19529878616333007 0.3322137922048568
0 0.20407438278198242 0.6454788208007812 0.20999532520771028 0.6454788208007812 0.20999532520771028 0.654195305109024 0.20407438278198242 0.654195305109024
0 0.4473171615600586 0.3314051055908203 0.4545153772830963 0.3314051055908203 0.4545153772830963 0.3404014068841934 0.4473171615600586 0.3404014068841934
0 0.13933342933654785 0.32485843658447267 0.14672035396099092 0.32485843658447267 0.14672035396099092 0.33345826625823977 0.13933342933654785 0.33345826625823977
0 0.8610325622558593 0.689534912109375 0.8677026045322418 0.689534912109375 0.8677026045322418 0.6984767997264862 0.8610325622558593 0.6984767997264862
0 0.8196043395996093 0.6331571197509765 0.8260054016113281 0.6331571197509765 0.8260054016113281 0.6424028784036636 0.8196043395996093 0.6424028784036636
0 0.7951307678222657 0.6896643829345703 0.8018008100986481 0.6896643829345703 0.8018008100986481 0.6977656137943269 0.7951307678222657 0.6977656137943269
0 0.14124238967895508 0.3773472213745117 0.1477794647216797 0.3773472213745117 0.1477794647216797 0.38497677385807033 0.14124238967895508 0.38497677385807033
0 0.2194521713256836 0.5390261840820313 0.2270870214700699 0.5390261840820313 0.2270870214700699 0.5481538653373719 0.2194521713256836 0.5481538653373719
0 0.7988485717773437 0.6333458709716797 0.8063293999433517 0.6333458709716797 0.8063293999433517 0.6421447372436524 0.7988485717773437 0.6421447372436524
0 0.45293746948242186 0.48193519592285156 0.45997342705726624 0.48193519592285156 0.45997342705726624 0.4914189285039901 0.45293746948242186 0.4914189285039901
0 0.7991527557373047 0.49268714904785155 0.8054834377765657 0.49268714904785155 0.8054834377765657 0.5011359721422196 0.7991527557373047 0.5011359721422196
0 0.8619978332519531 0.488006591796875 0.8683645331859589 0.488006591796875 0.8683645331859589 0.4964880669116974 0.8619978332519531 0.4964880669116974
0 0.20915185928344726 0.48061695098876955 0.21614777743816377 0.48061695098876955 0.21614777743816377 0.48930655479431157 0.20915185928344726 0.48930655479431157
0 0.7958363342285156 0.3829853057861329 0.8022600477933883 0.3829853057861329 0.8022600477933883 0.39140784084796915 0.7958363342285156 0.39140784084796915
0 0.5533553314208984 0.6990644073486328 0.5597454518079759 0.6990644073486328 0.5597454518079759 0.7077110016345978 0.5533553314208984 0.7077110016345978
0 0.1399012279510498 0.4721432876586914 0.14684521913528445 0.4721432876586914 0.14684521913528445 0.48105809688568113 0.1399012279510498 0.48105809688568113
0 0.1941394805908203 0.6970889282226563 0.19998001873493193 0.6970889282226563 0.19998001873493193 0.7053579270839692 0.1941394805908203 0.7053579270839692
0 0.8618836212158203 0.38539695739746094 0.8674824142456056 0.38539695739746094 0.8674824142456056 0.39227610170841215 0.8618836212158203 0.39227610170841215
0 0.5227889633178711 0.32628837585449216 0.5301932018995285 0.32628837585449216 0.5301932018995285 0.3341747188568115 0.5227889633178711 0.3341747188568115
0 0.4765421295166016 0.4877040100097656 0.48387956678867344 0.4877040100097656 0.48387956678867344 0.4963772082328796 0.4765421295166016 0.4963772082328796
0 0.8548599243164062 0.5432418823242188 0.8616626238822936 0.5432418823242188 0.8616626238822936 0.5517589747905731 0.8548599243164062 0.5517589747905731
0 0.2284224510192871 0.6493195343017578 0.23517499744892117 0.6493195343017578 0.23517499744892117 0.6577907317876815 0.2284224510192871 0.6577907317876815
0 0.17480369567871093 0.48220592498779297 0.1813312339782715 0.48220592498779297 0.1813312339782715 0.48999035835266114 0.17480369567871093 0.48999035835266114
0 0.5454484176635742 0.4726731872558594 0.5530655103921891 0.4726731872558594 0.5530655103921891 0.4819832623004914 0.5454484176635742 0.4819832623004914
0 0.15948188781738282 0.635625 0.1665894818305969 0.635625 0.1665894818305969 0.6446501386165618 0.15948188781738282 0.6446501386165618
0 0.5350003433227539 0.5268577575683594 0.5420355916023254 0.5268577575683594 0.5420355916023254 0.5356233787536622 0.5350003433227539 0.5356233787536622
0 0.797442626953125 0.3287984848022461 0.8051011198759078 0.3287984848022461 0.8051011198759078 0.33904454469680784 0.797442626953125 0.33904454469680784
0 0.5111199951171875 0.6983000946044923 0.5185276049375533 0.6983000946044923 0.5185276049375533 0.7076623499393464 0.5111199951171875 0.7076623499393464
0 0.46640987396240235 0.37381065368652344 0.4733180540800095 0.37381065368652344 0.4733180540800095 0.38311792194843297 0.46640987396240235 0.38311792194843297
0 0.19202276229858398 0.48335670471191405 0.19855210483074187 0.48335670471191405 0.19855210483074187 0.49247458219528195 0.19202276229858398 0.49247458219528195
0 0.14660828590393066 0.5437946319580078 0.15337245404720304 0.5437946319580078 0.15337245404720304 0.5520546174049378 0.14660828590393066 0.5520546174049378
0 0.7804927825927734 0.6336250686645508 0.7867041742801667 0.6336250686645508 0.7867041742801667 0.6416251409053804 0.7804927825927734 0.6416251409053804
0 0.22976404190063476 0.697037353515625 0.2372022432088852 0.697037353515625 0.2372022432088852 0.706202746629715 0.22976404190063476 0.706202746629715
0 0.88186767578125 0.33689544677734373 0.8884568703174591 0.33689544677734373 0.8884568703174591 0.34481760442256926 0.88186767578125 0.34481760442256926
0 0.1782298469543457 0.3808824920654297 0.18477157950401307 0.3808824920654297 0.18477157950401307 0.38987576961517334 0.1782298469543457 0.38987576961517334
0 0.8816382598876953 0.3858130264282227 0.8874682998657226 0.3858130264282227 0.8874682998657226 0.3931340825557709 0.8816382598876953 0.3931340825557709
0 0.8186290740966797 0.38182182312011725 0.8244410169124604 0.38182182312011725 0.8244410169124604 0.3894308197498322 0.8186290740966797 0.3894308197498322
0 0.8618223571777344 0.6296150588989258 0.8685753178596496 0.6296150588989258 0.8685753178596496 0.6387119460105896 0.8618223571777344 0.6387119460105896
0 0.5482608032226562 0.6400425720214844 0.5562659305334091 0.6400425720214844 0.5562659305334091 0.6488671725988389 0.5482608032226562 0.6488671725988389
0 0.16058380126953126 0.48338077545166014 0.16672021508216858 0.48338077545166014 0.16672021508216858 0.49194336771965025 0.16058380126953126 0.49194336771965025
0 0.44720943450927736 0.38941551208496095 0.4535098952054977 0.38941551208496095 0.4535098952054977 0.3982837539911271 0.44720943450927736 0.3982837539911271
0 0.7744802093505859 0.6850391387939452 0.7813161468505859 0.6850391387939452 0.7813161468505859 0.6939574658870696 0.7744802093505859 0.6939574658870696
0 0.16593173980712891 0.5355497741699219 0.17265734672546384 0.5355497741699219 0.17265734672546384 0.5433370929956436 0.16593173980712891 0.5433370929956436
0 0.8643000793457031 0.3339888381958008 0.8715491867065428 0.3339888381958008 0.8715491867065428 0.34395235300064086 0.8643000793457031 0.34395235300064086
0 0.17190895080566407 0.6962027740478516 0.1776556444168091 0.6962027740478516 0.1776556444168091 0.7043165761232376 0.17190895080566407 0.7043165761232376
0 0.8109829711914063 0.6923043823242188 0.8175634717941285 0.6923043823242188 0.8175634717941285 0.7009245705604553 0.8109829711914063 0.7009245705604553
0 0.1937125587463379 0.3765169906616211 0.19981601536273957 0.3765169906616211 0.19981601536273957 0.38453568220138545 0.1937125587463379 0.38453568220138545
0 0.44852073669433595 0.5305502319335937 0.45566983401775357 0.5305502319335937 0.45566983401775357 0.5390600109100342 0.44852073669433595 0.5390600109100342
0 0.21414777755737305 0.31866390228271485 0.22189060747623443 0.31866390228271485 0.22189060747623443 0.32902720928192136 0.21414777755737305 0.32902720928192136
0 0.8019972229003907 0.5493635559082031 0.8086844170093537 0.5493635559082031 0.8086844170093537 0.5579870247840881 0.8019972229003907 0.5579870247840881
0 0.46590850830078123 0.6893568420410157 0.47306656599044794 0.6893568420410157 0.47306656599044794 0.6991066551208496 0.46590850830078123 0.6991066551208496
0 0.5032969665527344 0.5404118728637696 0.5108841925859451 0.5404118728637696 0.5108841925859451 0.5502566379308701 0.5032969665527344 0.5502566379308701
0 0.5280939102172851 0.6445372009277344 0.5355101549625396 0.6445372009277344 0.5355101549625396 0.6556479310989379 0.5280939102172851 0.6556479310989379
0 0.46963268280029297 0.6421809387207031 0.47822725474834443 0.6421809387207031 0.47822725474834443 0.65201526761055 0.46963268280029297 0.65201526761055
0 0.1550491237640381 0.6926065826416016 0.1626086115837097 0.6926065826416016 0.1626086115837097 0.7022671353816986 0.1550491237640381 0.7022671353816986
0 0.4918174743652344 0.6418408966064453 0.498650188446045 0.6418408966064453 0.498650188446045 0.6518786501884459 0.4918174743652344 0.6518786501884459
0 0.8392963409423828 0.33678173065185546 0.8470945286750793 0.33678173065185546 0.8470945286750793 0.34629823446273805 0.8392963409423828 0.34629823446273805
0 0.8208779907226562 0.49563308715820314 0.8279955059289931 0.49563308715820314 0.8279955059289931 0.5056604039669037 0.8208779907226562 0.5056604039669037
0 0.83941650390625 0.49260986328125 0.8471427148580551 0.49260986328125 0.8471427148580551 0.5015141177177429 0.83941650390625 0.5015141177177429
0 0.8393994903564453 0.6342103958129883 0.8470359230041503 0.6342103958129883 0.8470359230041503 0.6438222074508667 0.8393994903564453 0.6438222074508667
0 0.5085136032104492 0.3688925552368164 0.5151231426000595 0.3688925552368164 0.5151231426000595 0.3791146790981293 0.5085136032104492 0.3791146790981293
0 0.8173572540283203 0.3344993591308594 0.8236062014102935 0.3344993591308594 0.8236062014102935 0.34415485203266144 0.8173572540283203 0.34415485203266144
0 0.1827786636352539 0.6398374938964844 0.1908437615633011 0.6398374938964844 0.1908437615633011 0.650090490579605 0.1827786636352539 0.650090490579605
0 0.4678407287597656 0.3294159698486328 0.4746400570869446 0.3294159698486328 0.4746400570869446 0.33841824054718017 0.4678407287597656 0.33841824054718017
0 0.8179666137695313 0.542424201965332 0.8246478933095932 0.542424201965332 0.8246478933095932 0.5503775888681411 0.8179666137695313 0.5503775888681411
0 0.2157013511657715 0.3707740020751953 0.22332608819007876 0.3707740020751953 0.22332608819007876 0.38074178636074063 0.2157013511657715 0.38074178636074063
0 0.17522628784179686 0.328701057434082 0.18275784552097318 0.328701057434082 0.18275784552097318 0.33942118644714353 0.17522628784179686 0.33942118644714353
0 0.5023969268798828 0.33014171600341796 0.509342810511589 0.33014171600341796 0.509342810511589 0.33857393622398374 0.5023969268798828 0.33857393622398374
0 0.15366742493804159 0.37856904269936026 0.16010177524332905 0.37856904269936026 0.16010177524332905 0.38767636449690823 0.15366742493804159 0.38767636449690823
0 0.18356822929790684 0.5359233248681059 0.19227352676976628 0.5359233248681059 0.19227352676976628 0.5440187220214818 0.18356822929790684 0.5440187220214818
0 0.19795089468619642 0.5354173625460199 0.20627770096362727 0.5354173625460199 0.20627770096362727 0.5455366089877398 0.19795089468619642 0.5455366089877398
0 0.21573998082434412 0.6447052241165959 0.22141734874077423 0.6447052241165959 0.22141734874077423 0.6583662068129178 0.21573998082434412 0.6583662068129178
0 0.48863213200741806 0.5323815886135039 0.49430949992384804 0.5323815886135039 0.49430949992384804 0.5445246843435678 0.48863213200741806 0.5445246843435678
0 0.5272382338391427 0.3638961353588661 0.5340510753388586 0.3638961353588661 0.5340510753388586 0.37806308037727415 0.5272382338391427 0.37806308037727415
0 0.8398982247566713 0.3881823268189941 0.8470895574508162 0.3881823268189941 0.8470895574508162 0.39728964861654215 0.8398982247566713 0.39728964861654215
