0 0.5078624725341797 0.3646810913085938 0.5148693323135377 0.3646810913085938 0.5148693323135377 0.37368686020374303 0.5078624725341797 0.37368686020374303
0 0.4927833557128906 0.7833907318115235 0.5013903772830962 0.7833907318115235 0.5013903772830962 0.7928307831287384 0.4927833557128906 0.7928307831287384
0 0.5302328109741211 0.6144981002807617 0.5368498617410661 0.6144981002807617 0.5368498617410661 0.6237812548875807 0.5302328109741211 0.6237812548875807
0 0.5626230239868164 0.8323715209960938 0.5694055557250977 0.8323715209960938 0.5694055557250977 0.841772832274437 0.5626230239868164 0.841772832274437
0 0.5225168991088868 0.783078384399414 0.5293944728374482 0.783078384399414 0.5293944728374482 0.7919974231719971 0.5225168991088868 0.7919974231719971
0 0.5540066909790039 0.6140884017944336 0.5614617919921875 0.6140884017944336 0.5614617919921875 0.623513589501381 0.5540066909790039 0.623513589501381
0 0.5454666137695312 0.7796432495117187 0.5524954742193221 0.7796432495117187 0.5524954742193221 0.7899355006217957 0.5454666137695312 0.7899355006217957
0 0.5331007385253906 0.5201336288452149 0.5408798229694367 0.5201336288452149 0.5408798229694367 0.5297884100675583 0.5331007385253906 0.5297884100675583
0 0.4841088104248047 0.36620990753173827 0.4914587265253067 0.36620990753173827 0.4914587265253067 0.37553923368453984 0.4841088104248047 0.37553923368453984
0 0.5317773818969727 0.31006303787231443 0.5390241241455078 0.31006303787231443 0.5390241241455078 0.31878841638565064 0.5317773818969727 0.31878841638565064
0 0.5313367462158203 0.6757685089111328 0.5385948437452316 0.6757685089111328 0.5385948437452316 0.684375730752945 0.5313367462158203 0.684375730752945
0 0.46076915740966795 0.4704612731933594 0.46812806308269495 0.4704612731933594 0.46812806308269495 0.4793757659196854 0.46076915740966795 0.4793757659196854
0 0.4824070358276367 0.6750093841552735 0.4902661401033402 0.6750093841552735 0.4902661401033402 0.6844926029443741 0.4824070358276367 0.6844926029443741
0 0.5168162536621094 0.8349022674560547 0.5250996470451355 0.8349022674560547 0.5250996470451355 0.8436946505308152 0.5168162536621094 0.8436946505308152
0 0.5420526504516602 0.8346685028076172 0.5491918712854386 0.8346685028076172 0.5491918712854386 0.8442500734329224 0.5420526504516602 0.8442500734329224
0 0.4865544891357422 0.5295493698120117 0.49476623117923735 0.5295493698120117 0.49476623117923735 0.5385680258274079 0.4865544891357422 0.5385680258274079
0 0.5544795227050782 0.6744911193847656 0.5624813383817673 0.6744911193847656 0.5624813383817673 0.6843954968452454 0.5544795227050782 0.6843954968452454
0 0.5533174133300781 0.5199773788452149 0.5599280768632888 0.5199773788452149 0.5599280768632888 0.5295077574253083 0.5533174133300781 0.5295077574253083
0 0.5451002883911132 0.4716991043090821 0.5523723435401916 0.4716991043090821 0.5523723435401916 0.48171393036842347 0.5451002883911132 0.48171393036842347
0 0.46636138916015624 0.7820095825195312 0.47343102872371673 0.7820095825195312 0.47343102872371673 0.7920228266716003 0.46636138916015624 0.7920228266716003
0 0.4600714111328125 0.8359749603271484 0.46782065808773043 0.8359749603271484 0.46782065808773043 0.8446671730279922 0.4600714111328125 0.8446671730279922
0 0.4558782196044922 0.675447769165039 0.46305555760860445 0.675447769165039 0.46305555760860445 0.6852915853261947 0.4558782196044922 0.6852915853261947
0 0.513009033203125 0.47690303802490236 0.5205592948198318 0.47690303802490236 0.5205592948198318 0.4866822218894959 0.513009033203125 0.4866822218894959
0 0.5683451843261719 0.4707459259033203 0.575822937488556 0.4707459259033203 0.575822937488556 0.4798487424850464 0.5683451843261719 0.4798487424850464
0 0.5832162094116211 0.8323169708251952 0.5912433969974518 0.8323169708251952 0.5912433969974518 0.8409483855962753 0.5832162094116211 0.8409483855962753
0 0.45890724182128906 0.3713127517700195 0.4667574745416641 0.3713127517700195 0.4667574745416641 0.38132034301757806 0.45890724182128906 0.38132034301757806
0 0.4547726821899414 0.6186457061767578 0.4626159363985061 0.6186457061767578 0.4626159363985061 0.6269404393434526 0.4547726821899414 0.6269404393434526
0 0.4541082763671875 0.3080377960205078 0.46218792319297786 0.3080377960205078 0.46218792319297786 0.31810337901115415 0.4541082763671875 0.31810337901115415
0 0.506942253112793 0.619169807434082 0.5148243641853333 0.619169807434082 0.5148243641853333 0.6301925826072693 0.506942253112793 0.6301925826072693
0 0.4865679168701172 0.47268478393554686 0.49503131091594693 0.47268478393554686 0.49503131091594693 0.4815165001153946 0.4865679168701172 0.4815165001153946
0 0.5085790634155274 0.525328140258789 0.5162994784116746 0.525328140258789 0.5162994784116746 0.5352420836687088 0.5085790634155274 0.5352420836687088
0 0.5499243545532226 0.3617769622802734 0.5577108317613603 0.3617769622802734 0.5577108317613603 0.3710537528991699 0.5499243545532226 0.3710537528991699
0 0.5065503311157227 0.6817809295654297 0.5130734634399414 0.6817809295654297 0.5130734634399414 0.6912797236442566 0.5065503311157227 0.6912797236442566
0 0.5289384078979492 0.3608522796630859 0.5360747307538987 0.3608522796630859 0.5360747307538987 0.3704270511865616 0.5289384078979492 0.3704270511865616
0 0.49495372772216795 0.3090709686279297 0.5023571681976318 0.3090709686279297 0.5023571681976318 0.3182219135761261 0.49495372772216795 0.3182219135761261
0 0.5658481216430664 0.782396697998047 0.5737171030044557 0.782396697998047 0.5737171030044557 0.7929220998287202 0.5658481216430664 0.7929220998287202
0 0.46313995361328125 0.5254479598999023 0.46908363640308376 0.5254479598999023 0.46908363640308376 0.533742139339447 0.46313995361328125 0.533742139339447
0 0.4738334655761719 0.3081608200073242 0.481333042383194 0.3081608200073242 0.481333042383194 0.31782101690769193 0.4738334655761719 0.31782101690769193
0 0.5112954711914063 0.31104694366455077 0.5186947417259217 0.31104694366455077 0.5186947417259217 0.31971697986125946 0.5112954711914063 0.31971697986125946
0 0.48151172637939454 0.620770378112793 0.4890542995929718 0.620770378112793 0.4890542995929718 0.6313199329376221 0.48151172637939454 0.6313199329376221
