0 0.5008584976196289 0.5302634048461914 0.5084723967313766 0.5302634048461914 0.5084723967313766 0.5401276189088822 0.5008584976196289 0.5401276189088822
0 0.5166974639892579 0.6867025756835937 0.5247018814086915 0.6867025756835937 0.5247018814086915 0.6965089964866639 0.5166974639892579 0.6965089964866639
0 0.5216592025756835 0.373287353515625 0.5301579934358596 0.373287353515625 0.5301579934358596 0.3835789716243743 0.5216592025756835 0.3835789716243743
0 0.5479615402221679 0.8433665466308594 0.5564945745468138 0.8433665466308594 0.5564945745468138 0.8544081389904021 0.5479615402221679 0.8544081389904021
0 0.46945369720458985 0.37345573425292966 0.4769753634929657 0.37345573425292966 0.4769753634929657 0.38406636357307433 0.46945369720458985 0.38406636357307433
0 0.5398928833007812 0.22607406616210937 0.5478734666109085 0.22607406616210937 0.5478734666109085 0.23710344314575196 0.5398928833007812 0.23710344314575196
0 0.4533248519897461 0.1442228889465332 0.4616025084257126 0.1442228889465332 0.4616025084257126 0.15491494178771972 0.4533248519897461 0.15491494178771972
0 0.5781856918334961 0.8439775085449219 0.5866767346858979 0.8439775085449219 0.5866767346858979 0.8540090954303743 0.5781856918334961 0.8540090954303743
0 0.5070444107055664 0.8440834045410155 0.5151263642311096 0.8440834045410155 0.5151263642311096 0.8542909014225005 0.5070444107055664 0.8542909014225005
0 0.469298210144043 0.8427339172363282 0.47696557402610784 0.8427339172363282 0.47696557402610784 0.8528913688659668 0.469298210144043 0.8528913688659668
0 0.507320671081543 0.2270944786071777 0.5151798939704896 0.2270944786071777 0.5151798939704896 0.23749488472938537 0.507320671081543 0.23749488472938537
0 0.446137580871582 0.3728628158569336 0.45413153052330013 0.3728628158569336 0.45413153052330013 0.38220724284648894 0.446137580871582 0.38220724284648894
0 0.7737812805175781 0.76317626953125 0.7821421504020691 0.76317626953125 0.7821421504020691 0.7726354539394378 0.7737812805175781 0.7726354539394378
0 0.5790479278564453 0.7702131652832032 0.5870289844274522 0.7702131652832032 0.5870289844274522 0.7801300340890884 0.5790479278564453 0.7801300340890884
0 0.43753173828125 0.22671087265014647 0.44606450617313387 0.22671087265014647 0.44606450617313387 0.23752243638038634 0.43753173828125 0.23752243638038634
0 0.5621132659912109 0.5328097152709961 0.5708541864156723 0.5328097152709961 0.5708541864156723 0.543364132642746 0.5621132659912109 0.543364132642746
0 0.462042236328125 0.47098621368408206 0.46936728298664093 0.47098621368408206 0.46936728298664093 0.48080050051212314 0.462042236328125 0.48080050051212314
0 0.48522472381591797 0.7733789825439453 0.4929733794927597 0.7733789825439453 0.4929733794927597 0.7843727421760559 0.48522472381591797 0.7843727421760559
0 0.569808235168457 0.4698620223999023 0.5783090364933013 0.4698620223999023 0.5783090364933013 0.47865598678588867 0.569808235168457 0.47865598678588867
0 0.49827442169189445 0.37407573699951174 0.5054872751235961 0.37407573699951174 0.5054872751235961 0.38426346898078917 0.49827442169189445 0.38426346898078917
0 0.5798587799072266 0.6852532958984375 0.5873079669475556 0.6852532958984375 0.5873079669475556 0.6966036999225615 0.5798587799072266 0.6966036999225615
0 0.5844257736206054 0.6246879959106445 0.5922774851322175 0.6246879959106445 0.5922774851322175 0.6342257273197174 0.5844257736206054 0.6342257273197174
0 0.5290472412109375 0.46784645080566406 0.5368292236328125 0.46784645080566406 0.5368292236328125 0.4777339482307434 0.5290472412109375 0.4777339482307434
0 0.21795948028564452 0.7731780242919922 0.22505690217018126 0.7731780242919922 0.22505690217018126 0.7827971488237382 0.21795948028564452 0.7827971488237382
0 0.4665313720703125 0.3033883094787598 0.47420536041259764 0.3033883094787598 0.47420536041259764 0.31406578540802005 0.4665313720703125 0.31406578540802005
0 0.548071517944336 0.6218247604370117 0.5561153835058212 0.6218247604370117 0.5561153835058212 0.6319082510471344 0.548071517944336 0.6319082510471344
0 0.4359863662719727 0.4708307266235351 0.4435611724853516 0.4708307266235351 0.4435611724853516 0.479566541314125 0.4359863662719727 0.479566541314125
0 0.8196383666992187 0.8377606201171875 0.8278636819124222 0.8377606201171875 0.8278636819124222 0.8475356531143189 0.8196383666992187 0.8475356531143189
0 0.5244889450073242 0.1465976619720459 0.532355797290802 0.1465976619720459 0.532355797290802 0.15793979525566101 0.5244889450073242 0.15793979525566101
0 0.5283421707153321 0.5333091354370117 0.537062332034111 0.5333091354370117 0.537062332034111 0.5437053120136262 0.5283421707153321 0.5437053120136262
0 0.5445331573486328 0.6853411102294922 0.5517968142032624 0.6853411102294922 0.5517968142032624 0.6950956666469574 0.5445331573486328 0.6950956666469574
0 0.47935550689697265 0.5339259338378907 0.48663205683231353 0.5339259338378907 0.48663205683231353 0.5436472845077515 0.47935550689697265 0.5436472845077515
0 0.4856318664550781 0.30524221420288083 0.4929009938240051 0.30524221420288083 0.4929009938240051 0.314605615735054 0.4856318664550781 0.314605615735054
0 0.5374924087524414 0.3081983947753906 0.5449856567382813 0.3081983947753906 0.5449856567382813 0.3181996810436249 0.5374924087524414 0.3181996810436249
0 0.18899900436401368 0.7710971069335938 0.19616664290428162 0.7710971069335938 0.19616664290428162 0.7803010028600693 0.18899900436401368 0.7803010028600693
0 0.5101107788085938 0.7695020294189453 0.5183819890022279 0.7695020294189453 0.5183819890022279 0.779194443821907 0.5101107788085938 0.779194443821907
0 0.22499725341796875 0.8423497009277344 0.23255700767040252 0.8423497009277344 0.23255700767040252 0.8522505992650986 0.22499725341796875 0.8522505992650986
0 0.25904823303222657 0.7733482360839845 0.2675211489200592 0.7733482360839845 0.2675211489200592 0.7836982011795045 0.25904823303222657 0.7836982011795045
0 0.76924560546875 0.8363455963134766 0.7782830667495728 0.8363455963134766 0.7782830667495728 0.8472386324405671 0.76924560546875 0.8472386324405671
0 0.4562129211425781 0.770718994140625 0.4639771902561188 0.770718994140625 0.4639771902561188 0.7810242903232573 0.4562129211425781 0.7810242903232573
0 0.8360057830810547 0.7735224151611328 0.844379546046257 0.7735224151611328 0.844379546046257 0.7825882703065872 0.8360057830810547 0.7825882703065872
0 0.6017140197753906 0.7685095977783204 0.6097774618864059 0.7685095977783204 0.6097774618864059 0.7777176052331924 0.6017140197753906 0.7777176052331924
0 0.5124533081054687 0.3085905456542969 0.5202373605966568 0.3085905456542969 0.5202373605966568 0.3195259785652161 0.5124533081054687 0.3195259785652161
0 0.567327995300293 0.22488777160644532 0.575380791425705 0.22488777160644532 0.575380791425705 0.23519907593727113 0.567327995300293 0.23519907593727113
0 0.12745799064636232 0.8328501129150391 0.13551707088947298 0.8328501129150391 0.13551707088947298 0.8421895986795427 0.12745799064636232 0.8421895986795427
0 0.5528667831420898 0.36836025238037107 0.5613723754882813 0.36836025238037107 0.5613723754882813 0.37817908525466915 0.5528667831420898 0.37817908525466915
0 0.4875320053100586 0.6853781127929688 0.49538247466087343 0.6853781127929688 0.49538247466087343 0.6956442737579346 0.4875320053100586 0.6956442737579346
0 0.4859218215942383 0.14857208251953125 0.49420231699943545 0.14857208251953125 0.49420231699943545 0.15808281481266023 0.4859218215942383 0.15808281481266023
0 0.4504140472412109 0.6171299743652344 0.45819283604621885 0.6171299743652344 0.45819283604621885 0.6273062431812286 0.4504140472412109 0.6273062431812286
0 0.16298513412475585 0.8381565856933594 0.1701378095149994 0.8381565856933594 0.1701378095149994 0.8476741963624954 0.16298513412475585 0.8476741963624954
0 0.5639337158203125 0.30606815338134763 0.5729237449169159 0.30606815338134763 0.5729237449169159 0.3172748839855194 0.5639337158203125 0.3172748839855194
0 0.8476315307617187 0.8395468139648438 0.8536444401741027 0.8395468139648438 0.8536444401741027 0.8473081612586976 0.8476315307617187 0.8473081612586976
0 0.4870916748046875 0.6186095809936524 0.4957549703121185 0.6186095809936524 0.4957549703121185 0.628909422159195 0.4870916748046875 0.628909422159195
0 0.4730132293701172 0.22233219146728517 0.4818472105264664 0.22233219146728517 0.4818472105264664 0.23415308833122256 0.4730132293701172 0.23415308833122256
0 0.8029158782958984 0.7668895721435547 0.8113823771476744 0.7668895721435547 0.8113823771476744 0.7773894369602203 0.8029158782958984 0.7773894369602203
0 0.4979424285888672 0.4640592193603516 0.5055550265312194 0.4640592193603516 0.5055550265312194 0.4744276452064514 0.4979424285888672 0.4744276452064514
0 0.28432111740112304 0.8517677307128906 0.29280512213706966 0.8517677307128906 0.29280512213706966 0.8622432446479797 0.28432111740112304 0.8622432446479797
0 0.4502222442626953 0.5352616882324219 0.45855097055435184 0.5352616882324219 0.45855097055435184 0.5443815422058106 0.4502222442626953 0.5443815422058106
0 0.43618690490722656 0.8408026885986328 0.44340718030929566 0.8408026885986328 0.44340718030929566 0.8505126547813416 0.43618690490722656 0.8505126547813416
0 0.518701057434082 0.6207089614868164 0.5276945757865905 0.6207089614868164 0.5276945757865905 0.6315527033805848 0.518701057434082 0.6315527033805848
0 0.4557498931884766 0.6836237335205078 0.46378116190433505 0.6836237335205078 0.46378116190433505 0.6940604293346404 0.4557498931884766 0.6940604293346404
0 0.5808821487426757 0.36873451232910154 0.5902207642793655 0.36873451232910154 0.5902207642793655 0.3803583490848541 0.5808821487426757 0.3803583490848541
0 0.6058786010742188 0.15555768966674804 0.6143394815921783 0.15555768966674804 0.6143394815921783 0.16646140813827515 0.6058786010742188 0.16646140813827515
0 0.12372104726891714 0.7667463098951335 0.13104863679305626 0.7667463098951335 0.13104863679305626 0.7783783836798905 0.12372104726891714 0.7783783836798905
0 0.18279973780728886 0.8414364678814688 0.19104327602194537 0.8414364678814688 0.19104327602194537 0.8493952552078815 0.18279973780728886 0.8493952552078815
0 0.8818426189232565 0.7667463098951335 0.8887122341021371 0.7667463098951335 0.8887122341021371 0.7777661692701664 0.8818426189232565 0.7777661692701664
0 0.8983296953525695 0.8279677508675394 0.9047413361861912 0.8279677508675394 0.9047413361861912 0.8383753958328484 0.8983296953525695 0.8383753958328484
