0 0.1972699737548828 0.21676647186279296 0.2050772988796234 0.21676647186279296 0.2050772988796234 0.2261292016506195 0.1972699737548828 0.2261292016506195
0 0.7889981842041016 0.31363746643066404 0.7969027101993561 0.31363746643066404 0.7969027101993561 0.3226403695344925 0.7889981842041016 0.3226403695344925
0 0.5615085983276367 0.6856339263916015 0.5696278119087219 0.6856339263916015 0.5696278119087219 0.6967042171955109 0.5615085983276367 0.6967042171955109
0 0.2105352020263672 0.8240620422363282 0.2165214228630066 0.8240620422363282 0.2165214228630066 0.8325346231460572 0.2105352020263672 0.8325346231460572
0 0.4780412292480469 0.5193367004394531 0.4864118576049805 0.5193367004394531 0.4864118576049805 0.5296180403232574 0.4780412292480469 0.5296180403232574
0 0.8195842742919922 0.31410505294799806 0.8274840098619461 0.31410505294799806 0.8274840098619461 0.32370235681533815 0.8195842742919922 0.32370235681533815
0 0.5543473815917969 0.8329838562011719 0.5621212613582611 0.8329838562011719 0.5621212613582611 0.8432415568828583 0.5543473815917969 0.8432415568828583
0 0.5249141311645508 0.833641128540039 0.5324202132225037 0.833641128540039 0.5324202132225037 0.8434402751922607 0.5249141311645508 0.8434402751922607
0 0.18715938568115234 0.8224684143066406 0.1934234881401062 0.8224684143066406 0.1934234881401062 0.830751485824585 0.18715938568115234 0.830751485824585
0 0.765118637084961 0.3147779655456543 0.7731466525793076 0.3147779655456543 0.7731466525793076 0.3244080203771591 0.765118637084961 0.3244080203771591
0 0.7731968688964844 0.21579055786132811 0.7808393341302873 0.21579055786132811 0.7808393341302873 0.2249667626619339 0.7731968688964844 0.2249667626619339
0 0.48461074829101564 0.14695491790771484 0.491813902258873 0.14695491790771484 0.491813902258873 0.15604311764240264 0.48461074829101564 0.15604311764240264
0 0.17071149826049806 0.218002986907959 0.1771263259649277 0.218002986907959 0.1771263259649277 0.22647414505481722 0.17071149826049806 0.22647414505481722
0 0.5800386810302735 0.2087110710144043 0.588415756225586 0.2087110710144043 0.588415756225586 0.21913853645324707 0.5800386810302735 0.21913853645324707
0 0.8306678009033203 0.5303538513183593 0.8378180223703383 0.5303538513183593 0.8378180223703383 0.5393999415636062 0.8306678009033203 0.5393999415636062
0 0.2800227165222168 0.36656265258789056 0.28786038160324096 0.36656265258789056 0.28786038160324096 0.3756005996465682 0.2800227165222168 0.3756005996465682
0 0.5618014144897461 0.6333273315429687 0.5700678932666778 0.6333273315429687 0.5700678932666778 0.642406706213951 0.5618014144897461 0.642406706213951
0 0.25562965393066406 0.31205101013183595 0.26322530746459954 0.31205101013183595 0.26322530746459954 0.3214067429304123 0.25562965393066406 0.3214067429304123
0 0.5262558746337891 0.6359337615966797 0.5345419293642044 0.6359337615966797 0.5345419293642044 0.6463599419593811 0.5262558746337891 0.6463599419593811
0 0.6005251312255859 0.6867350006103515 0.6078193056583404 0.6867350006103515 0.6078193056583404 0.695452829003334 0.6005251312255859 0.695452829003334
0 0.8105476379394532 0.6265787887573242 0.8178945082426071 0.6265787887573242 0.8178945082426071 0.6360009723901748 0.8105476379394532 0.6360009723901748
0 0.7993519592285157 0.7836006164550782 0.8069727778434754 0.7836006164550782 0.8069727778434754 0.7931563341617585 0.7993519592285157 0.7931563341617585
0 0.5525262832641602 0.20787681579589845 0.5599403989315034 0.20787681579589845 0.5599403989315034 0.2174856823682785 0.5525262832641602 0.2174856823682785
0 0.5837824630737305 0.3196010208129883 0.5912040305137635 0.3196010208129883 0.5912040305137635 0.33028640270233156 0.5837824630737305 0.33028640270233156
0 0.25145124435424804 0.5238402557373046 0.25970577597618105 0.5238402557373046 0.25970577597618105 0.5336598795652389 0.25145124435424804 0.5336598795652389
0 0.5839653778076171 0.7831989288330077 0.5922446900606155 0.7831989288330077 0.5922446900606155 0.7925031530857085 0.5839653778076171 0.7925031530857085
0 0.16467098236083985 0.8219899749755859 0.17121623396873473 0.8219899749755859 0.17121623396873473 0.8305251723527909 0.16467098236083985 0.8305251723527909
0 0.5932120513916016 0.5226671981811524 0.6014713144302368 0.5226671981811524 0.6014713144302368 0.5320385456085206 0.5932120513916016 0.5320385456085206
0 0.2742488479614258 0.5134428024291993 0.2816684341430664 0.5134428024291993 0.2816684341430664 0.5237411415576935 0.2742488479614258 0.5237411415576935
0 0.7712470245361328 0.7813793182373046 0.7782145541906357 0.7813793182373046 0.7782145541906357 0.7908410322666167 0.7712470245361328 0.7908410322666167
0 0.7952786254882812 0.5341986465454102 0.8025120013952255 0.5341986465454102 0.8025120013952255 0.5437824308872223 0.7952786254882812 0.5437824308872223
0 0.813388671875 0.6810942840576172 0.8217307937145233 0.6810942840576172 0.8217307937145233 0.6900231266021728 0.813388671875 0.6900231266021728
0 0.5679217529296875 0.3765437698364258 0.5761435788869859 0.3765437698364258 0.5761435788869859 0.38591990053653724 0.5679217529296875 0.38591990053653724
0 0.4599409866333008 0.7924913024902344 0.46710176467895503 0.7924913024902344 0.46710176467895503 0.8014884537458419 0.4599409866333008 0.8014884537458419
0 0.4944207763671875 0.3821270751953125 0.502307471036911 0.3821270751953125 0.502307471036911 0.3917467141151429 0.4944207763671875 0.3917467141151429
0 0.49733947753906244 0.7808706665039062 0.5050892865657807 0.7808706665039062 0.5050892865657807 0.7906491786241532 0.49733947753906244 0.7906491786241532
0 0.22672327041625975 0.15130603790283204 0.23517860591411588 0.15130603790283204 0.23517860591411588 0.1614079487323761 0.22672327041625975 0.1614079487323761
0 0.5263497161865235 0.7835704040527344 0.5343426603078844 0.7835704040527344 0.5343426603078844 0.7930862748622894 0.5263497161865235 0.7930862748622894
0 0.5528694534301758 0.5280590057373047 0.5607917219400407 0.5280590057373047 0.5607917219400407 0.5381117808818817 0.5528694534301758 0.5381117808818817
0 0.49732788085937507 0.8337762451171875 0.5048414152860642 0.8337762451171875 0.5048414152860642 0.8432827079296112 0.49732788085937507 0.8432827079296112
0 0.7707362365722656 0.680528793334961 0.778455291390419 0.680528793334961 0.778455291390419 0.6903528445959091 0.7707362365722656 0.6903528445959091
0 0.22336776733398436 0.213406867980957 0.23074527382850643 0.213406867980957 0.23074527382850643 0.22279027223587036 0.22336776733398436 0.22279027223587036
0 0.2086985206604004 0.3661824798583984 0.21627615034580233 0.3661824798583984 0.21627615034580233 0.37554864883422845 0.2086985206604004 0.37554864883422845
0 0.5362416458129883 0.4633835983276367 0.5436290878057479 0.4633835983276367 0.5436290878057479 0.47253428637981415 0.5362416458129883 0.47253428637981415
0 0.7732759857177735 0.5145433425903321 0.7809241873025894 0.5145433425903321 0.7809241873025894 0.5240316605567932 0.7732759857177735 0.5240316605567932
0 0.27450286865234375 0.45933685302734373 0.28233671903610225 0.45933685302734373 0.28233671903610225 0.4704067885875701 0.27450286865234375 0.4704067885875701
0 0.2608327293395996 0.15155742645263673 0.2694086420536041 0.15155742645263673 0.2694086420536041 0.16240468621253967 0.2608327293395996 0.16240468621253967
0 0.4745262908935547 0.458745346069336 0.4814776450395584 0.458745346069336 0.4814776450395584 0.46765094459056855 0.4745262908935547 0.46765094459056855
0 0.5627919006347656 0.1476442050933838 0.5708194428682327 0.1476442050933838 0.5708194428682327 0.15715390920639039 0.5627919006347656 0.15715390920639039
0 0.5211835479736329 0.21250967025756837 0.5285172885656357 0.21250967025756837 0.5285172885656357 0.22225218951702116 0.5211835479736329 0.22225218951702116
0 0.8266278076171875 0.47303726196289064 0.834505009651184 0.47303726196289064 0.834505009651184 0.48245924770832066 0.8266278076171875 0.48245924770832066
0 0.47070941925048826 0.37834060668945313 0.4786376023292541 0.37834060668945313 0.4786376023292541 0.3877256315946579 0.47070941925048826 0.3877256315946579
0 0.24799409866333008 0.774767837524414 0.2554113781452179 0.774767837524414 0.2554113781452179 0.7841737347841263 0.24799409866333008 0.7841737347841263
0 0.4665077590942383 0.14557668685913086 0.47346958160400393 0.14557668685913086 0.47346958160400393 0.155650235414505 0.4665077590942383 0.155650235414505
0 0.8158641052246094 0.1697517967224121 0.822851920723915 0.1697517967224121 0.822851920723915 0.17982779622077943 0.8158641052246094 0.17982779622077943
0 0.5363450241088867 0.14939398765563966 0.5429849630594253 0.14939398765563966 0.5429849630594253 0.15806177973747254 0.5363450241088867 0.15806177973747254
0 0.867154769897461 0.22677921295166015 0.8751917159557343 0.22677921295166015 0.8751917159557343 0.2356185382604599 0.867154769897461 0.2356185382604599
0 0.8469573211669922 0.1700095558166504 0.8538736337423325 0.1700095558166504 0.8538736337423325 0.17925762712955476 0.8469573211669922 0.17925762712955476
0 0.5521784973144531 0.7859357452392578 0.5599783998727799 0.7859357452392578 0.5599783998727799 0.7948638761043547 0.5521784973144531 0.7948638761043547
0 0.5500370025634765 0.31907096862792966 0.556782156229019 0.31907096862792966 0.556782156229019 0.3280345779657364 0.5500370025634765 0.3280345779657364
0 0.443508415222168 0.45899723052978514 0.4505820465087891 0.45899723052978514 0.4505820465087891 0.4682393527030945 0.443508415222168 0.4682393527030945
0 0.5051318740844727 0.46696331024169924 0.5123676156997681 0.46696331024169924 0.5123676156997681 0.4762377285957336 0.5051318740844727 0.4762377285957336
0 0.19896060943603516 0.15196277618408202 0.2078233337402344 0.15196277618408202 0.2078233337402344 0.16271789073944093 0.19896060943603516 0.16271789073944093
0 0.5732991790771484 0.4600658416748047 0.5811979681253434 0.4600658416748047 0.5811979681253434 0.4700666344165802 0.5732991790771484 0.4700666344165802
0 0.4904690933227539 0.6324060821533203 0.49882549822330474 0.6324060821533203 0.49882549822330474 0.641901239156723 0.4904690933227539 0.641901239156723
0 0.445019416809082 0.2119719123840332 0.4535067635774613 0.2119719123840332 0.4535067635774613 0.22139872133731844 0.445019416809082 0.22139872133731844
0 0.7786275482177735 0.6256699752807617 0.7856902384757996 0.6256699752807617 0.7856902384757996 0.6352738809585572 0.7786275482177735 0.6352738809585572
0 0.5938589477539062 0.6321899795532226 0.6024678027629852 0.6321899795532226 0.6024678027629852 0.6418355900049209 0.5938589477539062 0.6418355900049209
0 0.20762838363647462 0.7752065277099609 0.2135214698314667 0.7752065277099609 0.2135214698314667 0.7832528114318849 0.20762838363647462 0.7832528114318849
0 0.7659173583984376 0.8281724548339844 0.7741540288925172 0.8281724548339844 0.7741540288925172 0.8372147500514984 0.7659173583984376 0.8372147500514984
0 0.7983717346191406 0.8277352905273437 0.8056822323799133 0.8277352905273437 0.8056822323799133 0.8375641644001006 0.7983717346191406 0.8375641644001006
0 0.8515042877197265 0.30930362701416014 0.8593761670589447 0.30930362701416014 0.8593761670589447 0.3183773684501648 0.8515042877197265 0.3183773684501648
0 0.5207448959350586 0.6870113372802733 0.5279296565055845 0.6870113372802733 0.5279296565055845 0.6979044520854949 0.5207448959350586 0.6979044520854949
0 0.44169925689697265 0.3829845428466797 0.44797789394855503 0.3829845428466797 0.44797789394855503 0.3908057397603989 0.44169925689697265 0.3908057397603989
0 0.45771671295166017 0.31567188262939455 0.46447038292884824 0.31567188262939455 0.46447038292884824 0.3240217214822769 0.45771671295166017 0.3240217214822769
0 0.8149031829833985 0.8151701354980468 0.8219428664445878 0.8151701354980468 0.8219428664445878 0.8235361421108246 0.8149031829833985 0.8235361421108246
0 0.2577177810668945 0.21178869247436524 0.2651108419895172 0.21178869247436524 0.2651108419895172 0.22212859749794006 0.2577177810668945 0.22212859749794006
0 0.8922864532470703 0.48100505828857426 0.8998707813024521 0.48100505828857426 0.8998707813024521 0.49066102564334874 0.8922864532470703 0.49066102564334874
0 0.5160381698608398 0.5249819946289063 0.5239548790454863 0.5249819946289063 0.5239548790454863 0.534269734621048 0.5160381698608398 0.534269734621048
0 0.208994140625 0.4697212982177734 0.21591182768344877 0.4697212982177734 0.21591182768344877 0.479573495388031 0.208994140625 0.479573495388031
0 0.16283826828002929 0.3644332122802734 0.16932128727436066 0.3644332122802734 0.16932128727436066 0.3731365329027176 0.16283826828002929 0.3731365329027176
0 0.4942721176147461 0.3160750579833984 0.5015691602230071 0.3160750579833984 0.5015691602230071 0.32589203298091884 0.4942721176147461 0.32589203298091884
0 0.20770727157592772 0.5188053894042969 0.2153079080581665 0.5188053894042969 0.2153079080581665 0.529896354675293 0.20770727157592772 0.529896354675293
0 0.5221755599975586 0.3163719367980957 0.5302617716789246 0.3163719367980957 0.5302617716789246 0.32730359435081485 0.5221755599975586 0.32730359435081485
0 0.8338935852050782 0.6798238372802734 0.8408204841613769 0.6798238372802734 0.8408204841613769 0.6887975865602494 0.8338935852050782 0.6887975865602494
0 0.7648480224609375 0.5980810165405274 0.7725086444616318 0.5980810165405274 0.7725086444616318 0.607322308421135 0.7648480224609375 0.607322308421135
0 0.7991667175292969 0.4732884979248047 0.8075960159301759 0.4732884979248047 0.8075960159301759 0.482887225151062 0.7991667175292969 0.482887225151062
0 0.7596528625488281 0.3597812271118164 0.766665222644806 0.3597812271118164 0.766665222644806 0.37002465724945066 0.7596528625488281 0.37002465724945066
0 0.7968766021728516 0.17030565261840822 0.8048803102970125 0.17030565261840822 0.8048803102970125 0.1800517100095749 0.7968766021728516 0.1800517100095749
0 0.18274532318115233 0.7706952667236329 0.18905400454998014 0.7706952667236329 0.18905400454998014 0.778868364095688 0.18274532318115233 0.778868364095688
0 0.44181888580322265 0.529935302734375 0.44934433698654175 0.529935302734375 0.44934433698654175 0.539888697862625 0.44181888580322265 0.539888697862625
0 0.5106623458862305 0.14914202690124512 0.5186095136404039 0.14914202690124512 0.5186095136404039 0.15973942399024962 0.5106623458862305 0.15973942399024962
0 0.7686270904541016 0.1619333267211914 0.776010156273842 0.1619333267211914 0.776010156273842 0.17212453722953797 0.7686270904541016 0.17212453722953797
0 0.13350448608398438 0.5195185089111328 0.1407350379228592 0.5195185089111328 0.1407350379228592 0.5275666111707688 0.13350448608398438 0.5275666111707688
0 0.25881271362304686 0.6108892440795899 0.26661104917526246 0.6108892440795899 0.26661104917526246 0.6206089347600937 0.25881271362304686 0.6206089347600937
0 0.8393399047851563 0.37192703247070313 0.8469921875 0.37192703247070313 0.8469921875 0.3824890792369843 0.8393399047851563 0.3824890792369843
0 0.9123207092285156 0.5322810745239258 0.9190587657690047 0.5322810745239258 0.9190587657690047 0.5412513053417206 0.9123207092285156 0.5412513053417206
0 0.46961982727050783 0.21214935302734375 0.47640093982219694 0.21214935302734375 0.47640093982219694 0.22186781823635102 0.46961982727050783 0.22186781823635102
0 0.17030582427978516 0.1525358200073242 0.1768314701318741 0.1525358200073242 0.1768314701318741 0.161256999373436 0.17030582427978516 0.161256999373436
0 0.21069082260131836 0.665354995727539 0.2179203242063522 0.665354995727539 0.2179203242063522 0.6734989988803863 0.21069082260131836 0.6734989988803863
0 0.8386597442626953 0.2224976921081543 0.8469075930118561 0.2224976921081543 0.8469075930118561 0.2324800831079483 0.8386597442626953 0.2324800831079483
0 0.15735170364379883 0.5125855255126953 0.1652174615859985 0.5125855255126953 0.1652174615859985 0.5212512129545211 0.15735170364379883 0.5212512129545211
0 0.4978678131103515 0.21396020889282227 0.5047776198387145 0.21396020889282227 0.5047776198387145 0.22396859049797058 0.4978678131103515 0.22396859049797058
0 0.1867801856994629 0.6587269592285157 0.19299301147460937 0.6587269592285157 0.19299301147460937 0.6669721603393555 0.1867801856994629 0.6669721603393555
0 0.18022819519042968 0.31530893325805665 0.18789036929607392 0.31530893325805665 0.18789036929607392 0.3239459216594696 0.18022819519042968 0.3239459216594696
0 0.88960205078125 0.1805207633972168 0.896578984260559 0.1805207633972168 0.896578984260559 0.18930462777614596 0.88960205078125 0.18930462777614596
0 0.22261133193969726 0.3033773040771484 0.23105924546718595 0.3033773040771484 0.23105924546718595 0.31468386888504024 0.22261133193969726 0.31468386888504024
0 0.14778580665588378 0.3680722427368164 0.15374664068222044 0.3680722427368164 0.15374664068222044 0.3761736714839935 0.14778580665588378 0.3761736714839935
0 0.9070317077636719 0.822156753540039 0.9141129684448243 0.822156753540039 0.9141129684448243 0.830004830956459 0.9070317077636719 0.830004830956459
0 0.8366136932373047 0.629844970703125 0.8442697608470917 0.629844970703125 0.8442697608470917 0.6385321629047394 0.8366136932373047 0.6385321629047394
0 0.8619918823242188 0.4788621139526367 0.8704276269674301 0.4788621139526367 0.8704276269674301 0.48895200848579407 0.8619918823242188 0.48895200848579407
0 0.7843067169189453 0.3681291961669922 0.7927246594429016 0.3681291961669922 0.7927246594429016 0.38049699783325197 0.7843067169189453 0.38049699783325197
0 0.14590274810791015 0.32067867279052736 0.15227443099021912 0.32067867279052736 0.15227443099021912 0.32985475897789 0.14590274810791015 0.32985475897789
0 0.4687362289428711 0.21459587097167968 0.4760304325819016 0.21459587097167968 0.4760304325819016 0.2250132167339325 0.4687362289428711 0.2250132167339325
0 0.5867850494384765 0.8307318115234374 0.5948588413000107 0.8307318115234374 0.5948588413000107 0.8400524806976318 0.5867850494384765 0.8400524806976318
0 0.46509552001953125 0.8337857055664063 0.47312891781330113 0.8337857055664063 0.47312891781330113 0.8447572493553163 0.46509552001953125 0.8447572493553163
0 0.8820948791503906 0.31850046157836914 0.8884145015478134 0.31850046157836914 0.8884145015478134 0.32632758796215056 0.8820948791503906 0.32632758796215056
0 0.7713626098632812 0.47505111694335944 0.7782262259721755 0.47505111694335944 0.7782262259721755 0.4848125517368317 0.7713626098632812 0.4848125517368317
0 0.5267327880859375 0.38066162109374996 0.5348324847221375 0.38066162109374996 0.5348324847221375 0.3916534435749054 0.5267327880859375 0.3916534435749054
0 0.9115071868896485 0.7746237182617187 0.9170599669218064 0.7746237182617187 0.9170599669218064 0.7828573769330979 0.9115071868896485 0.7828573769330979
0 0.15813814163208006 0.6074170684814453 0.1652748781442642 0.6074170684814453 0.1652748781442642 0.6163047200441361 0.15813814163208006 0.6163047200441361
0 0.8635699462890625 0.7805795288085937 0.8702461397647857 0.7805795288085937 0.8702461397647857 0.7893295353651046 0.8635699462890625 0.7893295353651046
0 0.23280284881591798 0.8179698944091796 0.24113879024982454 0.8179698944091796 0.24113879024982454 0.8288694930076598 0.23280284881591798 0.8288694930076598
0 0.13372850881553908 0.1524413880212907 0.1415140726849369 0.1524413880212907 0.1415140726849369 0.1646856762157719 0.13372850881553908 0.1646856762157719
0 0.14151407268493688 0.21488725781314477 0.14792571351855863 0.21488725781314477 0.14792571351855863 0.22774376041734995 0.14151407268493688 0.22774376041734995
0 0.12273712452933036 0.31467820659816637 0.13052268839872821 0.31467820659816637 0.13052268839872821 0.3250858515634754 0.12273712452933036 0.3250858515634754
0 0.11998927845777821 0.3697775034733317 0.1309806627439869 0.3697775034733317 0.1309806627439869 0.37834850520946856 0.11998927845777821 0.37834850520946856
0 0.13510243185131515 0.45487530642497587 0.1470097648280412 0.45487530642497587 0.1470097648280412 0.4714050954875255 0.13510243185131515 0.4714050954875255
0 0.15296343131640427 0.6575182760436395 0.16212291822157818 0.6575182760436395 0.16212291822157818 0.6685381354186727 0.15296343131640427 0.6685381354186727
0 0.1822737894129608 0.6158876961824036 0.1900593532823586 0.6158876961824036 0.1900593532823586 0.6238464835088163 0.1822737894129608 0.6238464835088163
0 0.2092942757832238 0.6073166944462667 0.21845376268839772 0.6073166944462667 0.21845376268839772 0.6201731970504719 0.2092942757832238 0.6201731970504719
0 0.2308190700103825 0.6048678368073704 0.23860463387978031 0.6048678368073704 0.23860463387978031 0.6177243394115757 0.2308190700103825 0.6177243394115757
0 0.14151407268493688 0.7664924409745221 0.14792571351855863 0.7664924409745221 0.14792571351855863 0.7756756571203829 0.14151407268493688 0.7756756571203829
0 0.1602910208405434 0.7628191545161778 0.16899253340045858 0.7628191545161778 0.16899253340045858 0.7707779418425904 0.1602910208405434 0.7707779418425904
0 0.14151407268493688 0.8185306658010669 0.14655179048278252 0.8185306658010669 0.14655179048278252 0.8301627395858241 0.14151407268493688 0.8301627395858241
0 0.8589439016603219 0.8246528098983076 0.8681033885654956 0.8246528098983076 0.8681033885654956 0.8344482404538925 0.8589439016603219 0.8344482404538925
0 0.8351292357068697 0.7793489435787273 0.8452046713025609 0.7793489435787273 0.8452046713025609 0.7873077309051398 0.8351292357068697 0.7873077309051398
0 0.8667294655297195 0.6783335659742576 0.8735990807085998 0.6783335659742576 0.8735990807085998 0.6893534253492908 0.8667294655297195 0.6893534253492908
0 0.8653555424939434 0.6293564131963328 0.8731411063633414 0.6293564131963328 0.8731411063633414 0.6416007013908139 0.8653555424939434 0.6416007013908139
0 0.9051993105314502 0.6195609826407479 0.9129848744008477 0.6195609826407479 0.9129848744008477 0.6318052708352291 0.9051993105314502 0.6318052708352291
0 0.8928340032094652 0.6795579947937057 0.9042833618409325 0.6795579947937057 0.9042833618409325 0.6887412109395666 0.8928340032094652 0.6887412109395666
0 0.8667294655297195 0.5326265364599315 0.8745150293991173 0.5326265364599315 0.8745150293991173 0.5454830390641368 0.8667294655297195 0.5454830390641368
0 0.8708512346370477 0.3667164314247114 0.8800107215422217 0.3667164314247114 0.8800107215422217 0.37834850520946856 0.8708512346370477 0.37834850520946856
0 0.8978717210073109 0.3630431449663671 0.9061152592219673 0.3630431449663671 0.9061152592219673 0.3789607196191926 0.8978717210073109 0.3789607196191926
0 0.4504307856895654 0.6283858532974961 0.45821634955896323 0.6283858532974961 0.45821634955896323 0.6436912135405977 0.4504307856895654 0.6436912135405977
0 0.44997281134430667 0.6816485069434893 0.458674323904222 0.6816485069434893 0.458674323904222 0.6938927951379704 0.44997281134430667 0.6938927951379704
0 0.8887122341021371 0.22223383072983344 0.8946659005905002 0.22223383072983344 0.8946659005905002 0.23325369010486652 0.8887122341021371 0.23325369010486652
