0 0.45398179007569534 0.3056138295154578 0.46230859635312616 0.3056138295154578 0.46230859635312616 0.3182628875676078 0.45398179007569534 0.3182628875676078
0 0.4736633321859864 0.3076376788038018 0.4808546648801311 0.3076376788038018 0.4808546648801311 0.3177569252455217 0.4736633321859864 0.3177569252455217
0 0.49410185668513473 0.30864960344797376 0.5028071541569943 0.30864960344797376 0.5028071541569943 0.31674500060134975 0.49410185668513473 0.31674500060134975
0 0.5111339604344252 0.31016749041423175 0.5183252931285699 0.31016749041423175 0.5183252931285699 0.32079269917803777 0.5111339604344252 0.32079269917803777
0 0.5327079585168595 0.30966152809214575 0.539142308822147 0.30966152809214575 0.539142308822147 0.31876884988969373 0.5327079585168595 0.31876884988969373
0 0.4592806667976967 0.3708829690645517 0.46609350829741286 0.3708829690645517 0.46609350829741286 0.38201414015044366 0.4592806667976967 0.38201414015044366
0 0.4835041032411319 0.36531738352160575 0.49069543593527676 0.36531738352160575 0.49069543593527676 0.37543662996332555 0.4835041032411319 0.37543662996332555
0 0.5077275396845671 0.3637994965553476 0.5145403811842831 0.3637994965553476 0.5145403811842831 0.3749306676412396 0.5077275396845671 0.3749306676412396
0 0.5281660641837156 0.3597517979786597 0.5361143792667177 0.3597517979786597 0.5361143792667177 0.36987104442037966 0.5281660641837156 0.36987104442037966
0 0.5501185534605785 0.36228160958908967 0.5576883773491519 0.36228160958908967 0.5576883773491519 0.3698710444203797 0.5501185534605785 0.3698710444203797
0 0.4607946315754114 0.4700515841934076 0.46760747307512757 0.4700515841934076 0.46760747307512757 0.4791589059909555 0.4607946315754114 0.4791589059909555
0 0.48577505040770397 0.47258139580383757 0.49485883907399203 0.47258139580383757 0.49485883907399203 0.4821946799234716 0.48577505040770397 0.4821946799234716
0 0.5115124516288538 0.4735933204480095 0.5198392579062846 0.4735933204480095 0.5198392579062846 0.4862423785001596 0.5115124516288538 0.4862423785001596
0 0.5451981679330058 0.4705575465154936 0.5516325182382933 0.4705575465154936 0.5516325182382933 0.4827006422455575 0.5451981679330058 0.4827006422455575
0 0.5675291484042975 0.46903965954923554 0.5762344458761571 0.46903965954923554 0.5762344458761571 0.4781469813467835 0.5675291484042975 0.4781469813467835
0 0.48577505040770397 0.5287432135553835 0.4956158214628494 0.5287432135553835 0.4956158214628494 0.5388624599971035 0.48577505040770397 0.5388624599971035
0 0.5073490484901383 0.5241895526566095 0.5152973635731405 0.5241895526566095 0.5152973635731405 0.5348147614204155 0.5073490484901383 0.5348147614204155
0 0.5330864497112882 0.5196358917578355 0.5398992912110044 0.5196358917578355 0.5398992912110044 0.5307670628437273 0.5330864497112882 0.5307670628437273
0 0.5531464830160079 0.5186239671136635 0.559959324515724 0.5186239671136635 0.559959324515724 0.5287432135553835 0.5531464830160079 0.5287432135553835
0 0.45360329888126666 0.6188045068866914 0.46344406993641224 0.6188045068866914 0.46344406993641224 0.6263939417179814 0.45360329888126666 0.6263939417179814
0 0.48274712085227456 0.6208283561750354 0.4884244887687046 0.6208283561750354 0.4884244887687046 0.6309476026167553 0.48274712085227456 0.6309476026167553
0 0.5081060308789958 0.6182985445646053 0.5145403811842831 0.6182985445646053 0.5145403811842831 0.6304416402946693 0.5081060308789958 0.6304416402946693
0 0.5289230465725728 0.6132389213437454 0.5376283440444322 0.6132389213437454 0.5376283440444322 0.6238641301075513 0.5289230465725728 0.6238641301075513
0 0.5531464830160079 0.6122269966995734 0.5607163069045813 0.6122269966995734 0.5607163069045813 0.6233581677854653 0.5531464830160079 0.6233581677854653
0 0.4562527372422674 0.6744603623161513 0.4626870875475548 0.6744603623161513 0.4626870875475548 0.6840736464357854 0.4562527372422674 0.6840736464357854
0 0.4823686296578459 0.6749663246382372 0.49069543593527676 0.6749663246382372 0.49069543593527676 0.6840736464357853 0.4823686296578459 0.6840736464357853
0 0.5069705572957097 0.6795199855370112 0.5126479252121399 0.6795199855370112 0.5126479252121399 0.6921690435891613 0.5069705572957097 0.6921690435891613
0 0.5315724849335735 0.6744603623161513 0.5383853264332896 0.6744603623161513 0.5383853264332896 0.6840736464357854 0.5315724849335735 0.6840736464357854
0 0.5546604477937226 0.6729424753498933 0.5618517804878674 0.6729424753498933 0.5618517804878674 0.6835676841136993 0.5546604477937226 0.6835676841136993
0 0.4668504906862702 0.782736299242555 0.4732848409915577 0.782736299242555 0.4732848409915577 0.790831696395931 0.4668504906862702 0.790831696395931
0 0.49296638310184876 0.784760148530899 0.5005362069904222 0.784760148530899 0.5005362069904222 0.7928555456842751 0.49296638310184876 0.7928555456842751
0 0.5224886962672853 0.7822303369204691 0.5285445553781442 0.7822303369204691 0.5285445553781442 0.791337658718017 0.5224886962672853 0.791337658718017
0 0.5451981679330057 0.7791945629879532 0.5523895006271505 0.7791945629879532 0.5523895006271505 0.7893138094296731 0.5451981679330057 0.7893138094296731
0 0.5663936748210116 0.7817243745983832 0.5743419899040136 0.7817243745983832 0.5743419899040136 0.7938674703284471 0.5663936748210116 0.7938674703284471
0 0.4592806667976967 0.836874267705757 0.46912143785284227 0.836874267705757 0.46912143785284227 0.844969664859133 0.4592806667976967 0.844969664859133
0 0.5160543459619978 0.834344456095327 0.5258951170171433 0.834344456095327 0.5258951170171433 0.8429458155707892 0.5160543459619978 0.8429458155707892
0 0.541413255988719 0.8333325314511549 0.5493615710717211 0.8333325314511549 0.5493615710717211 0.8439577402149611 0.541413255988719 0.8439577402149611
0 0.5626087628767248 0.8318146444848971 0.5690431131820121 0.8318146444848971 0.5690431131820121 0.8414279286045311 0.5626087628767248 0.8414279286045311
0 0.5815333225981585 0.832320606806983 0.5917525848477326 0.832320606806983 0.5917525848477326 0.839910041638273 0.5815333225981585 0.839910041638273
