0 0.5008569717407226 0.5303845596313477 0.5084210729598998 0.5303845596313477 0.5084210729598998 0.5402134335041046 0.5008569717407226 0.5402134335041046
0 0.54787841796875 0.8433552551269531 0.5564333349466324 0.8433552551269531 0.5564333349466324 0.8542906677722931 0.54787841796875 0.8542906677722931
0 0.5166523361206055 0.6866966247558592 0.524631204009056 0.6866966247558592 0.524631204009056 0.6963971823453903 0.5166523361206055 0.6963971823453903
0 0.5398350143432618 0.2259266471862793 0.5478815418481827 0.2259266471862793 0.5478815418481827 0.2371092438697815 0.5398350143432618 0.2371092438697815
0 0.5216141891479492 0.37327091217041014 0.5301653212308884 0.37327091217041014 0.5301653212308884 0.3836431729793549 0.5216141891479492 0.3836431729793549
0 0.4694215393066406 0.3734630584716797 0.4769377940893173 0.3734630584716797 0.4769377940893173 0.3840675210952759 0.4694215393066406 0.3840675210952759
0 0.46927078247070314 0.8427423858642578 0.47699297189712525 0.8427423858642578 0.47699297189712525 0.8528924846649169 0.46927078247070314 0.8528924846649169
0 0.5781963729858398 0.8439099884033203 0.5867167508602142 0.8439099884033203 0.5867167508602142 0.8539610242843628 0.5781963729858398 0.8539610242843628
0 0.5789904403686523 0.7702658081054687 0.5871033847332001 0.7702658081054687 0.5871033847332001 0.780278183221817 0.5789904403686523 0.780278183221817
0 0.453353157043457 0.1442694091796875 0.4615994679927826 0.1442694091796875 0.4615994679927826 0.1549362814426422 0.453353157043457 0.1549362814426422
0 0.5070215225219726 0.8440468597412109 0.5151148909330368 0.8440468597412109 0.5151148909330368 0.8543907380104064 0.5070215225219726 0.8543907380104064
0 0.5072967910766601 0.2272966957092285 0.5151877731084823 0.2272966957092285 0.5151877731084823 0.23751099228858946 0.5072967910766601 0.23751099228858946
0 0.4460894012451172 0.3728957748413086 0.45407433152198795 0.3728957748413086 0.45407433152198795 0.3822001576423645 0.4460894012451172 0.3822001576423645
0 0.773831787109375 0.763238296508789 0.7821275413036346 0.763238296508789 0.7821275413036346 0.7726059281826019 0.773831787109375 0.7726059281826019
0 0.4852168655395508 0.7733265686035157 0.49298311591148375 0.7733265686035157 0.49298311591148375 0.7843330574035645 0.4852168655395508 0.7843330574035645
0 0.5621051025390625 0.5327634811401367 0.5708318287134171 0.5327634811401367 0.5708318287134171 0.5433044981956482 0.5621051025390625 0.5433044981956482
0 0.43749420166015623 0.2265597915649414 0.44602880299091335 0.2265597915649414 0.44602880299091335 0.23745859861373902 0.43749420166015623 0.23745859861373902
0 0.5697531509399414 0.4699008178710937 0.5782894968986512 0.4699008178710937 0.5782894968986512 0.4787396490573883 0.5697531509399414 0.4787396490573883
0 0.461893196105957 0.4710778045654297 0.4693642657995224 0.4710778045654297 0.4693642657995224 0.4808897989988327 0.461893196105957 0.4808897989988327
0 0.5798040390014648 0.6853248596191406 0.5872193372249602 0.6853248596191406 0.5872193372249602 0.6966721010208129 0.5798040390014648 0.6966721010208129
0 0.4982652282714844 0.3739558029174805 0.5054998457431794 0.3739558029174805 0.5054998457431794 0.384236432313919 0.4982652282714844 0.384236432313919
0 0.5844709777832031 0.6246862411499023 0.59232091486454 0.6246862411499023 0.59232091486454 0.6342159873247146 0.5844709777832031 0.6342159873247146
0 0.5289698791503906 0.46790828704833987 0.5369192349910736 0.46790828704833987 0.5369192349910736 0.4778005677461624 0.5289698791503906 0.4778005677461624
0 0.21798364639282228 0.7731994628906251 0.2249695843458176 0.7731994628906251 0.2249695843458176 0.7827451401948929 0.21798364639282228 0.7827451401948929
0 0.4665114974975586 0.3033819580078125 0.47417421877384186 0.3033819580078125 0.47417421877384186 0.31401436924934384 0.4665114974975586 0.31401436924934384
0 0.5283890533447265 0.5333561325073242 0.5371073222160339 0.5333561325073242 0.5371073222160339 0.5436413073539733 0.5283890533447265 0.5436413073539733
0 0.5244496154785157 0.14658714294433595 0.532367507815361 0.14658714294433595 0.532367507815361 0.1579069805145264 0.5244496154785157 0.1579069805145264
0 0.5480513000488281 0.6217486572265625 0.5561740028858183 0.6217486572265625 0.5561740028858183 0.6317677915096283 0.5480513000488281 0.6317677915096283
0 0.8196232604980469 0.837761459350586 0.827894470691681 0.837761459350586 0.827894470691681 0.8475383108854295 0.8196232604980469 0.8475383108854295
0 0.43596633911132815 0.4708896255493164 0.443473249077797 0.4708896255493164 0.443473249077797 0.47948340713977816 0.43596633911132815 0.47948340713977816
0 0.5445077514648438 0.6853770446777344 0.551750649213791 0.6853770446777344 0.551750649213791 0.6951342099905015 0.5445077514648438 0.6951342099905015
0 0.18897865295410157 0.7710284423828125 0.19623898267745973 0.7710284423828125 0.19623898267745973 0.7803081578016281 0.18897865295410157 0.7803081578016281
0 0.4856354522705078 0.30524381637573245 0.49288083374500274 0.30524381637573245 0.49288083374500274 0.31450730443000796 0.4856354522705078 0.31450730443000796
0 0.5101615142822266 0.7695415496826172 0.5184563219547271 0.7695415496826172 0.5184563219547271 0.7793094676733018 0.5101615142822266 0.7793094676733018
0 0.5374410247802734 0.30807998657226565 0.5449576342105865 0.30807998657226565 0.5449576342105865 0.3182962799072266 0.5374410247802734 0.3182962799072266
0 0.22496082305908202 0.842110061645508 0.23269083380699157 0.842110061645508 0.23269083380699157 0.852279452085495 0.22496082305908202 0.852279452085495
0 0.4793123245239258 0.534180908203125 0.48662962377071384 0.534180908203125 0.48662962377071384 0.543805764913559 0.4793123245239258 0.543805764913559
0 0.25913089752197266 0.7733667755126953 0.267595237493515 0.7733667755126953 0.267595237493515 0.7836610817909241 0.25913089752197266 0.7836610817909241
0 0.7692420959472657 0.8364553070068359 0.7782550132274628 0.8364553070068359 0.7782550132274628 0.847239396572113 0.7692420959472657 0.847239396572113
0 0.6017423629760742 0.7685805511474609 0.609786701798439 0.7685805511474609 0.609786701798439 0.777730211019516 0.6017423629760742 0.777730211019516
0 0.8360014343261719 0.7735523223876954 0.8443700522184373 0.7735523223876954 0.8443700522184373 0.7826852214336396 0.8360014343261719 0.7826852214336396
0 0.5124028396606445 0.3085616111755371 0.5202308350801468 0.3085616111755371 0.5202308350801468 0.31959280610084534 0.5124028396606445 0.31959280610084534
0 0.4562207794189453 0.7707058715820313 0.463977478146553 0.7707058715820313 0.463977478146553 0.78114825963974 0.4562207794189453 0.78114825963974
0 0.5673843765258789 0.2248974609375 0.5754106175899506 0.2248974609375 0.5754106175899506 0.23516939282417296 0.5673843765258789 0.23516939282417296
0 0.12747523307800293 0.8328157043457032 0.13557424962520598 0.8328157043457032 0.13557424962520598 0.8422299027442932 0.12747523307800293 0.8422299027442932
0 0.55287841796875 0.36836387634277346 0.56135704100132 0.36836387634277346 0.56135704100132 0.3780790209770203 0.55287841796875 0.3780790209770203
0 0.48755001068115233 0.6852889251708985 0.4954006576538086 0.6852889251708985 0.4954006576538086 0.6954764199256898 0.48755001068115233 0.6954764199256898
0 0.48596694946289065 0.1486417007446289 0.4942349654436112 0.1486417007446289 0.4942349654436112 0.1581342685222626 0.48596694946289065 0.1581342685222626
0 0.1629800033569336 0.8380127716064453 0.17012289106845857 0.8380127716064453 0.17012289106845857 0.847504450082779 0.1629800033569336 0.847504450082779
0 0.45049736022949216 0.6173536682128906 0.45815949022769925 0.6173536682128906 0.45815949022769925 0.6273500722646713 0.45049736022949216 0.6273500722646713
0 0.4870603561401367 0.6185389328002929 0.4957046967744827 0.6185389328002929 0.4957046967744827 0.6287984919548034 0.4870603561401367 0.6287984919548034
0 0.8029213714599609 0.7669467163085938 0.8113943761587142 0.7669467163085938 0.8113943761587142 0.77742910861969 0.8029213714599609 0.77742910861969
0 0.8475564575195312 0.8394143676757813 0.8536044383049011 0.8394143676757813 0.8536044383049011 0.8472063118219376 0.8475564575195312 0.8472063118219376
0 0.5639376449584961 0.30605894088745117 0.5729534602165222 0.30605894088745117 0.5729534602165222 0.31732186436653137 0.5639376449584961 0.31732186436653137
0 0.47297885894775393 0.22235504150390625 0.48183454573154455 0.22235504150390625 0.48183454573154455 0.23431797146797181 0.47297885894775393 0.23431797146797181
0 0.28429508209228516 0.8517288970947265 0.29278195559978487 0.8517288970947265 0.29278195559978487 0.8621935796737671 0.28429508209228516 0.8621935796737671
0 0.4501862335205078 0.5352801132202148 0.45848355472087854 0.5352801132202148 0.45848355472087854 0.5443561673164368 0.4501862335205078 0.5443561673164368
0 0.49796604156494134 0.4640559768676758 0.5055417937040328 0.4640559768676758 0.5055417937040328 0.4744160616397857 0.49796604156494134 0.4744160616397857
0 0.5186564636230468 0.6207193756103515 0.5276868277788161 0.6207193756103515 0.5276868277788161 0.6315988135337829 0.5186564636230468 0.6315988135337829
0 0.4362020492553711 0.8407611083984375 0.44345508992671967 0.8407611083984375 0.44345508992671967 0.8504981130361557 0.4362020492553711 0.8504981130361557
0 0.4556929397583008 0.6836351776123046 0.4637768745422363 0.6836351776123046 0.4637768745422363 0.6940842854976653 0.4556929397583008 0.6940842854976653
0 0.6058786010742188 0.15551109313964845 0.6143477022647859 0.15551109313964845 0.6143477022647859 0.16650397419929505 0.6058786010742188 0.16650397419929505
0 0.5809354400634765 0.3687235260009765 0.5902322417497634 0.3687235260009765 0.5902322417497634 0.38009875535964965 0.5809354400634765 0.38009875535964965
0 0.12342408604721843 0.7682699054834436 0.1309806627439869 0.7682699054834436 0.1309806627439869 0.7790448790945872 0.12342408604721843 0.7790448790945872
0 0.1828691560617971 0.839654105657269 0.19092950453835011 0.839654105657269 0.19092950453835011 0.8490822075670194 0.1828691560617971 0.8490822075670194
0 0.8811098599708426 0.7655761620806578 0.8901777520069647 0.7655761620806578 0.8901777520069647 0.7817386224973729 0.8811098599708426 0.7817386224973729
0 0.8962230133643794 0.8275322603447327 0.9052909054005015 0.8275322603447327 0.9052909054005015 0.8389806698065726 0.8962230133643794 0.8389806698065726
