0 0.5172572326660156 0.6335757446289062 0.5244968181848525 0.6335757446289062 0.5244968181848525 0.6441002774238586 0.5172572326660156 0.6441002774238586
0 0.47029502868652345 0.155465030670166 0.47796709477901456 0.155465030670166 0.47796709477901456 0.16513847053050995 0.47029502868652345 0.16513847053050995
0 0.2101202392578125 0.6761709594726563 0.2175475138425827 0.6761709594726563 0.2175475138425827 0.6865294635295869 0.2101202392578125 0.6865294635295869
0 0.14834218978881836 0.7822467041015625 0.15459552824497222 0.7822467041015625 0.15459552824497222 0.7916580563783645 0.14834218978881836 0.7916580563783645
0 0.5071894454956055 0.20937068939208983 0.5141900360584261 0.20937068939208983 0.5141900360584261 0.21780130863189695 0.5071894454956055 0.21780130863189695
0 0.2196963119506836 0.7822630310058594 0.2267935562133789 0.7822630310058594 0.2267935562133789 0.7922674989700317 0.2196963119506836 0.7922674989700317
0 0.18117212295532226 0.5298188400268554 0.18794485151767729 0.5298188400268554 0.18794485151767729 0.5386048191785812 0.18117212295532226 0.5386048191785812
0 0.2024228286743164 0.2281062698364258 0.21042897641658784 0.2281062698364258 0.21042897641658784 0.23764955520629882 0.2024228286743164 0.23764955520629882
0 0.19679574966430663 0.47657997131347657 0.2043137639760971 0.47657997131347657 0.2043137639760971 0.48609003126621253 0.19679574966430663 0.48609003126621253
0 0.4756121063232422 0.7834760284423828 0.48323316156864166 0.7834760284423828 0.48323316156864166 0.7927662593126298 0.4756121063232422 0.7927662593126298
0 0.4532476043701172 0.0627291440963745 0.4608482849597931 0.0627291440963745 0.4608482849597931 0.07110179662704467 0.4532476043701172 0.07110179662704467
0 0.5255357360839844 0.20811256408691406 0.5328926014900208 0.20811256408691406 0.5328926014900208 0.21747203230857848 0.5255357360839844 0.21747203230857848
0 0.4463928985595703 0.21818225860595705 0.45431966185569767 0.21818225860595705 0.45431966185569767 0.22793207168579105 0.4463928985595703 0.22793207168579105
0 0.45244876861572264 0.7901231384277344 0.4600414949655533 0.7901231384277344 0.4600414949655533 0.8010081887245177 0.45244876861572264 0.8010081887245177
0 0.5166666793823242 0.47138458251953125 0.5252988368272782 0.47138458251953125 0.5252988368272782 0.48055120110511773 0.5166666793823242 0.48055120110511773
0 0.2022398567199707 0.5299198913574219 0.2088990610837936 0.5299198913574219 0.2088990610837936 0.5385919827222825 0.2022398567199707 0.5385919827222825
0 0.228992919921875 0.5305301284790039 0.23746239066123964 0.5305301284790039 0.23746239066123964 0.540947414636612 0.228992919921875 0.540947414636612
0 0.4986711883544922 0.8341560363769531 0.505370979309082 0.8341560363769531 0.505370979309082 0.8433409577608109 0.4986711883544922 0.8433409577608109
0 0.19418922424316407 0.16314191818237306 0.201213515996933 0.16314191818237306 0.201213515996933 0.1727015006542206 0.19418922424316407 0.1727015006542206
0 0.13908133506774903 0.16394699096679688 0.14624175846576692 0.16394699096679688 0.14624175846576692 0.1732007944583893 0.13908133506774903 0.1732007944583893
0 0.47474300384521484 0.3241082000732422 0.48190366387367245 0.3241082000732422 0.48190366387367245 0.3343108940124512 0.47474300384521484 0.3343108940124512
0 0.44701892852783204 0.32417831420898435 0.45525548100471497 0.32417831420898435 0.45525548100471497 0.3333630180358887 0.44701892852783204 0.3333630180358887
0 0.13390138626098633 0.8265735626220703 0.1402439707517624 0.8265735626220703 0.1402439707517624 0.8345799994468689 0.13390138626098633 0.8345799994468689
0 0.15885611534118652 0.5341091918945312 0.16534503340721132 0.5341091918945312 0.16534503340721132 0.5433280307054519 0.15885611534118652 0.5433280307054519
0 0.2056207275390625 0.6269819641113281 0.21382779717445374 0.6269819641113281 0.21382779717445374 0.6367564833164215 0.2056207275390625 0.6367564833164215
0 0.45447025299072263 0.37559757232666013 0.4623621517419815 0.37559757232666013 0.4623621517419815 0.38422898709774017 0.45447025299072263 0.38422898709774017
0 0.5204262542724609 0.526457405090332 0.5277504730224609 0.526457405090332 0.5277504730224609 0.5359162336587906 0.5204262542724609 0.5359162336587906
0 0.4687178039550781 0.007280849814414978 0.47608034729957577 0.007280849814414978 0.47608034729957577 0.01794196546077728 0.4687178039550781 0.01794196546077728
0 0.19337635040283202 0.08084135055541992 0.20016031622886657 0.08084135055541992 0.20016031622886657 0.08948095738887787 0.19337635040283202 0.08948095738887787
0 0.48424907684326174 0.21042160034179688 0.4912449359893799 0.21042160034179688 0.4912449359893799 0.21855386316776274 0.48424907684326174 0.21855386316776274
0 0.49978759765625 0.7858751678466797 0.5073241382837296 0.7858751678466797 0.5073241382837296 0.7940689796209336 0.49978759765625 0.7940689796209336
0 0.17012609481811525 0.16520828247070313 0.1765378022193909 0.16520828247070313 0.1765378022193909 0.17456058561801913 0.17012609481811525 0.17456058561801913
0 0.13462499618530274 0.6772254180908203 0.14185214698314666 0.6772254180908203 0.14185214698314666 0.6864829963445663 0.13462499618530274 0.6864829963445663
0 0.539258041381836 0.6848549652099609 0.5464706581830979 0.6848549652099609 0.5464706581830979 0.6949471127986907 0.539258041381836 0.6949471127986907
0 0.16957975387573243 0.7807295227050781 0.17643982172012332 0.7807295227050781 0.17643982172012332 0.7909646916389464 0.16957975387573243 0.7909646916389464
0 0.22351057052612305 0.4776846694946289 0.23195369303226474 0.4776846694946289 0.23195369303226474 0.48722793519496915 0.22351057052612305 0.48722793519496915
0 0.5263568878173828 0.31459644317626956 0.5335536545515059 0.31459644317626956 0.5335536545515059 0.3239718818664551 0.5263568878173828 0.3239718818664551
0 0.5313438034057617 0.15902945518493652 0.5385493230819702 0.15902945518493652 0.5385493230819702 0.16873528003692628 0.5313438034057617 0.16873528003692628
0 0.17341800689697265 0.6228348541259766 0.18073561668395996 0.6228348541259766 0.18073561668395996 0.6315477412939072 0.17341800689697265 0.6315477412939072
0 0.5409401321411133 0.47193927764892585 0.5495486915111543 0.47193927764892585 0.5495486915111543 0.48093955159187324 0.5409401321411133 0.48093955159187324
0 0.5478794860839844 0.36184253692626955 0.5558655107021332 0.36184253692626955 0.5558655107021332 0.37063590824604037 0.5478794860839844 0.37063590824604037
0 0.495087776184082 0.6893681335449219 0.5031157916784286 0.6893681335449219 0.5031157916784286 0.6992317152023316 0.495087776184082 0.6992317152023316
0 0.5020543670654297 0.3158878707885742 0.5093567621707916 0.3158878707885742 0.5093567621707916 0.32561872839927675 0.5020543670654297 0.32561872839927675
0 0.45095119476318357 0.8416925048828126 0.4579697644710541 0.8416925048828126 0.4579697644710541 0.8522066009044648 0.45095119476318357 0.8522066009044648
0 0.13448212623596192 0.5290647125244141 0.14186726212501527 0.5290647125244141 0.14186726212501527 0.5377610760927201 0.13448212623596192 0.5377610760927201
0 0.22056665420532226 0.1699189186096191 0.2275043612718582 0.1699189186096191 0.2275043612718582 0.17960510671138763 0.22056665420532226 0.17960510671138763
0 0.4529531860351563 0.6325532150268555 0.4594845980405808 0.6325532150268555 0.4594845980405808 0.642429130077362 0.4529531860351563 0.642429130077362
0 0.5007767868041992 0.5245064926147461 0.5078244549036026 0.5245064926147461 0.5078244549036026 0.5346470248699189 0.5007767868041992 0.5346470248699189
0 0.17493139266967772 0.8346256256103517 0.18217384696006772 0.8346256256103517 0.18217384696006772 0.843292459845543 0.17493139266967772 0.843292459845543
0 0.1941389846801758 0.8374979400634766 0.20088313281536105 0.8374979400634766 0.20088313281536105 0.8453344744443893 0.1941389846801758 0.8453344744443893
0 0.5099098587036133 0.15948090553283692 0.5169465261697769 0.15948090553283692 0.5169465261697769 0.1688896584510803 0.5099098587036133 0.1688896584510803
0 0.5524497222900391 0.8363748931884766 0.5597197073698044 0.8363748931884766 0.5597197073698044 0.8453549671173096 0.5524497222900391 0.8453549671173096
0 0.23739204406738282 0.6271967697143555 0.2447521770000458 0.6271967697143555 0.2447521770000458 0.6367829263210296 0.23739204406738282 0.6367829263210296
0 0.4475862503051758 0.5285635375976563 0.4542073225975037 0.5285635375976563 0.4542073225975037 0.5382539361715318 0.4475862503051758 0.5382539361715318
0 0.23232240676879884 0.221572208404541 0.23929459393024446 0.221572208404541 0.23929459393024446 0.23114516139030455 0.23232240676879884 0.23114516139030455
0 0.1937311363220215 0.029066736698150634 0.19997066497802735 0.029066736698150634 0.19997066497802735 0.03710741639137268 0.1937311363220215 0.03710741639137268
0 0.46669742584228513 0.21759729385375975 0.4731473690271377 0.21759729385375975 0.4731473690271377 0.22780338764190675 0.46669742584228513 0.22780338764190675
0 0.13064416885375976 0.6226671981811523 0.13765402972698212 0.6226671981811523 0.13765402972698212 0.6314500939846039 0.13064416885375976 0.6314500939846039
0 0.23193775177001952 0.674161148071289 0.23950963020324706 0.674161148071289 0.23950963020324706 0.6837308597564696 0.23193775177001952 0.6837308597564696
0 0.13125226020812988 0.4755221176147461 0.13875427663326262 0.4755221176147461 0.13875427663326262 0.48505565881729124 0.13125226020812988 0.48505565881729124
0 0.5173328018188477 0.0053756308555603025 0.5245474886894227 0.0053756308555603025 0.5245474886894227 0.015692535638809204 0.5173328018188477 0.015692535638809204
0 0.5288427734375 0.8324357604980469 0.5357600909471512 0.8324357604980469 0.5357600909471512 0.8423440116643905 0.5288427734375 0.8423440116643905
0 0.475568962097168 0.4753680419921875 0.48308985948562627 0.4753680419921875 0.48308985948562627 0.48527609527111054 0.475568962097168 0.48527609527111054
0 0.4940447235107422 0.012483822107315063 0.5012816774845124 0.012483822107315063 0.5012816774845124 0.020986326336860657 0.4940447235107422 0.020986326336860657
0 0.16101325988769533 0.3238295745849609 0.1684690856933594 0.3238295745849609 0.1684690856933594 0.33354349374771114 0.16101325988769533 0.33354349374771114
0 0.14852978706359862 0.2167888069152832 0.15723820865154264 0.2167888069152832 0.15723820865154264 0.2267722648382187 0.14852978706359862 0.2267722648382187
0 0.5374535369873047 0.6310958862304688 0.5447088545560836 0.6310958862304688 0.5447088545560836 0.6403935092687607 0.5374535369873047 0.6403935092687607
0 0.15446702003479004 0.8306543731689453 0.16102043330669405 0.8306543731689453 0.16102043330669405 0.8404771596193312 0.15446702003479004 0.8404771596193312
0 0.21716598510742188 0.023803553581237796 0.22399779736995698 0.023803553581237796 0.22399779736995698 0.031663971543312075 0.21716598510742188 0.031663971543312075
0 0.16181180953979493 0.37495826721191405 0.16841695785522462 0.37495826721191405 0.16841695785522462 0.3849930167198181 0.16181180953979493 0.3849930167198181
0 0.47120376586914064 0.5272853088378906 0.4780329316854477 0.5272853088378906 0.4780329316854477 0.5359804862737656 0.47120376586914064 0.5359804862737656
0 0.5398367309570312 0.009073684215545655 0.5478066682815552 0.009073684215545655 0.5478066682815552 0.018171266913414003 0.5398367309570312 0.018171266913414003
0 0.19783811569213866 0.7785057067871095 0.20554794430732726 0.7785057067871095 0.20554794430732726 0.7881424623727799 0.19783811569213866 0.7881424623727799
0 0.49751621246337885 0.0545953893661499 0.5047636049985885 0.0545953893661499 0.5047636049985885 0.06330381929874421 0.49751621246337885 0.06330381929874421
0 0.21700510025024414 0.07822355270385742 0.2244003051519394 0.07822355270385742 0.2244003051519394 0.08800085425376893 0.21700510025024414 0.08800085425376893
0 0.2298993492126465 0.37401744842529294 0.2374818879365921 0.37401744842529294 0.2374818879365921 0.3845102381706238 0.2298993492126465 0.3845102381706238
0 0.4734604263305664 0.06144413471221924 0.4810573810338974 0.06144413471221924 0.4810573810338974 0.07092843592166902 0.4734604263305664 0.07092843592166902
0 0.18299144744873047 0.3213842010498047 0.1910176295042038 0.3213842010498047 0.1910176295042038 0.3314378261566162 0.18299144744873047 0.3314378261566162
0 0.20724817276000976 0.8402742767333984 0.21308269321918488 0.8402742767333984 0.21308269321918488 0.8489130443334579 0.20724817276000976 0.8489130443334579
0 0.1442696475982666 0.025069611072540285 0.14997619807720186 0.025069611072540285 0.14997619807720186 0.03214921236038208 0.1442696475982666 0.03214921236038208
0 0.46875823974609376 0.6318838500976562 0.47656662940979005 0.6318838500976562 0.47656662940979005 0.6414510715007782 0.46875823974609376 0.6414510715007782
0 0.44835689544677737 0.6847765350341797 0.4550810241699219 0.6847765350341797 0.4550810241699219 0.6947026538848876 0.44835689544677737 0.6947026538848876
0 0.18181713104248046 0.6715237426757813 0.18972878336906432 0.6715237426757813 0.18972878336906432 0.6812834382057191 0.18181713104248046 0.6812834382057191
0 0.55389404296875 0.31791425704956056 0.5616142803430557 0.31791425704956056 0.5616142803430557 0.3286202144622803 0.55389404296875 0.3286202144622803
0 0.13827054023742677 0.3231783294677734 0.14493147492408753 0.3231783294677734 0.14493147492408753 0.3329298222064972 0.13827054023742677 0.3329298222064972
0 0.14077829360961913 0.21918758392333984 0.14815151214599606 0.21918758392333984 0.14815151214599606 0.22798771500587464 0.14077829360961913 0.22798771500587464
0 0.4728594970703125 0.686505889892578 0.4809199523925781 0.686505889892578 0.4809199523925781 0.6972994673252104 0.4728594970703125 0.6972994673252104
0 0.21822193145751953 0.32701709747314456 0.22651684284210205 0.32701709747314456 0.22651684284210205 0.33833069920539854 0.21822193145751953 0.33833069920539854
0 0.5032033920288086 0.3665797424316406 0.5109553301334381 0.3665797424316406 0.5109553301334381 0.3758927822113037 0.5032033920288086 0.3758927822113037
0 0.1693863868713379 0.0777892255783081 0.17676062524318695 0.0777892255783081 0.17676062524318695 0.08816815733909607 0.1693863868713379 0.08816815733909607
0 0.24646484375 0.1670953369140625 0.25439571738243105 0.1670953369140625 0.25439571738243105 0.17801594495773318 0.24646484375 0.17801594495773318
0 0.13853877067565917 0.37119144439697266 0.14520131707191467 0.37119144439697266 0.14520131707191467 0.3808767831325531 0.13853877067565917 0.3808767831325531
0 0.5263449478149415 0.36078968048095705 0.5338145983219148 0.36078968048095705 0.5338145983219148 0.3705278712511063 0.5263449478149415 0.3705278712511063
0 0.13188708305358887 0.7759288787841798 0.13900173008441924 0.7759288787841798 0.13900173008441924 0.7846036189794542 0.13188708305358887 0.7846036189794542
0 0.5472285842895508 0.5272258377075195 0.555598030090332 0.5272258377075195 0.555598030090332 0.536611692905426 0.5472285842895508 0.536611692905426
0 0.4903049087524414 0.16120668411254882 0.4971380960941315 0.16120668411254882 0.4971380960941315 0.1719172966480255 0.4903049087524414 0.1719172966480255
0 0.26119850158691404 0.22705211639404294 0.2691039144992828 0.22705211639404294 0.2691039144992828 0.23776333212852477 0.26119850158691404 0.23776333212852477
0 0.4757294845581055 0.8401937103271484 0.483038444519043 0.8401937103271484 0.483038444519043 0.8505108654499054 0.4757294845581055 0.8505108654499054
0 0.2520539665222168 0.3269932174682617 0.25944173395633696 0.3269932174682617 0.25944173395633696 0.33792999386787415 0.2520539665222168 0.33792999386787415
0 0.5178566360473633 0.05561936855316162 0.5243833166360855 0.05561936855316162 0.5243833166360855 0.06466405987739562 0.5178566360473633 0.06466405987739562
0 0.5222201156616211 0.6820923614501954 0.5288083642721176 0.6820923614501954 0.5288083642721176 0.6920764321088791 0.5222201156616211 0.6920764321088791
0 0.2453862762451172 0.07567657470703125 0.25258633971214295 0.07567657470703125 0.25258633971214295 0.08416262030601501 0.2453862762451172 0.08416262030601501
0 0.5261354446411133 0.786491928100586 0.5335785990953446 0.786491928100586 0.5335785990953446 0.7971722102165222 0.5261354446411133 0.7971722102165222
0 0.2084054756164551 0.370849609375 0.21549412965774536 0.370849609375 0.21549412965774536 0.38085803151130676 0.2084054756164551 0.38085803151130676
0 0.5424005126953125 0.05387221813201904 0.5499435591697692 0.05387221813201904 0.5499435591697692 0.06273044407367706 0.5424005126953125 0.06273044407367706
0 0.4480290985107422 0.1598336410522461 0.456181697845459 0.1598336410522461 0.456181697845459 0.17114287495613098 0.4480290985107422 0.17114287495613098
0 0.4950696563720703 0.6299181365966797 0.5032529807090759 0.6299181365966797 0.5032529807090759 0.640131049156189 0.4950696563720703 0.640131049156189
0 0.24499055862426758 0.83844970703125 0.2536700892448425 0.83844970703125 0.2536700892448425 0.849876879453659 0.24499055862426758 0.849876879453659
0 0.4798505401611328 0.3704944610595703 0.4878562885522842 0.3704944610595703 0.4878562885522842 0.38131626248359674 0.4798505401611328 0.38131626248359674
0 0.4485456085205078 0.4744700241088867 0.4562587487697601 0.4744700241088867 0.4562587487697601 0.48529348611831663 0.4485456085205078 0.48529348611831663
0 0.4925350570678711 0.4734930419921875 0.49992566347122186 0.4734930419921875 0.49992566347122186 0.48326930046081545 0.4925350570678711 0.48326930046081545
0 0.16442705154418946 0.02449742555618286 0.1719765740633011 0.02449742555618286 0.1719765740633011 0.03478397130966186 0.16442705154418946 0.03478397130966186
0 0.15163793563842773 0.6608792877197266 0.15927340686321256 0.6608792877197266 0.15927340686321256 0.6698385685682298 0.15163793563842773 0.6698385685682298
0 0.1846316351883236 0.3702105451384993 0.19104327602194535 0.3702105451384993 0.19104327602194535 0.3787815468746361 0.1846316351883236 0.3787815468746361
0 0.15394735405599103 0.47428699479158937 0.16173291792538885 0.47428699479158937 0.16173291792538885 0.48347021093745024 0.15394735405599103 0.48347021093745024
0 0.17318227655685622 0.47428699479158937 0.18234176346203013 0.47428699479158937 0.18234176346203013 0.4840824253471743 0.17318227655685622 0.4840824253471743
0 0.15394735405599103 0.6187695954864673 0.16035899488961275 0.6187695954864673 0.16035899488961275 0.6310138836809485 0.15394735405599103 0.6310138836809485
0 0.5436155478220714 0.7869493854160274 0.5527750347272453 0.7869493854160274 0.5527750347272453 0.7973570303813364 0.5436155478220714 0.7973570303813364
0 0.14380394441123034 0.0777512300349555 0.1525054569711456 0.0777512300349555 0.1525054569711456 0.0881588750002645 0.14380394441123034 0.0881588750002645
0 0.2491380438207303 0.023264147569514244 0.25509171030909333 0.023264147569514244 0.25509171030909333 0.03305957812509919 0.2491380438207303 0.03305957812509919
0 0.44881485835352153 0.0036732864583443547 0.45843231960395414 0.0036732864583443547 0.45843231960395414 0.014080931423653357 0.44881485835352153 0.014080931423653357
