0 0.4925131988525391 0.6336819839477539 0.5001097989082337 0.6336819839477539 0.5001097989082337 0.643292293548584 0.4925131988525391 0.643292293548584
0 0.46703639984130857 0.6347651672363281 0.47453233897686004 0.6347651672363281 0.47453233897686004 0.6445050972700119 0.46703639984130857 0.6445050972700119
0 0.5156774520874023 0.6332300567626953 0.5231750178337097 0.6332300567626953 0.5231750178337097 0.6430804353952407 0.5156774520874023 0.6430804353952407
0 0.47007442474365235 0.5308830642700195 0.4775053369998932 0.5308830642700195 0.4775053369998932 0.5398292607069015 0.47007442474365235 0.5398292607069015
0 0.5169659423828125 0.31260061264038086 0.5242690473794936 0.31260061264038086 0.5242690473794936 0.32187505066394806 0.5169659423828125 0.32187505066394806
0 0.5395962905883789 0.22795837402343752 0.547248455286026 0.22795837402343752 0.547248455286026 0.2375528907775879 0.5395962905883789 0.2375528907775879
0 0.49376708984375 0.16292287826538085 0.5012793231010437 0.16292287826538085 0.5012793231010437 0.17306407332420348 0.49376708984375 0.17306407332420348
0 0.4907672119140625 0.31413366317749025 0.49797302722930903 0.31413366317749025 0.49797302722930903 0.3226148813962937 0.4907672119140625 0.3226148813962937
0 0.49285011291503905 0.5343965911865234 0.49953440904617313 0.5343965911865234 0.49953440904617313 0.5437302660942077 0.49285011291503905 0.5437302660942077
0 0.5164385604858398 0.352000732421875 0.5232253503799438 0.352000732421875 0.5232253503799438 0.3609069240093231 0.5164385604858398 0.3609069240093231
0 0.4765528869628906 0.35710247039794923 0.4834357243776321 0.35710247039794923 0.4834357243776321 0.36538396060466766 0.4765528869628906 0.36538396060466766
0 0.5451904296875 0.3103494071960449 0.5525580590963363 0.3103494071960449 0.5525580590963363 0.32056645154953006 0.5451904296875 0.32056645154953006
0 0.45119083404541016 0.2185677719116211 0.45800929486751557 0.2185677719116211 0.45800929486751557 0.22739011883735658 0.45119083404541016 0.22739011883735658
0 0.46783946990966796 0.30949619293212893 0.4751554679870606 0.30949619293212893 0.4751554679870606 0.31845017671585085 0.46783946990966796 0.31845017671585085
0 0.5263669967651368 0.47092910766601564 0.532663021683693 0.47092910766601564 0.532663021683693 0.47925285637378695 0.5263669967651368 0.47925285637378695
0 0.44523460388183594 0.6331733703613281 0.45294307231903075 0.6331733703613281 0.45294307231903075 0.6421579509973526 0.44523460388183594 0.6421579509973526
0 0.4470989227294922 0.31245866775512693 0.4547871047258377 0.31245866775512693 0.4547871047258377 0.32113657057285305 0.4470989227294922 0.32113657057285305
0 0.4980403137207032 0.35577644348144527 0.5049325549602509 0.35577644348144527 0.5049325549602509 0.364423314332962 0.4980403137207032 0.364423314332962
0 0.508472785949707 0.224706974029541 0.5159837770462036 0.224706974029541 0.5159837770462036 0.234668453335762 0.508472785949707 0.234668453335762
0 0.4521881866455078 0.3578277969360351 0.45885234475135805 0.3578277969360351 0.45885234475135805 0.3664799654483795 0.4521881866455078 0.3664799654483795
0 0.5030517578125 0.4703302764892578 0.5106697380542755 0.4703302764892578 0.5106697380542755 0.48006079852581024 0.5030517578125 0.48006079852581024
0 0.545710334777832 0.4656097030639648 0.553380419611931 0.4656097030639648 0.553380419611931 0.4746454364061355 0.545710334777832 0.4746454364061355
0 0.518623161315918 0.5282161331176758 0.5259286910295486 0.5282161331176758 0.5259286910295486 0.5384274649620057 0.518623161315918 0.5384274649620057
0 0.5444646072387695 0.5272856140136719 0.5526166450977326 0.5272856140136719 0.5526166450977326 0.537378512620926 0.5444646072387695 0.537378512620926
0 0.4546891403198242 0.4725720977783203 0.4629243618249893 0.4725720977783203 0.4629243618249893 0.48098522484302525 0.4546891403198242 0.48098522484302525
0 0.540643081665039 0.34770923614501953 0.5477959054708481 0.34770923614501953 0.5477959054708481 0.3563314402103424 0.540643081665039 0.3563314402103424
0 0.44857494354248045 0.16500289916992186 0.456350508928299 0.16500289916992186 0.456350508928299 0.1747996348142624 0.44857494354248045 0.1747996348142624
0 0.4486701965332031 0.5303450775146484 0.4562170577049255 0.5303450775146484 0.4562170577049255 0.5402942430973053 0.4486701965332031 0.5402942430973053
0 0.490374755859375 0.22125787734985353 0.49681322574615483 0.22125787734985353 0.49681322574615483 0.23079495668411254 0.490374755859375 0.23079495668411254
0 0.4708693313598633 0.16175777435302735 0.478392505645752 0.16175777435302735 0.478392505645752 0.17171426236629486 0.4708693313598633 0.17171426236629486
0 0.5445696258544922 0.629653205871582 0.5518415033817292 0.629653205871582 0.5518415033817292 0.6397413206100464 0.5445696258544922 0.6397413206100464
0 0.4797132110595703 0.4724227905273438 0.48804702341556544 0.4724227905273438 0.48804702341556544 0.4820164179801941 0.4797132110595703 0.4820164179801941
0 0.4720915222167969 0.21760713577270507 0.47943546473979953 0.21760713577270507 0.47943546473979953 0.22568120956420895 0.4720915222167969 0.22568120956420895
0 0.6416293334960937 0.5917550277709961 0.6526783525943756 0.5917550277709961 0.6526783525943756 0.6048001861572265 0.6416293334960937 0.6048001861572265
0 0.542095947265625 0.1594831657409668 0.5507107162475585 0.1594831657409668 0.5507107162475585 0.17012234568595885 0.542095947265625 0.17012234568595885
