0 0.14388921441090077 0.019767123026650603 0.1492921691022192 0.019767123026650603 0.1492921691022192 0.02851027359613068 0.14388921441090077 0.02851027359613068
0 0.16493230110340407 0.01938698604536886 0.17204145201303353 0.01938698604536886 0.17204145201303353 0.02927054755869416 0.16493230110340407 0.02927054755869416
0 0.19393763681469234 0.02356849283946803 0.19962495754239593 0.02356849283946803 0.19962495754239593 0.032691780390229845 0.19393763681469234 0.032691780390229845
0 0.2166869197255067 0.01786643812024189 0.2249335347806769 0.01786643812024189 0.2249335347806769 0.02660958868972197 0.2166869197255067 0.02660958868972197
0 0.24938901390980237 0.019767123026650603 0.2547919686011208 0.019767123026650603 0.2547919686011208 0.026989725671003703 0.24938901390980237 0.026989725671003703
0 0.14417358044728595 0.07108561549968583 0.1515670973933006 0.07108561549968583 0.1515670973933006 0.08286986191941982 0.14417358044728595 0.08286986191941982
0 0.16891342561279657 0.07222602644353104 0.1765913085951964 0.07222602644353104 0.1765913085951964 0.08210958795685634 0.16891342561279657 0.08210958795685634
0 0.1936532707783072 0.07412671134993976 0.19962495754239593 0.07412671134993976 0.19962495754239593 0.08553082078839204 0.1936532707783072 0.08553082078839204
0 0.21697128576189187 0.07336643738737628 0.22464916874429172 0.07336643738737628 0.22464916874429172 0.0824897249381381 0.21697128576189187 0.0824897249381381
0 0.24711408561872092 0.06918493059327711 0.2516639422008838 0.06918493059327711 0.2516639422008838 0.08096917701301112 0.24711408561872092 0.08096917701301112
0 0.13877062575596755 0.16155821704474055 0.14673287477475255 0.16155821704474055 0.14673287477475255 0.1703013676142206 0.13877062575596755 0.1703013676142206
0 0.1709039878674928 0.160797943082177 0.17602257652242603 0.160797943082177 0.17602257652242603 0.17220205252062926 0.1709039878674928 0.17220205252062926
0 0.1945063688874627 0.16003766911961353 0.201331153760707 0.16003766911961353 0.201331153760707 0.17030136761422063 0.1945063688874627 0.17030136761422063
0 0.22009931216212883 0.1668801347826849 0.2280615611809139 0.1668801347826849 0.2280615611809139 0.17828424422113717 0.22009931216212883 0.17828424422113717
0 0.24739845165510604 0.16383903893243099 0.2542232365283503 0.16383903893243099 0.2542232365283503 0.1760034223334467 0.24739845165510604 0.1760034223334467
0 0.14076118801066378 0.21743835329315664 0.14872343702944882 0.21743835329315664 0.14872343702944882 0.22580136688135496 0.14076118801066378 0.22580136688135496
0 0.16464793506701883 0.21667807933059316 0.1720414520130335 0.21667807933059316 0.1720414520130335 0.22732191480648198 0.16464793506701883 0.22732191480648198
0 0.20275298394263291 0.225801366881355 0.20986213485226243 0.225801366881355 0.20986213485226243 0.23416438046955326 0.20275298394263291 0.23416438046955326
0 0.2320426856903064 0.21933903819956535 0.23886747056355065 0.21933903819956535 0.23886747056355065 0.22922259971289063 0.2320426856903064 0.22922259971289063
0 0.2621854855471354 0.22428081895622795 0.26815717231122416 0.22428081895622795 0.26815717231122416 0.2349246544321168 0.2621854855471354 0.2349246544321168
0 0.13848625971958237 0.3204554752205088 0.14502667855644147 0.3204554752205088 0.14502667855644147 0.3310993106963976 0.13848625971958237 0.3310993106963976
0 0.16095117659401154 0.32273629710819934 0.1686290595764114 0.32273629710819934 0.1686290595764114 0.33147944767767934 0.16095117659401154 0.33147944767767934
0 0.1834160934684407 0.31931506427666356 0.1930845387055368 0.31931506427666356 0.1930845387055368 0.32805821484614367 0.1834160934684407 0.32805821484614367
0 0.21953058008935847 0.32273629710819934 0.2260709989262176 0.32273629710819934 0.2260709989262176 0.3356609544717785 0.21953058008935847 0.3356609544717785
0 0.2525170403100393 0.3242568450333262 0.25934182518328364 0.3242568450333262 0.25934182518328364 0.33528081749049676 0.2525170403100393 0.33528081749049676
0 0.13848625971958237 0.3691130088245719 0.14531104459282668 0.3691130088245719 0.14531104459282668 0.3786164333566154 0.13848625971958237 0.3786164333566154
0 0.16095117659401154 0.3725342416561075 0.16777596146725585 0.3725342416561075 0.16777596146725585 0.38317807713199625 0.16095117659401154 0.38317807713199625
0 0.18426919157759625 0.3721541046748257 0.1930845387055368 0.3721541046748257 0.1930845387055368 0.3812773922255875 0.18426919157759625 0.3812773922255875
0 0.2081559386339513 0.36721232391816305 0.21583382161635117 0.36721232391816305 0.21583382161635117 0.3786164333566154 0.2081559386339513 0.3786164333566154
0 0.23005212343561013 0.370253419768417 0.23687690830885444 0.370253419768417 0.23687690830885444 0.38317807713199625 0.23005212343561013 0.38317807713199625
0 0.12910218051887146 0.4732705416957692 0.13734879557404164 0.4732705416957692 0.13734879557404164 0.48163355528396756 0.12910218051887146 0.48163355528396756
0 0.15128273135691545 0.4717499937706422 0.15981371244847078 0.4717499937706422 0.15981371244847078 0.48011300735884055 0.15128273135691545 0.48011300735884055
0 0.1737476482313446 0.4713698567893605 0.1808567991409741 0.4713698567893605 0.1808567991409741 0.4804931443401223 0.1737476482313446 0.4804931443401223
0 0.19507510096023306 0.4728904047144875 0.20360608205178843 0.4728904047144875 0.20360608205178843 0.4820136922652493 0.19507510096023306 0.4820136922652493
0 0.22208987441682512 0.4747910896208963 0.23033648947199528 0.4747910896208963 0.23033648947199528 0.482393829246531 0.22208987441682512 0.482393829246531
0 0.13336767106464914 0.5253493081313679 0.1399080899015083 0.5253493081313679 0.1399080899015083 0.5337123217195663 0.13336767106464914 0.5337123217195663
0 0.15668568604823385 0.5302910888880306 0.16379483695786332 0.5302910888880306 0.16379483695786332 0.5413150613452011 0.15668568604823385 0.5413150613452011
0 0.18028806706820372 0.5257294451126496 0.18654411986867767 0.5257294451126496 0.18654411986867767 0.5363732805885385 0.18028806706820372 0.5363732805885385
0 0.20104678772432183 0.5261095820939314 0.2081559386339513 0.5261095820939314 0.2081559386339513 0.5359931436072567 0.20104678772432183 0.5359931436072567
0 0.22692409703537314 0.5287705409629035 0.23773000641800998 0.5287705409629035 0.23773000641800998 0.5390342394575106 0.22692409703537314 0.5390342394575106
0 0.1310927427735677 0.6203835534518035 0.137917527646812 0.6203835534518035 0.137917527646812 0.6287465670400019 0.1310927427735677 0.6287465670400019
0 0.15526385586630795 0.6177225945828313 0.16066681055762638 0.6177225945828313 0.16066681055762638 0.6279862930774381 0.15526385586630795 0.6279862930774381
0 0.17346328219495943 0.621143827414367 0.1805724331045889 0.621143827414367 0.1805724331045889 0.6302671149651288 0.17346328219495943 0.6302671149651288
0 0.20616537637925508 0.625705471189748 0.21327452728888455 0.625705471189748 0.21327452728888455 0.6336883477966645 0.20616537637925508 0.6336883477966645
0 0.23773000641800998 0.6245650602459026 0.24483915732763942 0.6245650602459026 0.24483915732763942 0.6355890327030732 0.23773000641800998 0.6355890327030732
0 0.1515670973933006 0.6591575255425413 0.15896061433931527 0.6591575255425413 0.15896061433931527 0.6675205391307396 0.1515670973933006 0.6675205391307396
0 0.13535823331934538 0.6747431417750928 0.1418986521562045 0.6747431417750928 0.1418986521562045 0.6842465663071363 0.13535823331934538 0.6842465663071363
0 0.18227862932289998 0.6720821829061204 0.18967214626891465 0.6720821829061204 0.18967214626891465 0.6777842376253467 0.18227862932289998 0.6777842376253467
0 0.2109995989978031 0.6736027308312473 0.21754001783466223 0.6736027308312473 0.21754001783466223 0.6831061553632909 0.2109995989978031 0.6831061553632909
0 0.2320426856903064 0.6720821829061204 0.23972056867270625 0.6720821829061204 0.23972056867270625 0.6800650595130369 0.2320426856903064 0.6800650595130369
0 0.13223020691910842 0.773198619927064 0.13734879557404164 0.773198619927064 0.13734879557404164 0.7823219074778258 0.13223020691910842 0.7823219074778258
0 0.14815470495667846 0.7800410855901354 0.1544107577571524 0.7800410855901354 0.1544107577571524 0.7906849210660241 0.14815470495667846 0.7906849210660241
0 0.13478950124657504 0.8237568384375358 0.14019245593789345 0.8237568384375358 0.14019245593789345 0.8317397150444523 0.13478950124657504 0.8317397150444523
0 0.15497948982992277 0.8290787561754801 0.16066681055762638 0.8290787561754801 0.16066681055762638 0.8385821807075237 0.15497948982992277 0.8385821807075237
0 0.17573821048604088 0.832119852025734 0.18227862932289998 0.832119852025734 0.18227862932289998 0.8404828656139324 0.17573821048604088 0.8404828656139324
0 0.1930845387055368 0.8351609478759879 0.20104678772432183 0.8351609478759879 0.20104678772432183 0.842763687501623 0.1930845387055368 0.842763687501623
0 0.20588101034286985 0.8404828656139324 0.21412762539804012 0.8404828656139324 0.21412762539804012 0.8469451942957219 0.20588101034286985 0.8469451942957219
0 0.24626098750956532 0.8374417697636783 0.2528014063464245 0.8374417697636783 0.2528014063464245 0.8465650573144402 0.24626098750956532 0.8465650573144402
0 0.1697665237219521 0.777760263702445 0.1765913085951964 0.777760263702445 0.1765913085951964 0.7891643731408974 0.1697665237219521 0.7891643731408974
0 0.19791876132408487 0.7758595787960363 0.2055966443064847 0.7758595787960363 0.2055966443064847 0.7861232772906432 0.19791876132408487 0.7861232772906432
0 0.22095241027128437 0.7789006746462901 0.22578663288983242 0.7789006746462901 0.22578663288983242 0.7903047840847425 0.22095241027128437 0.7903047840847425
