0 0.49244926452636717 0.6336565399169922 0.500096549987793 0.6336565399169922 0.500096549987793 0.6433686012029648 0.49244926452636717 0.6433686012029648
0 0.5156939697265625 0.6331975936889649 0.523216552734375 0.6331975936889649 0.523216552734375 0.6431308281421662 0.5156939697265625 0.6431308281421662
0 0.4670570373535156 0.6347528839111328 0.47454916179180145 0.6347528839111328 0.47454916179180145 0.6444881892204285 0.4670570373535156 0.6444881892204285
0 0.47005523681640626 0.5309516143798828 0.47752275824546814 0.5309516143798828 0.47752275824546814 0.5399143344163895 0.47005523681640626 0.5399143344163895
0 0.5169729232788086 0.312587890625 0.5242870879173279 0.312587890625 0.5242870879173279 0.32187875390052795 0.5169729232788086 0.32187875390052795
0 0.5395983123779297 0.22795358657836914 0.5472658538818359 0.22795358657836914 0.5472658538818359 0.23754691779613496 0.5395983123779297 0.23754691779613496
0 0.4937947845458984 0.16288349151611328 0.5013394570350648 0.16288349151611328 0.5013394570350648 0.17311455845832824 0.4937947845458984 0.17311455845832824
0 0.49081069946289063 0.3142198371887207 0.4980067855119706 0.3142198371887207 0.4980067855119706 0.32283597350120546 0.49081069946289063 0.32283597350120546
0 0.4927833557128906 0.5343320465087891 0.4995192831754684 0.5343320465087891 0.4995192831754684 0.5436491972208023 0.4927833557128906 0.5436491972208023
0 0.5163434600830078 0.35194984436035154 0.5231853711605072 0.35194984436035154 0.5231853711605072 0.3609073466062545 0.5163434600830078 0.3609073466062545
0 0.4765489196777344 0.3570639038085937 0.4834598499536514 0.3570639038085937 0.4834598499536514 0.36534891247749324 0.4765489196777344 0.36534891247749324
0 0.5451480484008789 0.31028352737426756 0.5526174622774125 0.31028352737426756 0.5526174622774125 0.3206428027153015 0.5451480484008789 0.3206428027153015
0 0.45118804931640627 0.21854516983032227 0.4580083137750626 0.21854516983032227 0.4580083137750626 0.22738653123378755 0.45118804931640627 0.22738653123378755
0 0.46784423828125 0.30947031021118165 0.47519217312335965 0.30947031021118165 0.47519217312335965 0.31845888316631316 0.46784423828125 0.31845888316631316
0 0.44707584381103516 0.3123658561706543 0.4547802311182022 0.3123658561706543 0.4547802311182022 0.3210972833633423 0.44707584381103516 0.3210972833633423
0 0.4452207946777344 0.6331373596191406 0.452941564321518 0.6331373596191406 0.452941564321518 0.6421415472030639 0.4452207946777344 0.6421415472030639
0 0.5263919830322266 0.4709977722167969 0.532752532362938 0.4709977722167969 0.532752532362938 0.4794102275371552 0.5263919830322266 0.4794102275371552
0 0.4980478286743164 0.35579261779785154 0.5049755555391312 0.35579261779785154 0.5049755555391312 0.36441687762737274 0.4980478286743164 0.36441687762737274
0 0.5443584823608398 0.5273463821411133 0.5527470314502716 0.5273463821411133 0.5527470314502716 0.537628276348114 0.5443584823608398 0.537628276348114
0 0.5084540176391602 0.22469879150390626 0.5159392815828324 0.22469879150390626 0.5159392815828324 0.23464113771915435 0.5084540176391602 0.23464113771915435
0 0.4522397232055664 0.3578401184082031 0.45893785834312434 0.3578401184082031 0.45893785834312434 0.36649659574031823 0.4522397232055664 0.36649659574031823
0 0.5030268096923828 0.4701710891723633 0.5108138781785965 0.4701710891723633 0.5108138781785965 0.4801153129339218 0.5030268096923828 0.4801153129339218
0 0.5457842254638672 0.46580848693847654 0.5533130186796188 0.46580848693847654 0.5533130186796188 0.4746944385766983 0.5457842254638672 0.4746944385766983
0 0.5186204147338868 0.5281813812255859 0.5259448701143266 0.5281813812255859 0.5259448701143266 0.5384328758716583 0.5186204147338868 0.5384328758716583
0 0.45477020263671875 0.47269519805908206 0.46290494084358214 0.47269519805908206 0.46290494084358214 0.4810714828968048 0.45477020263671875 0.4810714828968048
0 0.4486544418334961 0.5303212356567383 0.456252076625824 0.5303212356567383 0.456252076625824 0.5403854739665985 0.4486544418334961 0.5403854739665985
0 0.54066162109375 0.3477096939086914 0.547805336713791 0.3477096939086914 0.547805336713791 0.35633426964282994 0.54066162109375 0.35633426964282994
0 0.44857669830322267 0.16498109817504883 0.4563758909702301 0.16498109817504883 0.4563758909702301 0.1748140925168991 0.44857669830322267 0.1748140925168991
0 0.49030517578125 0.22115058898925782 0.49682685911655433 0.22115058898925782 0.49682685911655433 0.23078157305717467 0.49030517578125 0.23078157305717467
0 0.47087276458740235 0.16175453186035157 0.4783887827396393 0.16175453186035157 0.4783887827396393 0.1717204385995865 0.47087276458740235 0.1717204385995865
0 0.5445584869384765 0.6296595764160157 0.5518191868066786 0.6296595764160157 0.5518191868066786 0.6397580885887146 0.5445584869384765 0.6397580885887146
0 0.4797116470336914 0.4724440002441406 0.4880378001928329 0.4724440002441406 0.4880378001928329 0.4820123285055161 0.4797116470336914 0.4820123285055161
0 0.47209270477294923 0.21759775161743164 0.47947488307952885 0.21759775161743164 0.47947488307952885 0.22568378329277036 0.47209270477294923 0.22568378329277036
0 0.641629409790039 0.5917723846435546 0.6526839292049408 0.5917723846435546 0.6526839292049408 0.6048333942890166 0.641629409790039 0.6048333942890166
0 0.542093620300293 0.15947851181030273 0.5507091581821442 0.15947851181030273 0.5507091581821442 0.17012852311134338 0.542093620300293 0.17012852311134338
