0 0.4924720001220703 0.6337467575073242 0.5000120598077774 0.6337467575073242 0.5000120598077774 0.6432446819543839 0.4924720001220703 0.6432446819543839
0 0.4670108413696289 0.6347594451904297 0.474512813091278 0.6347594451904297 0.474512813091278 0.644503368139267 0.4670108413696289 0.644503368139267
0 0.47007347106933595 0.5309154510498046 0.47749639868736266 0.5309154510498046 0.47749639868736266 0.5397996240854264 0.47007347106933595 0.5397996240854264
0 0.5156485748291015 0.6333353805541992 0.5231083482503891 0.6333353805541992 0.5231083482503891 0.6430906093120575 0.5156485748291015 0.6430906093120575
0 0.5169586181640625 0.3126176643371582 0.524247528910637 0.3126176643371582 0.524247528910637 0.3218682062625885 0.5169586181640625 0.3218682062625885
0 0.5395999908447265 0.22808235168457033 0.5472083306312561 0.22808235168457033 0.5472083306312561 0.2375662422180176 0.5395999908447265 0.2375662422180176
0 0.49380271911621093 0.16300106048583984 0.5012553662061692 0.16300106048583984 0.5012553662061692 0.1730322813987732 0.49380271911621093 0.1730322813987732
0 0.49080257415771483 0.3141744422912598 0.497982662320137 0.3141744422912598 0.497982662320137 0.3226221388578415 0.49080257415771483 0.3226221388578415
0 0.49268207550048826 0.5343122482299805 0.4994743657112121 0.5343122482299805 0.4994743657112121 0.5437726581096649 0.49268207550048826 0.5437726581096649
0 0.5164499282836914 0.3520596694946289 0.5232100450992584 0.3520596694946289 0.5232100450992584 0.3609282279014588 0.5164499282836914 0.3609282279014588
0 0.4765172958374023 0.3570750427246094 0.48342810809612274 0.3570750427246094 0.48342810809612274 0.3653768515586853 0.4765172958374023 0.3653768515586853
0 0.5452103805541992 0.310374813079834 0.5525353091955185 0.310374813079834 0.5525353091955185 0.32056592464447026 0.5452103805541992 0.32056592464447026
0 0.4511969375610352 0.2186138916015625 0.4580222588777542 0.2186138916015625 0.4580222588777542 0.2274093186855316 0.4511969375610352 0.2274093186855316
0 0.46784530639648436 0.30954139709472656 0.4751096725463867 0.30954139709472656 0.4751096725463867 0.3184603172540665 0.46784530639648436 0.3184603172540665
0 0.44519729614257814 0.6332201766967773 0.4528741228580475 0.6332201766967773 0.4528741228580475 0.6421696937084198 0.44519729614257814 0.6421696937084198
0 0.5263962936401367 0.47092979431152343 0.532596389055252 0.47092979431152343 0.532596389055252 0.4791423040628433 0.5263962936401367 0.4791423040628433
0 0.4471495819091797 0.3125539970397949 0.45479266822338105 0.3125539970397949 0.45479266822338105 0.3211178934574127 0.4471495819091797 0.3211178934574127
0 0.4980440521240234 0.3557974243164062 0.5049689990282058 0.3557974243164062 0.5049689990282058 0.36444718122482295 0.4980440521240234 0.36444718122482295
0 0.5084488296508789 0.22475053787231444 0.5159149312973021 0.22475053787231444 0.5159149312973021 0.2346941292285919 0.5084488296508789 0.2346941292285919
0 0.45218246459960937 0.3578883361816406 0.45881991982460024 0.3578883361816406 0.45881991982460024 0.3665095913410187 0.45218246459960937 0.3665095913410187
0 0.5030572509765625 0.4703712463378906 0.5106489717960359 0.4703712463378906 0.5106489717960359 0.4800275695323944 0.5030572509765625 0.4800275695323944
0 0.518628158569336 0.5282260513305664 0.5259025198221207 0.5282260513305664 0.5259025198221207 0.5384057188034058 0.518628158569336 0.5384057188034058
0 0.5457443237304688 0.4656843185424805 0.5532400560379028 0.4656843185424805 0.5532400560379028 0.4746057689189911 0.5457443237304688 0.4746057689189911
0 0.5444623947143554 0.527310447692871 0.5525894743204116 0.527310447692871 0.5525894743204116 0.5373813664913177 0.5444623947143554 0.5373813664913177
0 0.4546659851074219 0.472585563659668 0.4628934592008591 0.472585563659668 0.4628934592008591 0.4809828388690949 0.4546659851074219 0.4809828388690949
0 0.5406576919555665 0.3477104949951172 0.5477802342176439 0.3477104949951172 0.5477802342176439 0.35631071984767915 0.5406576919555665 0.35631071984767915
0 0.4486748886108398 0.530421142578125 0.4561459881067276 0.530421142578125 0.4561459881067276 0.540234836935997 0.4486748886108398 0.540234836935997
0 0.4485840606689453 0.16499963760375977 0.45636846780776974 0.16499963760375977 0.45636846780776974 0.1748244595527649 0.4485840606689453 0.1748244595527649
0 0.4903712844848633 0.221287899017334 0.49679488003253935 0.221287899017334 0.49679488003253935 0.23081628143787383 0.4903712844848633 0.23081628143787383
0 0.47084281921386717 0.1618173599243164 0.4783836179971695 0.1618173599243164 0.4783836179971695 0.17173173844814302 0.47084281921386717 0.17173173844814302
0 0.5445266723632812 0.6296420288085938 0.5517889094352721 0.6296420288085938 0.5517889094352721 0.6397379708290101 0.5445266723632812 0.6397379708290101
0 0.47970798492431643 0.47242881774902346 0.48803558707237243 0.47242881774902346 0.48803558707237243 0.48201991558074947 0.47970798492431643 0.48201991558074947
0 0.4720961380004883 0.21763324737548828 0.47943801105022427 0.21763324737548828 0.47943801105022427 0.22573920249938964 0.4720961380004883 0.22573920249938964
0 0.6415966033935547 0.5917528152465821 0.6526730644702912 0.5917528152465821 0.6526730644702912 0.6048120856285095 0.6415966033935547 0.6048120856285095
0 0.54338125880327 0.1600083581254801 0.5494768973386632 0.1600083581254801 0.5494768973386632 0.17037927022620566 0.54338125880327 0.17037927022620566
