0 0.2804985046386719 0.9816716766357422 0.28698038518428803 0.9816716766357422 0.28698038518428803 0.9909134429693222 0.2804985046386719 0.9909134429693222
0 0.4763164520263672 0.36486091613769533 0.4838578420877457 0.36486091613769533 0.4838578420877457 0.3736742901802063 0.4763164520263672 0.3736742901802063
0 0.5393699264526367 0.5314956665039062 0.5483373630046844 0.5314956665039062 0.5483373630046844 0.5410658127069473 0.5393699264526367 0.5410658127069473
0 0.20418649673461914 0.8242391204833984 0.2117547672986984 0.8242391204833984 0.2117547672986984 0.8337581539154053 0.20418649673461914 0.8337581539154053
0 0.21305395126342774 0.9688095092773439 0.22013145685195926 0.9688095092773439 0.22013145685195926 0.9770527338981629 0.21305395126342774 0.9770527338981629
0 0.17196157455444336 0.471612434387207 0.17889103114604948 0.471612434387207 0.17889103114604948 0.4798072344064713 0.17196157455444336 0.4798072344064713
0 0.5071365356445312 0.3643361663818359 0.5145041650533676 0.3643361663818359 0.5145041650533676 0.3737745970487594 0.5071365356445312 0.3737745970487594
0 0.49869949340820313 0.9796897125244141 0.5055428236722945 0.9796897125244141 0.5055428236722945 0.9895223814249038 0.49869949340820313 0.9895223814249038
0 0.5414390945434571 0.7737039184570312 0.5481584030389787 0.7737039184570312 0.5481584030389787 0.7826907128095626 0.5414390945434571 0.7826907128095626
0 0.44591590881347654 0.3630477905273438 0.4538950133323669 0.3630477905273438 0.4538950133323669 0.371919037103653 0.44591590881347654 0.371919037103653
0 0.4910385513305664 0.9263199615478516 0.4989390850067139 0.9263199615478516 0.4989390850067139 0.9350778740644455 0.4910385513305664 0.9350778740644455
0 0.22743408203125 0.5227423858642578 0.23418151259422304 0.5227423858642578 0.23418151259422304 0.5321412861347198 0.22743408203125 0.5321412861347198
0 0.23502687454223634 0.20916305541992186 0.2410079652070999 0.20916305541992186 0.2410079652070999 0.21640967547893522 0.23502687454223634 0.21640967547893522
0 0.5529872131347656 0.46661586761474616 0.5606106340885162 0.46661586761474616 0.5606106340885162 0.4774447059631348 0.5529872131347656 0.4774447059631348
0 0.24146829605102538 0.1574348258972168 0.24807057619094847 0.1574348258972168 0.24807057619094847 0.1658241158723831 0.24146829605102538 0.1658241158723831
0 0.15040534973144531 0.46780391693115236 0.158172664642334 0.46780391693115236 0.158172664642334 0.4770938313007355 0.15040534973144531 0.4770938313007355
0 0.483015251159668 0.20950084686279297 0.4902307361364365 0.20950084686279297 0.4902307361364365 0.21923113167285918 0.483015251159668 0.21923113167285918
0 0.5100007247924805 0.5206591033935547 0.5176118445396423 0.5206591033935547 0.5176118445396423 0.5306644415855407 0.5100007247924805 0.5306644415855407
0 0.20309186935424806 0.5206143569946289 0.20924210786819458 0.5206143569946289 0.20924210786819458 0.5277683573961257 0.20309186935424806 0.5277683573961257
0 0.5382275772094727 0.35579593658447267 0.5453886806964874 0.35579593658447267 0.5453886806964874 0.3652628690004348 0.5382275772094727 0.3652628690004348
0 0.577530517578125 0.5309251403808594 0.5855149453878403 0.5309251403808594 0.5855149453878403 0.5412673974037171 0.577530517578125 0.5412673974037171
0 0.5524753952026367 0.19886430740356445 0.5601480823755264 0.19886430740356445 0.5601480823755264 0.20778265476226807 0.5524753952026367 0.20778265476226807
0 0.14227831840515137 0.6239580535888671 0.14964587390422823 0.6239580535888671 0.14964587390422823 0.6324486207962036 0.14227831840515137 0.6324486207962036
0 0.4761052703857422 0.1485667896270752 0.48329384565353395 0.1485667896270752 0.48329384565353395 0.156426340341568 0.4761052703857422 0.156426340341568
0 0.17894079208374022 0.5240665435791015 0.1864238828420639 0.5240665435791015 0.1864238828420639 0.532339614033699 0.17894079208374022 0.532339614033699
0 0.16611919403076172 0.6289962005615234 0.17210344851016998 0.6289962005615234 0.17210344851016998 0.6375890731811523 0.16611919403076172 0.6375890731811523
0 0.26483386993408203 0.2080378532409668 0.2720578122138977 0.2080378532409668 0.2720578122138977 0.21706330835819243 0.26483386993408203 0.21706330835819243
0 0.4467044448852539 0.618336181640625 0.4538439023494721 0.618336181640625 0.4538439023494721 0.6277188348770142 0.4467044448852539 0.6277188348770142
0 0.2714296531677246 0.7716398620605469 0.2793800735473632 0.7716398620605469 0.2793800735473632 0.781066552400589 0.2714296531677246 0.781066552400589
0 0.17611209869384767 0.2131356430053711 0.18376037478446963 0.2131356430053711 0.18376037478446963 0.22274688124656677 0.17611209869384767 0.22274688124656677
0 0.47475948333740237 0.30088106155395505 0.4814690625667572 0.30088106155395505 0.4814690625667572 0.31048895955085754 0.47475948333740237 0.31048895955085754
0 0.24348556518554687 0.4503577423095703 0.2503471559286118 0.4503577423095703 0.2503471559286118 0.46001841366291046 0.24348556518554687 0.46001841366291046
0 0.5878884887695313 0.9308355712890625 0.5952093362808228 0.9308355712890625 0.5952093362808228 0.9406389874219895 0.5878884887695313 0.9406389874219895
0 0.5154640579223633 0.20654430389404294 0.5221428537368774 0.20654430389404294 0.5221428537368774 0.21461978077888488 0.5154640579223633 0.21461978077888488
0 0.44577259063720703 0.30485288619995116 0.45253430426120755 0.30485288619995116 0.45253430426120755 0.3140112823247909 0.44577259063720703 0.3140112823247909
0 0.5007987213134766 0.8169881439208985 0.5078025054931641 0.8169881439208985 0.5078025054931641 0.8255134588479995 0.5007987213134766 0.8255134588479995
0 0.5252779006958008 0.6787200164794922 0.5332625645399094 0.6787200164794922 0.5332625645399094 0.6875486886501312 0.5252779006958008 0.6875486886501312
0 0.4477409362792969 0.5128905105590821 0.4557438164949417 0.5128905105590821 0.4557438164949417 0.5222383373975754 0.4477409362792969 0.5222383373975754
0 0.1466648006439209 0.6681993865966797 0.1538859635591507 0.6681993865966797 0.1538859635591507 0.6764241111278534 0.1466648006439209 0.6764241111278534
0 0.15390927314758301 0.15643186569213868 0.1614474105834961 0.15643186569213868 0.1614474105834961 0.16557416379451753 0.15390927314758301 0.16557416379451753
0 0.4514762878417969 0.14814496040344238 0.4582117420434952 0.14814496040344238 0.4582117420434952 0.1568324887752533 0.4514762878417969 0.1568324887752533
0 0.45226001739501953 0.20474996566772458 0.4600672835111618 0.20474996566772458 0.4600672835111618 0.21394648909568786 0.45226001739501953 0.21394648909568786
0 0.27144235610961914 0.15470498085021972 0.27866966962814327 0.15470498085021972 0.27866966962814327 0.16408065676689146 0.27144235610961914 0.16408065676689146
0 0.5618205642700196 0.6709535217285156 0.5692377549409867 0.6709535217285156 0.5692377549409867 0.6791078817844391 0.5618205642700196 0.6791078817844391
0 0.5934815979003907 0.614993896484375 0.6017609101533891 0.614993896484375 0.6017609101533891 0.6251204347610474 0.5934815979003907 0.6251204347610474
0 0.17147293090820312 0.3680806350708008 0.1785300028324127 0.3680806350708008 0.1785300028324127 0.37641493797302245 0.17147293090820312 0.37641493797302245
0 0.5784638977050781 0.15283392906188964 0.5862890541553497 0.15283392906188964 0.5862890541553497 0.16210616409778594 0.5784638977050781 0.16210616409778594
0 0.1271119976043701 0.9172723388671875 0.13329758822917936 0.9172723388671875 0.13329758822917936 0.9247398161888123 0.1271119976043701 0.9247398161888123
0 0.5137165832519531 0.46501502990722654 0.5211793136596679 0.46501502990722654 0.5211793136596679 0.47514093637466426 0.5137165832519531 0.47514093637466426
0 0.5764186096191406 0.19866891860961913 0.5831765973567963 0.19866891860961913 0.5831765973567963 0.20740825176239014 0.5764186096191406 0.20740825176239014
0 0.5411081314086914 0.15222911834716796 0.5491142642498017 0.15222911834716796 0.5491142642498017 0.1618930113315582 0.5411081314086914 0.1618930113315582
0 0.187603759765625 0.15925374031066894 0.19431375324726105 0.15925374031066894 0.19431375324726105 0.16884832620620727 0.187603759765625 0.16884832620620727
0 0.4432883453369141 0.8214008331298828 0.4498801422119141 0.8214008331298828 0.4498801422119141 0.8292760282754899 0.4432883453369141 0.8292760282754899
0 0.19623035430908203 0.36836250305175783 0.2035228729248047 0.36836250305175783 0.2035228729248047 0.3763724583387375 0.19623035430908203 0.3763724583387375
0 0.22398813247680663 0.6265984344482421 0.23161437749862668 0.6265984344482421 0.23161437749862668 0.6356829875707627 0.22398813247680663 0.6356829875707627
0 0.5729972076416016 0.3148502731323242 0.5810533750057221 0.3148502731323242 0.5810533750057221 0.3243139636516571 0.5729972076416016 0.3243139636516571
0 0.19554346084594726 0.9688937377929688 0.20072895050048828 0.9688937377929688 0.20072895050048828 0.9759800618886948 0.19554346084594726 0.9759800618886948
0 0.4425407028198242 0.7746198272705078 0.44925684690475465 0.7746198272705078 0.44925684690475465 0.7833547329902649 0.4425407028198242 0.7833547329902649
0 0.2667167472839356 0.8254623413085938 0.274834777712822 0.8254623413085938 0.274834777712822 0.8341654646396637 0.2667167472839356 0.8341654646396637
0 0.46800979614257815 0.8173732757568359 0.47550209820270545 0.8173732757568359 0.47550209820270545 0.8259110820293426 0.46800979614257815 0.8259110820293426
0 0.20900449752807618 0.7728955078125 0.21553661942481997 0.7728955078125 0.21553661942481997 0.7813937836885453 0.20900449752807618 0.7813937836885453
0 0.25226158142089844 0.6290643692016602 0.25910003244876856 0.6290643692016602 0.25910003244876856 0.6377566611766815 0.25226158142089844 0.6377566611766815
0 0.22946456909179688 0.6749013519287109 0.23733687698841094 0.6749013519287109 0.23733687698841094 0.6845101195573806 0.22946456909179688 0.6845101195573806
0 0.14322345733642577 0.3154775238037109 0.15006035566329956 0.3154775238037109 0.15006035566329956 0.32456484436988825 0.14322345733642577 0.32456484436988825
0 0.14419931411743164 0.9670894622802735 0.15059131264686584 0.9670894622802735 0.15059131264686584 0.9748584789037705 0.14419931411743164 0.9748584789037705
0 0.23701927185058594 0.9731637573242188 0.24310023963451383 0.9731637573242188 0.24310023963451383 0.9819833374023438 0.23701927185058594 0.9819833374023438
0 0.5860934066772461 0.464473762512207 0.5942297124862671 0.464473762512207 0.5942297124862671 0.47490484476089473 0.5860934066772461 0.47490484476089473
0 0.5188772964477539 0.777188720703125 0.5253389203548432 0.777188720703125 0.5253389203548432 0.7861916434764861 0.5188772964477539 0.7861916434764861
0 0.20112791061401367 0.30585222244262694 0.20857777774333952 0.30585222244262694 0.20857777774333952 0.31498324394226074 0.20112791061401367 0.31498324394226074
0 0.517465934753418 0.623135986328125 0.5247068214416504 0.623135986328125 0.5247068214416504 0.6315128636360168 0.517465934753418 0.6315128636360168
0 0.47974510192871095 0.5306423950195313 0.4878927630186081 0.5306423950195313 0.4878927630186081 0.5419756436347961 0.47974510192871095 0.5419756436347961
0 0.234815673828125 0.7759460449218751 0.2416855889558792 0.7759460449218751 0.2416855889558792 0.785567383170128 0.234815673828125 0.785567383170128
0 0.48621726989746095 0.4634201812744141 0.49387431383132935 0.4634201812744141 0.49387431383132935 0.4737020754814148 0.48621726989746095 0.4737020754814148
0 0.20693004608154297 0.6702114105224608 0.21378828048706053 0.6702114105224608 0.21378828048706053 0.6792033439874648 0.20693004608154297 0.6792033439874648
0 0.21658384323120117 0.16294273376464843 0.2234123879671097 0.16294273376464843 0.2234123879671097 0.1723903751373291 0.21658384323120117 0.1723903751373291
0 0.23197261810302736 0.8200429534912109 0.23968541860580447 0.8200429534912109 0.23968541860580447 0.8296904611587524 0.23197261810302736 0.8296904611587524
0 0.503459701538086 0.15258905410766602 0.5107214063405991 0.15258905410766602 0.5107214063405991 0.16175384521484376 0.503459701538086 0.16175384521484376
0 0.5563456726074218 0.9326366424560548 0.5646562713384627 0.9326366424560548 0.5646562713384627 0.9419874340295793 0.5563456726074218 0.9419874340295793
0 0.17541339874267578 0.7746752166748047 0.18236825704574586 0.7746752166748047 0.18236825704574586 0.7841961479187012 0.17541339874267578 0.7841961479187012
0 0.22360649108886718 0.3627434158325195 0.23104497313499447 0.3627434158325195 0.23104497313499447 0.37174791991710665 0.22360649108886718 0.37174791991710665
0 0.17677526473999022 0.670682144165039 0.18308242321014404 0.670682144165039 0.18308242321014404 0.6791711699962616 0.17677526473999022 0.6791711699962616
0 0.20698841094970702 0.2104790496826172 0.2138217759132385 0.2104790496826172 0.2138217759132385 0.2196415376663208 0.20698841094970702 0.2196415376663208
0 0.5343332290649414 0.9840741729736329 0.5418863296508789 0.9840741729736329 0.5418863296508789 0.9929762136936189 0.5343332290649414 0.9929762136936189
0 0.16079076766967773 0.525163803100586 0.16702874422073363 0.525163803100586 0.16702874422073363 0.5332107985019684 0.16079076766967773 0.5332107985019684
0 0.2001510238647461 0.9191902160644532 0.20758121132850646 0.9191902160644532 0.20758121132850646 0.9291441643238068 0.2001510238647461 0.9291441643238068
0 0.5580824661254883 0.770914306640625 0.5654211157560348 0.770914306640625 0.5654211157560348 0.7792116093635558 0.5580824661254883 0.7792116093635558
0 0.1591380500793457 0.9112409210205078 0.16563579559326172 0.9112409210205078 0.16563579559326172 0.9195380651950835 0.1591380500793457 0.9195380651950835
0 0.45685897827148436 0.4607020568847656 0.46437322199344633 0.4607020568847656 0.46437322199344633 0.47028374612331386 0.45685897827148436 0.47028374612331386
0 0.24922431945800783 0.358316535949707 0.2564537030458451 0.358316535949707 0.2564537030458451 0.36844607949256897 0.24922431945800783 0.36844607949256897
0 0.17504060745239258 0.8318889617919922 0.18267077088356018 0.8318889617919922 0.18267077088356018 0.8410715901851654 0.17504060745239258 0.8410715901851654
0 0.1384347438812256 0.3728394317626953 0.14500269174575806 0.3728394317626953 0.14500269174575806 0.3816507893800736 0.1384347438812256 0.3816507893800736
0 0.25676591873168947 0.6740245056152344 0.26415951192378995 0.6740245056152344 0.26415951192378995 0.6828000485897063 0.25676591873168947 0.6828000485897063
0 0.1664680290222168 0.9666620635986328 0.17332394182682037 0.9666620635986328 0.17332394182682037 0.9758257967233658 0.1664680290222168 0.9758257967233658
0 0.1780130958557129 0.9138956451416016 0.18454808652400972 0.9138956451416016 0.18454808652400972 0.9237277603149414 0.1780130958557129 0.9237277603149414
0 0.1767104148864746 0.31005565643310545 0.18409090757369995 0.31005565643310545 0.18409090757369995 0.3193944501876831 0.1767104148864746 0.3193944501876831
0 0.4660427474975586 0.9273484802246094 0.47323501884937286 0.9273484802246094 0.47323501884937286 0.9353625071048736 0.4660427474975586 0.9353625071048736
0 0.2168688201904297 0.4621403503417969 0.22331968009471895 0.4621403503417969 0.22331968009471895 0.4710071694850922 0.2168688201904297 0.4710071694850922
0 0.23489622116088868 0.9223194885253906 0.24188600361347198 0.9223194885253906 0.24188600361347198 0.9318869072198868 0.23489622116088868 0.9318869072198868
0 0.47813705444335936 0.7657025909423828 0.48563876032829284 0.7657025909423828 0.48563876032829284 0.7745145809650421 0.47813705444335936 0.7745145809650421
0 0.573147087097168 0.3580130386352539 0.581430184841156 0.3580130386352539 0.581430184841156 0.3672368186712265 0.573147087097168 0.3672368186712265
0 0.5190196228027344 0.927987060546875 0.5270006793737412 0.927987060546875 0.5270006793737412 0.9390969610214234 0.5190196228027344 0.9390969610214234
0 0.5515345001220703 0.6193710708618164 0.5598064196109771 0.6193710708618164 0.5598064196109771 0.6296888184547424 0.5515345001220703 0.6296888184547424
0 0.5801512145996094 0.9847401428222656 0.5874107903242112 0.9847401428222656 0.5874107903242112 0.9935797256231308 0.5801512145996094 0.9935797256231308
0 0.5978631973266602 0.6669964599609375 0.606254112124443 0.6669964599609375 0.606254112124443 0.6784532809257506 0.5978631973266602 0.6784532809257506
0 0.44552738189697266 0.6718042755126953 0.453253356218338 0.6718042755126953 0.453253356218338 0.682592476606369 0.44552738189697266 0.682592476606369
0 0.1548137378692627 0.21156246185302732 0.16077801704406738 0.21156246185302732 0.16077801704406738 0.21937650382518767 0.1548137378692627 0.21937650382518767
0 0.15485548973083496 0.7773219299316406 0.1617366123199463 0.7773219299316406 0.1617366123199463 0.7875291109085083 0.15485548973083496 0.7875291109085083
0 0.19693178176879883 0.46407814025878913 0.20393896639347078 0.46407814025878913 0.20393896639347078 0.4743710231781006 0.19693178176879883 0.4743710231781006
0 0.564809684753418 0.9917616271972656 0.5712704807519913 0.9917616271972656 0.5712704807519913 0.9999999499320983 0.564809684753418 0.9999999499320983
0 0.5397902679443359 0.30634140014648437 0.5487215685844422 0.30634140014648437 0.5487215685844422 0.316562317609787 0.5397902679443359 0.316562317609787
0 0.25536968231201174 0.30627506256103515 0.2635146522521973 0.30627506256103515 0.2635146522521973 0.31740419507026674 0.25536968231201174 0.31740419507026674
0 0.5263184356689453 0.8192756652832032 0.5335470205545425 0.8192756652832032 0.5335470205545425 0.8298415470123292 0.5263184356689453 0.8298415470123292
0 0.5502492141723633 0.8243389892578125 0.5580822366476059 0.8243389892578125 0.5580822366476059 0.8341948229074477 0.5502492141723633 0.8341948229074477
0 0.18410421371459962 0.6237476348876954 0.19176591515541078 0.6237476348876954 0.19176591515541078 0.6329284453392029 0.18410421371459962 0.6329284453392029
0 0.24623794555664064 0.5194294357299805 0.2542846208810806 0.5194294357299805 0.2542846208810806 0.529591828584671 0.24623794555664064 0.529591828584671
0 0.479766845703125 0.6187737655639648 0.4880239498615265 0.6187737655639648 0.4880239498615265 0.6297907698154449 0.479766845703125 0.6297907698154449
0 0.15168455123901367 0.8277963256835937 0.15973464190959932 0.8277963256835937 0.15973464190959932 0.8377902793884276 0.15168455123901367 0.8377902793884276
0 0.5032105255126953 0.30531768798828124 0.5128724145889283 0.30531768798828124 0.5128724145889283 0.31797736406326294 0.5032105255126953 0.31797736406326294
0 0.23000261306762695 0.30785585403442384 0.23809620320796965 0.30785585403442384 0.23809620320796965 0.31905888915061953 0.23000261306762695 0.31905888915061953
0 0.25878756327533103 0.9748134991839518 0.2670997976417764 0.9748134991839518 0.2670997976417764 0.9859251907204436 0.25878756327533103 0.9859251907204436
0 0.46603927347870105 0.9762950580554842 0.4726890609718573 0.9762950580554842 0.4726890609718573 0.9866659701562097 0.46603927347870105 0.9866659701562097
0 0.4810012953383026 0.67035315108408 0.48598863595816977 0.67035315108408 0.48598863595816977 0.6807240631848055 0.4810012953383026 0.6807240631848055
