0 0.444873161315918 0.1447397518157959 0.45210928738117223 0.1447397518157959 0.45210928738117223 0.15410144448280333 0.444873161315918 0.15410144448280333
0 0.6310119247436523 0.34308113098144527 0.6380823624134063 0.34308113098144527 0.6380823624134063 0.3533306884765625 0.6310119247436523 0.3533306884765625
0 0.8133290100097657 0.22734624862670896 0.82073472738266 0.22734624862670896 0.82073472738266 0.2355106097459793 0.8133290100097657 0.2355106097459793
0 0.2016166114807129 0.48215675354003906 0.2094418716430664 0.48215675354003906 0.2094418716430664 0.4909540778398514 0.2016166114807129 0.4909540778398514
0 0.4376885604858398 0.34466434478759767 0.4464058828353882 0.34466434478759767 0.4464058828353882 0.35379147231578834 0.4376885604858398 0.35379147231578834
0 0.6108218765258789 0.48032096862792967 0.6187636029720307 0.48032096862792967 0.6187636029720307 0.4890194272994995 0.6108218765258789 0.4890194272994995
0 0.22679107666015624 0.47611198425292967 0.23433965265750883 0.47611198425292967 0.23433965265750883 0.4854793387651443 0.22679107666015624 0.4854793387651443
0 0.5632913208007813 0.1469253921508789 0.5703466182947159 0.1469253921508789 0.5703466182947159 0.15658449172973632 0.5632913208007813 0.15658449172973632
0 0.27597723007202146 0.47819984436035157 0.28322808265686034 0.47819984436035157 0.28322808265686034 0.4870526301860809 0.27597723007202146 0.4870526301860809
0 0.14328549385070802 0.4790100860595703 0.14984665513038636 0.4790100860595703 0.14984665513038636 0.48697892963886263 0.14328549385070802 0.48697892963886263
0 0.5289568710327148 0.5287130737304687 0.5363362109661102 0.5287130737304687 0.5363362109661102 0.5385967367887496 0.5289568710327148 0.5385967367887496
0 0.8055439758300781 0.3262823486328125 0.8121410363912582 0.3262823486328125 0.8121410363912582 0.33481355369091037 0.8055439758300781 0.33481355369091037
0 0.45131458282470704 0.29069311141967774 0.457937873005867 0.29069311141967774 0.457937873005867 0.29991600155830384 0.45131458282470704 0.29991600155830384
0 0.5600490570068359 0.19631839752197267 0.5675251537561417 0.19631839752197267 0.5675251537561417 0.20496143400669098 0.5600490570068359 0.20496143400669098
0 0.20473918914794922 0.17293561935424806 0.21232320666313173 0.17293561935424806 0.21232320666313173 0.18282934308052065 0.20473918914794922 0.18282934308052065
0 0.5717699813842774 0.5243098831176758 0.5791334116458894 0.5243098831176758 0.5791334116458894 0.5334313577413559 0.5717699813842774 0.5334313577413559
0 0.8436041259765625 0.3670587158203125 0.8499203181266786 0.3670587158203125 0.8499203181266786 0.37530087351799013 0.8436041259765625 0.37530087351799013
0 0.899834213256836 0.17348461151123046 0.9074641990661622 0.17348461151123046 0.9074641990661622 0.18256072521209718 0.899834213256836 0.18256072521209718
0 0.5923959732055664 0.2877604866027832 0.5995719808340072 0.2877604866027832 0.5995719808340072 0.2979730236530304 0.5923959732055664 0.2979730236530304
0 0.47953636169433594 0.34449344635009765 0.48743302166461944 0.34449344635009765 0.48743302166461944 0.35400263667106624 0.47953636169433594 0.35400263667106624
0 0.12730430603027343 0.1695079803466797 0.1351467615365982 0.1695079803466797 0.1351467615365982 0.17827713906764983 0.12730430603027343 0.17827713906764983
0 0.6179330444335938 0.14849313735961914 0.6255261844396591 0.14849313735961914 0.6255261844396591 0.1557450944185257 0.6179330444335938 0.1557450944185257
0 0.1756895065307617 0.48261150360107424 0.1824763852357864 0.48261150360107424 0.1824763852357864 0.49203048527240756 0.1756895065307617 0.49203048527240756
0 0.16715091705322266 0.17732858657836914 0.17462736904621126 0.17732858657836914 0.17462736904621126 0.18738165736198426 0.16715091705322266 0.18738165736198426
0 0.2559454345703125 0.30911975860595703 0.26329073786735535 0.30911975860595703 0.26329073786735535 0.318310866355896 0.2559454345703125 0.318310866355896
0 0.12427317619323731 0.22645763397216798 0.1307159334421158 0.22645763397216798 0.1307159334421158 0.2344791716337204 0.12427317619323731 0.2344791716337204
0 0.43843048095703124 0.1904802894592285 0.4444393390417099 0.1904802894592285 0.4444393390417099 0.1985556674003601 0.43843048095703124 0.1985556674003601
0 0.8531462097167969 0.22948383331298827 0.8584259873628617 0.22948383331298827 0.8584259873628617 0.23615441441535948 0.8531462097167969 0.23615441441535948
0 0.8058496856689453 0.37164413452148437 0.81391028881073 0.37164413452148437 0.81391028881073 0.3808119785785675 0.8058496856689453 0.3808119785785675
0 0.21064363479614256 0.3087907791137695 0.21752939999103543 0.3087907791137695 0.21752939999103543 0.3180960512161255 0.21064363479614256 0.3180960512161255
0 0.8423952484130859 0.3323223876953125 0.8486417114734649 0.3323223876953125 0.8486417114734649 0.3401497113704681 0.8423952484130859 0.3401497113704681
0 0.487404899597168 0.5232538223266602 0.4955996084213257 0.5232538223266602 0.4955996084213257 0.5331384342908859 0.487404899597168 0.5331384342908859
0 0.7722807312011719 0.1698328018188477 0.7785548734664918 0.1698328018188477 0.7785548734664918 0.1779545491933823 0.7722807312011719 0.1779545491933823
0 0.7715132904052734 0.22220895767211915 0.7785966807603835 0.22220895767211915 0.7785966807603835 0.2306227171421051 0.7715132904052734 0.2306227171421051
0 0.2986948585510254 0.48498905181884766 0.306615589261055 0.48498905181884766 0.306615589261055 0.49516259193420414 0.2986948585510254 0.49516259193420414
0 0.4771518325805664 0.20152503967285154 0.4839291596412659 0.20152503967285154 0.4839291596412659 0.21148278295993803 0.4771518325805664 0.21148278295993803
0 0.2537525749206543 0.16964830398559572 0.2618415075540543 0.16964830398559572 0.2618415075540543 0.17983506798744203 0.2537525749206543 0.17983506798744203
0 0.1585994529724121 0.5277242660522461 0.1650700372457504 0.5277242660522461 0.1650700372457504 0.5355018603801727 0.1585994529724121 0.5355018603801727
0 0.13893099784851073 0.308203182220459 0.14635759234428405 0.308203182220459 0.14635759234428405 0.3178849631547928 0.13893099784851073 0.3178849631547928
0 0.5386555099487305 0.28741561889648437 0.5459806752204894 0.28741561889648437 0.5459806752204894 0.29739587485790253 0.5386555099487305 0.29739587485790253
0 0.5222850036621094 0.2035866928100586 0.5307784122228623 0.2035866928100586 0.5307784122228623 0.21344183444976805 0.5222850036621094 0.21344183444976805
0 0.14725683212280274 0.36501895904541015 0.15293395936489107 0.36501895904541015 0.15293395936489107 0.37217952132225035 0.14725683212280274 0.37217952132225035
0 0.5945792388916016 0.42043319702148435 0.6015548712015152 0.42043319702148435 0.6015548712015152 0.4313016843795776 0.5945792388916016 0.4313016843795776
0 0.3021480369567871 0.3168916893005371 0.30863757610321046 0.3168916893005371 0.30863757610321046 0.3248242634534836 0.3021480369567871 0.3248242634534836
0 0.48797630310058593 0.2799370002746582 0.4967659568786621 0.2799370002746582 0.4967659568786621 0.2904960429668426 0.48797630310058593 0.2904960429668426
0 0.30792377471923826 0.3529903411865235 0.3159231948852539 0.3529903411865235 0.3159231948852539 0.36220981240272526 0.30792377471923826 0.36220981240272526
0 0.29991954803466797 0.1743175506591797 0.30677896499633783 0.1743175506591797 0.30677896499633783 0.18292927920818328 0.29991954803466797 0.18292927920818328
0 0.8145949554443359 0.17294044494628907 0.8223137146234513 0.17294044494628907 0.8223137146234513 0.1820168548822403 0.8145949554443359 0.1820168548822403
0 0.15117132186889648 0.22591791152954105 0.15784304976463318 0.22591791152954105 0.15784304976463318 0.23458300650119784 0.15117132186889648 0.23458300650119784
0 0.1692335319519043 0.30852134704589845 0.17691460251808167 0.30852134704589845 0.17691460251808167 0.3178882670402527 0.1692335319519043 0.3178882670402527
0 0.1759435272216797 0.36274547576904304 0.18322220623493196 0.36274547576904304 0.18322220623493196 0.3715296757221222 0.1759435272216797 0.3715296757221222
0 0.5890917587280273 0.34319416046142576 0.5975454235076904 0.34319416046142576 0.5975454235076904 0.35265761375427246 0.5890917587280273 0.35265761375427246
0 0.20039342880249023 0.22471725463867187 0.2080979788303375 0.22471725463867187 0.2080979788303375 0.23435703396797178 0.20039342880249023 0.23435703396797178
0 0.18272214889526367 0.5250598907470703 0.19090884387493132 0.5250598907470703 0.19090884387493132 0.5343420177698135 0.18272214889526367 0.5343420177698135
0 0.248110237121582 0.22261484146118163 0.25569009959697725 0.22261484146118163 0.25569009959697725 0.23376694083213806 0.248110237121582 0.23376694083213806
0 0.13528571128845215 0.5251732635498046 0.14240130424499514 0.5251732635498046 0.14240130424499514 0.5329220008850097 0.13528571128845215 0.5329220008850097
0 0.6123186874389649 0.5353131484985352 0.6194456064701082 0.5353131484985352 0.6194456064701082 0.5438102382421494 0.6123186874389649 0.5438102382421494
0 0.4440301895141602 0.5358258819580078 0.4515416830778122 0.5358258819580078 0.4515416830778122 0.5450715219974518 0.4440301895141602 0.5450715219974518
0 0.21074260711669923 0.5254550552368165 0.2180215817689896 0.5254550552368165 0.2180215817689896 0.5336445975303651 0.21074260711669923 0.5336445975303651
0 0.5423360443115235 0.3455011749267578 0.5489666980504991 0.3455011749267578 0.5489666980504991 0.35320990741252895 0.5423360443115235 0.35320990741252895
0 0.9344744873046875 0.33181621551513674 0.9420850747823716 0.33181621551513674 0.9420850747823716 0.34133999288082123 0.9344744873046875 0.34133999288082123
0 0.20125694274902345 0.35818264007568357 0.20784283995628355 0.35818264007568357 0.20784283995628355 0.3673190575838089 0.20125694274902345 0.3673190575838089
0 0.28737693786621094 0.2227958106994629 0.29560642242431645 0.2227958106994629 0.29560642242431645 0.2335744261741638 0.28737693786621094 0.2335744261741638
0 0.7739476013183594 0.3810364151000976 0.7814427423477173 0.3810364151000976 0.7814427423477173 0.39082018435001376 0.7739476013183594 0.39082018435001376
0 0.8621248626708984 0.18074739456176758 0.8703355699777603 0.18074739456176758 0.8703355699777603 0.19080400347709658 0.8621248626708984 0.19080400347709658
0 0.25066366195678713 0.3583938980102539 0.25731273829936985 0.3583938980102539 0.25731273829936985 0.36876758217811584 0.25066366195678713 0.36876758217811584
0 0.9354610443115234 0.375423698425293 0.9424317675828934 0.375423698425293 0.9424317675828934 0.3835294753313065 0.9354610443115234 0.3835294753313065
0 0.9323180389404296 0.2329757308959961 0.9393441200256346 0.2329757308959961 0.9393441200256346 0.24287993013858794 0.9323180389404296 0.24287993013858794
0 0.8949373626708984 0.24277715682983397 0.902996191382408 0.24277715682983397 0.902996191382408 0.2517775100469589 0.8949373626708984 0.2517775100469589
0 0.7686756896972656 0.32635009765625 0.775464431643486 0.32635009765625 0.775464431643486 0.3339757168293 0.7686756896972656 0.3339757168293
0 0.6356486129760742 0.28689167022705075 0.6427084052562714 0.28689167022705075 0.6427084052562714 0.2969916641712188 0.6356486129760742 0.2969916641712188
0 0.9398529052734375 0.18245195388793944 0.9479232668876647 0.18245195388793944 0.9479232668876647 0.1927336895465851 0.9398529052734375 0.1927336895465851
