0 0.5006246566772461 0.5298915100097656 0.5084086501598358 0.5298915100097656 0.5084086501598358 0.5398293697834015 0.5006246566772461 0.5398293697834015
0 0.5165692138671875 0.6862853240966796 0.5246000683307647 0.6862853240966796 0.5246000683307647 0.6960545861721039 0.5165692138671875 0.6960545861721039
0 0.5478971862792968 0.8425418090820312 0.5564173275232315 0.8425418090820312 0.5564173275232315 0.8538526833057403 0.5478971862792968 0.8538526833057403
0 0.5069897079467773 0.8435505676269531 0.5150420904159545 0.8435505676269531 0.5150420904159545 0.8541121792793275 0.5069897079467773 0.8541121792793275
0 0.4692732620239258 0.37322952270507814 0.476822902560234 0.37322952270507814 0.476822902560234 0.38384576559066774 0.4692732620239258 0.38384576559066774
0 0.21795337677001952 0.7726046752929688 0.22521480083465575 0.7726046752929688 0.22521480083465575 0.7823122692108154 0.21795337677001952 0.7823122692108154
0 0.5397249984741211 0.2256986427307129 0.5476879572868347 0.2256986427307129 0.5476879572868347 0.23686331272125244 0.5397249984741211 0.23686331272125244
0 0.5216214752197266 0.37320140838623045 0.5299976038932801 0.37320140838623045 0.5299976038932801 0.38348504185676574 0.5216214752197266 0.38348504185676574
0 0.7736264038085937 0.7627908325195313 0.7821154952049255 0.7627908325195313 0.7821154952049255 0.7720294362306594 0.7736264038085937 0.7720294362306594
0 0.4459024810791016 0.37250946044921873 0.45404863417148594 0.37250946044921873 0.45404863417148594 0.3821925061941147 0.4459024810791016 0.3821925061941147
0 0.4532133865356445 0.14420745849609376 0.4614634531736374 0.14420745849609376 0.4614634531736374 0.15476999998092653 0.4532133865356445 0.15476999998092653
0 0.5779389190673828 0.8433222198486328 0.5866118252277375 0.8433222198486328 0.5866118252277375 0.8535714614391327 0.5779389190673828 0.8535714614391327
0 0.5621307373046875 0.5324497222900391 0.570751953125 0.5324497222900391 0.570751953125 0.5429588770866394 0.5621307373046875 0.5429588770866394
0 0.46894287109375 0.8416094970703125 0.4768898320198059 0.8416094970703125 0.4768898320198059 0.8522271633148194 0.46894287109375 0.8522271633148194
0 0.5071536636352539 0.22689926147460937 0.5150148969888687 0.22689926147460937 0.5150148969888687 0.23735916137695312 0.5071536636352539 0.23735916137695312
0 0.1889500617980957 0.7707015991210937 0.19628560662269592 0.7707015991210937 0.19628560662269592 0.7804047656059264 0.1889500617980957 0.7804047656059264
0 0.48506668090820315 0.7729545593261717 0.4929677766561508 0.7729545593261717 0.4929677766561508 0.7839633405208587 0.48506668090820315 0.7839633405208587
0 0.5694580841064453 0.46946331024169924 0.5781924396753311 0.46946331024169924 0.5781924396753311 0.4785370320081711 0.5694580841064453 0.4785370320081711
0 0.43736953735351564 0.22640058517456055 0.4459491461515427 0.22640058517456055 0.4459491461515427 0.23747135043144227 0.43736953735351564 0.23747135043144227
0 0.4981359481811524 0.3738589859008789 0.5053696787357331 0.3738589859008789 0.5053696787357331 0.3841238415241241 0.4981359481811524 0.3841238415241241
0 0.46190738677978516 0.47074623107910163 0.4693283039331436 0.47074623107910163 0.4693283039331436 0.4804960441589356 0.46190738677978516 0.4804960441589356
0 0.46628250122070314 0.30323139190673826 0.47415860891342165 0.30323139190673826 0.47415860891342165 0.3140585899353027 0.46628250122070314 0.3140585899353027
0 0.8193604278564454 0.8367478179931641 0.8277303469181062 0.8367478179931641 0.8277303469181062 0.8466965484619141 0.8193604278564454 0.8466965484619141
0 0.5842302322387696 0.6242360687255859 0.5922229987382889 0.6242360687255859 0.5922229987382889 0.6339407771825789 0.5842302322387696 0.6339407771825789
0 0.16259874343872072 0.8352434539794922 0.16993541181087496 0.8352434539794922 0.16993541181087496 0.8439774900674819 0.16259874343872072 0.8439774900674819
0 0.5795186614990234 0.6845143890380859 0.5869755369424821 0.6845143890380859 0.5869755369424821 0.6959884452819823 0.5795186614990234 0.6959884452819823
0 0.5288999557495118 0.46738891601562493 0.5367712432146073 0.46738891601562493 0.5367712432146073 0.4775363266468048 0.5288999557495118 0.4775363266468048
0 0.5785464096069336 0.7694271850585938 0.5868753427267074 0.7694271850585938 0.5868753427267074 0.779051765203476 0.5785464096069336 0.779051765203476
0 0.43584522247314456 0.47027702331542975 0.44341491281986245 0.47027702331542975 0.44341491281986245 0.47927405595779426 0.43584522247314456 0.47927405595779426
0 0.45579669952392576 0.7702272796630859 0.4636786031723022 0.7702272796630859 0.4636786031723022 0.7804913055896759 0.45579669952392576 0.7804913055896759
0 0.4854750061035156 0.3049752616882324 0.49261733174324035 0.3049752616882324 0.49261733174324035 0.3143055760860443 0.4854750061035156 0.3143055760860443
0 0.47930595397949216 0.5335080718994141 0.486476165652275 0.5335080718994141 0.486476165652275 0.5435077571868897 0.47930595397949216 0.5435077571868897
0 0.5244041442871094 0.14658549308776855 0.532167142033577 0.14658549308776855 0.532167142033577 0.1577224326133728 0.5244041442871094 0.1577224326133728
0 0.5283943557739258 0.5331206893920899 0.5369421166181565 0.5331206893920899 0.5369421166181565 0.543235605955124 0.5283943557739258 0.543235605955124
0 0.2592343902587891 0.7728836822509765 0.26777889788150794 0.7728836822509765 0.26777889788150794 0.7834213387966155 0.2592343902587891 0.7834213387966155
0 0.8358202362060547 0.7732093811035157 0.8443571740388871 0.7732093811035157 0.8443571740388871 0.7823635476827621 0.8358202362060547 0.7823635476827621
0 0.22506391525268554 0.8417720031738282 0.2328751438856125 0.8417720031738282 0.2328751438856125 0.8524005007743836 0.22506391525268554 0.8524005007743836
0 0.7687636566162109 0.8356749725341798 0.7780944061279297 0.8356749725341798 0.7780944061279297 0.8466948223114014 0.7687636566162109 0.8466948223114014
0 0.5526456451416015 0.3681990814208984 0.5610377424955366 0.3681990814208984 0.5610377424955366 0.37776531457901 0.5526456451416015 0.37776531457901
0 0.4869541549682617 0.6178475189208984 0.49537904679775235 0.6178475189208984 0.49537904679775235 0.6281735682487488 0.4869541549682617 0.6281735682487488
0 0.5100798797607422 0.7685012817382812 0.5184185713529587 0.7685012817382812 0.5184185713529587 0.778281375169754 0.5100798797607422 0.778281375169754
0 0.12744009971618653 0.8323503112792969 0.13560715973377227 0.8323503112792969 0.13560715973377227 0.8417618215084077 0.12744009971618653 0.8417618215084077
0 0.5373297882080078 0.30779352188110354 0.5447831153869629 0.30779352188110354 0.5447831153869629 0.3180176615715027 0.5373297882080078 0.3180176615715027
0 0.4873596954345703 0.6849791717529298 0.49531085550785064 0.6849791717529298 0.49531085550785064 0.6949897277355194 0.4873596954345703 0.6949897277355194
0 0.543953628540039 0.684374008178711 0.5516741025447846 0.684374008178711 0.5516741025447846 0.6944487619400025 0.543953628540039 0.6944487619400025
0 0.45029186248779296 0.6163910675048828 0.45802271604537964 0.6163910675048828 0.45802271604537964 0.6268556714057922 0.45029186248779296 0.6268556714057922
0 0.5669186019897461 0.22434947967529298 0.5753643417358398 0.22434947967529298 0.5753643417358398 0.2350059449672699 0.5669186019897461 0.2350059449672699
0 0.5636347961425782 0.305963134765625 0.5725768011808395 0.305963134765625 0.5725768011808395 0.3168118369579315 0.5636347961425782 0.3168118369579315
0 0.5477714538574219 0.6211175918579102 0.5560796278715133 0.6211175918579102 0.5560796278715133 0.6313520097732545 0.5477714538574219 0.6313520097732545
0 0.45017093658447266 0.5348123931884765 0.458569568991661 0.5348123931884765 0.458569568991661 0.5441871404647827 0.45017093658447266 0.5441871404647827
0 0.48577568054199216 0.14870066642761232 0.4940383148193359 0.14870066642761232 0.4940383148193359 0.1580061858892441 0.48577568054199216 0.1580061858892441
0 0.5119519424438477 0.3080195999145508 0.5201754242181778 0.3080195999145508 0.5201754242181778 0.3191132736206055 0.5119519424438477 0.3191132736206055
0 0.47276939392089845 0.22226367950439452 0.48163699805736543 0.22226367950439452 0.48163699805736543 0.2339849007129669 0.47276939392089845 0.2339849007129669
0 0.28430374145507814 0.8508695220947265 0.2934246826171875 0.8508695220947265 0.2934246826171875 0.8618498420715331 0.28430374145507814 0.8618498420715331
0 0.8471340942382812 0.8384748840332031 0.8534996116161347 0.8384748840332031 0.8534996116161347 0.8466948646306992 0.8471340942382812 0.8466948646306992
0 0.4971158218383789 0.4624524688720703 0.5056235432624816 0.4624524688720703 0.5056235432624816 0.47359763026237484 0.4971158218383789 0.47359763026237484
0 0.31262798309326173 0.7543330383300781 0.3198807871341706 0.7543330383300781 0.3198807871341706 0.7622184324264528 0.31262798309326173 0.7622184324264528
0 0.8022703552246093 0.7657318878173828 0.8109419012069701 0.7657318878173828 0.8109419012069701 0.7770771527290344 0.8022703552246093 0.7770771527290344
0 0.5807853317260743 0.36876766204833983 0.589715035557747 0.36876766204833983 0.589715035557747 0.37962875723838807 0.5807853317260743 0.37962875723838807
0 0.43588733673095703 0.8386399841308594 0.4438332331180573 0.8386399841308594 0.4438332331180573 0.8494428110122682 0.43588733673095703 0.8494428110122682
0 0.605672607421875 0.15535009384155274 0.6142311322689057 0.15535009384155274 0.6142311322689057 0.16648198246955873 0.605672607421875 0.16648198246955873
0 0.5188758087158203 0.6192619705200195 0.528430826663971 0.6192619705200195 0.528430826663971 0.6312726140022278 0.5188758087158203 0.6312726140022278
0 0.6014413833618164 0.7676065826416015 0.6096885222196579 0.7676065826416015 0.6096885222196579 0.7772848451137543 0.6014413833618164 0.7772848451137543
0 0.1833381462097168 0.8385170745849609 0.19221212267875673 0.8385170745849609 0.19221212267875673 0.8485881125926972 0.1833381462097168 0.8485881125926972
0 0.4565310039684112 0.6825011155387418 0.46308003710561046 0.6825011155387418 0.46308003710561046 0.6939495250005816 0.4565310039684112 0.6939495250005816
0 0.12202654219146002 0.765333725174407 0.13059066244779763 0.765333725174407 0.13059066244779763 0.7781290063376398 0.12202654219146002 0.7781290063376398
0 0.8811098599708426 0.7656443239576299 0.8891702084473956 0.7656443239576299 0.8891702084473956 0.7804599126729524 0.8811098599708426 0.7804599126729524
0 0.8957192415845949 0.8262535505203119 0.9042833618409325 0.8262535505203119 0.9042833618409325 0.8390488316835448 0.8957192415845949 0.8390488316835448
