0 0.44484539031982423 0.14471959114074706 0.452090328335762 0.14471959114074706 0.452090328335762 0.15408829927444456 0.44484539031982423 0.15408829927444456
0 0.6310199356079101 0.3431216049194336 0.6381114876270294 0.3431216049194336 0.6381114876270294 0.35330103516578676 0.6310199356079101 0.35330103516578676
0 0.8133185577392578 0.22748603820800778 0.8205886608362196 0.22748603820800778 0.8205886608362196 0.2355860239267349 0.8133185577392578 0.2355860239267349
0 0.201617431640625 0.48216011047363283 0.20944264709949495 0.48216011047363283 0.20944264709949495 0.4909487378597259 0.201617431640625 0.4909487378597259
0 0.4376959228515625 0.344675407409668 0.44638677895069123 0.344675407409668 0.44638677895069123 0.35378553688526154 0.4376959228515625 0.35378553688526154
0 0.6108143615722657 0.48032211303710937 0.6187637174129487 0.48032211303710937 0.6187637174129487 0.4890138906240463 0.6108143615722657 0.4890138906240463
0 0.2267548370361328 0.4760636901855469 0.23432915508747099 0.4760636901855469 0.23432915508747099 0.4854734218120575 0.2267548370361328 0.4854734218120575
0 0.5632898330688476 0.1469295120239258 0.57034235060215 0.1469295120239258 0.57034235060215 0.15658648729324343 0.5632898330688476 0.15658648729324343
0 0.2758990478515625 0.4781953430175781 0.2832286483049392 0.4781953430175781 0.2832286483049392 0.4870460730791092 0.2758990478515625 0.4870460730791092
0 0.805579605102539 0.3262867736816406 0.812156616449356 0.3262867736816406 0.812156616449356 0.33476785361766814 0.805579605102539 0.33476785361766814
0 0.14329856872558594 0.4789923858642578 0.1498286056518555 0.4789923858642578 0.1498286056518555 0.48693675994873054 0.14329856872558594 0.48693675994873054
0 0.52897705078125 0.5286997985839844 0.5363303679227829 0.5286997985839844 0.5363303679227829 0.538557015657425 0.52897705078125 0.538557015657425
0 0.20474979400634766 0.17294013977050782 0.21235272228717803 0.17294013977050782 0.21235272228717803 0.18290628373622897 0.20474979400634766 0.18290628373622897
0 0.5600811004638672 0.19633825302124022 0.567487468123436 0.19633825302124022 0.567487468123436 0.20495893537998197 0.5600811004638672 0.20495893537998197
0 0.45130985260009765 0.29078022003173826 0.4578701853752136 0.29078022003173826 0.4578701853752136 0.2998646348714828 0.45130985260009765 0.2998646348714828
0 0.5717665100097656 0.524302864074707 0.5791205364465714 0.524302864074707 0.5791205364465714 0.5334380954504013 0.5717665100097656 0.5334380954504013
0 0.843630599975586 0.3669561767578125 0.8500349146127701 0.3669561767578125 0.8500349146127701 0.37538764595985413 0.843630599975586 0.37538764595985413
0 0.5923640441894531 0.28779150009155274 0.5995587998628616 0.28779150009155274 0.5995587998628616 0.2980634915828705 0.5923640441894531 0.2980634915828705
0 0.16710969924926758 0.1773416328430176 0.17462738811969755 0.1773416328430176 0.17462738811969755 0.18747566223144532 0.16710969924926758 0.18747566223144532
0 0.8998181915283203 0.17335769653320313 0.9075064921379089 0.17335769653320313 0.9075064921379089 0.18252115249633788 0.8998181915283203 0.18252115249633788
0 0.1273393440246582 0.16952671051025392 0.135161070227623 0.16952671051025392 0.135161070227623 0.1782791876792908 0.1273393440246582 0.1782791876792908
0 0.6179410934448242 0.14847768783569337 0.6254607784748077 0.14847768783569337 0.6254607784748077 0.15571303248405458 0.6179410934448242 0.15571303248405458
0 0.25594593048095704 0.30913333892822265 0.2632992178201675 0.30913333892822265 0.2632992178201675 0.31833041608333584 0.25594593048095704 0.31833041608333584
0 0.17567333221435547 0.48257640838623045 0.18247125566005706 0.48257640838623045 0.18247125566005706 0.49201389014720914 0.17567333221435547 0.49201389014720914
0 0.4795345687866211 0.3444960403442383 0.48756808459758755 0.3444960403442383 0.48756808459758755 0.35418458104133604 0.4795345687866211 0.35418458104133604
0 0.12420039176940917 0.22645246505737304 0.13067001461982727 0.22645246505737304 0.13067001461982727 0.23447809398174282 0.12420039176940917 0.23447809398174282
0 0.4383351135253906 0.190596866607666 0.44431250751018525 0.190596866607666 0.44431250751018525 0.19863761603832245 0.4383351135253906 0.19863761603832245
0 0.8058348846435547 0.3716411972045898 0.8139001601934434 0.3716411972045898 0.8139001601934434 0.3808110970258713 0.8058348846435547 0.3808110970258713
0 0.8531427764892578 0.22938167572021484 0.8583994293212891 0.22938167572021484 0.8583994293212891 0.23600361466407774 0.8531427764892578 0.23600361466407774
0 0.8423967742919922 0.3323371505737305 0.8486469042301178 0.3323371505737305 0.8486469042301178 0.34022467970848086 0.8423967742919922 0.34022467970848086
0 0.21056276321411133 0.30876665115356444 0.2175204014778137 0.30876665115356444 0.2175204014778137 0.3180666851997375 0.21056276321411133 0.3180666851997375
0 0.48740116119384763 0.5232364654541015 0.49559764444828025 0.5232364654541015 0.49559764444828025 0.5331343203783034 0.48740116119384763 0.5331343203783034
0 0.7714669799804688 0.22219114303588866 0.7785831350088119 0.22219114303588866 0.7785831350088119 0.2306558972597122 0.7714669799804688 0.2306558972597122
0 0.2986854362487793 0.4849546813964844 0.3066146248579026 0.4849546813964844 0.3066146248579026 0.49515624880790715 0.2986854362487793 0.49515624880790715
0 0.2537981414794922 0.16978227615356445 0.26184452056884766 0.16978227615356445 0.26184452056884766 0.17991243243217467 0.2537981414794922 0.17991243243217467
0 0.13893302917480468 0.30822221755981444 0.14636215209960937 0.30822221755981444 0.14636215209960937 0.3179254043102264 0.13893302917480468 0.3179254043102264
0 0.15861757278442382 0.527716293334961 0.16507573723793026 0.527716293334961 0.16507573723793026 0.5354905670881271 0.15861757278442382 0.5354905670881271
0 0.7722551727294922 0.16988473892211914 0.7785429763793944 0.16988473892211914 0.7785429763793944 0.17799496293067932 0.7722551727294922 0.17799496293067932
0 0.14730131149291992 0.3648442840576172 0.1529692417383194 0.3648442840576172 0.1529692417383194 0.37196183741092687 0.14730131149291992 0.37196183741092687
0 0.47715560913085936 0.20157627105712891 0.4839545822143555 0.20157627105712891 0.4839545822143555 0.21155069649219513 0.47715560913085936 0.21155069649219513
0 0.522277717590332 0.20354665756225587 0.5307892829179763 0.20354665756225587 0.5307892829179763 0.21344368219375612 0.522277717590332 0.21344368219375612
0 0.3021059417724609 0.31686618804931643 0.3086571079492569 0.31686618804931643 0.3086571079492569 0.3248565357923508 0.3021059417724609 0.3248565357923508
0 0.5945855712890625 0.4204439926147461 0.601547127366066 0.4204439926147461 0.601547127366066 0.4313057208061218 0.5945855712890625 0.4313057208061218
0 0.5386185836791992 0.28740127563476564 0.5459278982877731 0.28740127563476564 0.5459278982877731 0.29733377873897554 0.5386185836791992 0.29733377873897554
0 0.30792510986328125 0.35298328399658196 0.3158931845426559 0.35298328399658196 0.3158931845426559 0.36215010046958923 0.30792510986328125 0.36215010046958923
0 0.29996477127075194 0.17432809829711915 0.30694090604782104 0.17432809829711915 0.30694090604782104 0.18301299810409544 0.29996477127075194 0.18301299810409544
0 0.8145897674560547 0.17294538497924805 0.8223195266723633 0.17294538497924805 0.8223195266723633 0.18203015565872194 0.8145897674560547 0.18203015565872194
0 0.48761806488037107 0.2802051734924316 0.49625267624855035 0.2802051734924316 0.49625267624855035 0.2902495086193084 0.48761806488037107 0.2902495086193084
0 0.17522687911987306 0.3630598831176758 0.1833310854434967 0.3630598831176758 0.1833310854434967 0.3717613458633423 0.17522687911987306 0.3717613458633423
0 0.16926517486572265 0.3084783363342285 0.17692031145095824 0.3084783363342285 0.17692031145095824 0.31786035716533656 0.16926517486572265 0.31786035716533656
0 0.20037647247314452 0.22471126556396484 0.20810627639293672 0.22471126556396484 0.20810627639293672 0.23436940729618072 0.20037647247314452 0.23436940729618072
0 0.5890946960449219 0.34316524505615237 0.5975164830684663 0.34316524505615237 0.5975164830684663 0.35262869834899907 0.5890946960449219 0.35262869834899907
0 0.5801630020141602 0.34605674743652337 0.583667555451393 0.34605674743652337 0.583667555451393 0.351508127450943 0.5801630020141602 0.351508127450943
0 0.1511649227142334 0.22587934494018555 0.15778354048728943 0.22587934494018555 0.15778354048728943 0.23453930079936983 0.1511649227142334 0.23453930079936983
0 0.24812299728393555 0.22261159896850588 0.25568156838417055 0.22261159896850588 0.25568156838417055 0.23372300148010255 0.24812299728393555 0.23372300148010255
0 0.13508430480957032 0.5252496719360351 0.14224812865257264 0.5252496719360351 0.14224812865257264 0.5332029008865357 0.13508430480957032 0.5332029008865357
0 0.1827564239501953 0.5250464630126953 0.19090878665447236 0.5250464630126953 0.19090878665447236 0.5342248225212097 0.1827564239501953 0.5342248225212097
0 0.9345313262939453 0.33176918029785163 0.9421716624498367 0.33176918029785163 0.9421716624498367 0.3415208905935288 0.9345313262939453 0.3415208905935288
0 0.4440194320678711 0.5358269882202148 0.45151418864727016 0.5358269882202148 0.45151418864727016 0.5450787949562073 0.4440194320678711 0.5450787949562073
0 0.6123226547241211 0.5353059387207031 0.6194447243213653 0.5353059387207031 0.6194447243213653 0.5437987196445464 0.6123226547241211 0.5437987196445464
0 0.2107582664489746 0.525450439453125 0.2180173987150192 0.525450439453125 0.2180173987150192 0.5336899483203887 0.2107582664489746 0.5336899483203887
0 0.5423398208618164 0.3453868103027344 0.5490201544761657 0.3453868103027344 0.5490201544761657 0.35320745348930366 0.5423398208618164 0.35320745348930366
0 0.20127967834472657 0.3581840133666992 0.20784691631793975 0.3581840133666992 0.20784691631793975 0.3672395116090775 0.20127967834472657 0.3672395116090775
0 0.28733516693115235 0.2227817153930664 0.2955618131160736 0.2227817153930664 0.2955618131160736 0.23345324158668518 0.28733516693115235 0.23345324158668518
0 0.7739055633544922 0.38101280212402344 0.7813575893640519 0.38101280212402344 0.7813575893640519 0.3908137673139573 0.7739055633544922 0.3908137673139573
0 0.8621231079101562 0.18075212478637695 0.8703438103199005 0.18075212478637695 0.8703438103199005 0.1908401012420654 0.8621231079101562 0.1908401012420654
0 0.2506904220581055 0.35839160919189456 0.257320129275322 0.35839160919189456 0.257320129275322 0.3687874305248261 0.2506904220581055 0.3687874305248261
0 0.9354603576660157 0.3753898239135742 0.9424740189313888 0.3753898239135742 0.9424740189313888 0.3835186475515366 0.9354603576660157 0.3835186475515366
0 0.9323166656494141 0.23297842025756835 0.9393630915880203 0.23297842025756835 0.9393630915880203 0.24292989790439604 0.9323166656494141 0.24292989790439604
0 0.8949835205078125 0.24280111312866212 0.9030015408992766 0.24280111312866212 0.9030015408992766 0.25179500341415406 0.8949835205078125 0.25179500341415406
0 0.7686776733398437 0.32631847381591794 0.7754611515998839 0.32631847381591794 0.7754611515998839 0.3339450615644455 0.7686776733398437 0.3339450615644455
0 0.9398760986328125 0.18248830795288085 0.9479319113492966 0.18248830795288085 0.9479319113492966 0.19274472475051876 0.9398760986328125 0.19274472475051876
0 0.8818732452392578 0.377398796081543 0.8876840049028397 0.377398796081543 0.8876840049028397 0.38339739739894874 0.8818732452392578 0.38339739739894874
0 0.6341838084192964 0.28608923884514437 0.6449826039186962 0.28608923884514437 0.6449826039186962 0.2979002624671916 0.6341838084192964 0.2979002624671916
0 0.6027691306028607 0.1889763779527559 0.6096410913752061 0.1889763779527559 0.6096410913752061 0.20341207349081367 0.6027691306028607 0.20341207349081367
0 0.5153970579258988 0.14829396325459318 0.5203056013347169 0.14829396325459318 0.5203056013347169 0.16010498687664043 0.5153970579258988 0.16010498687664043
