0 0.44182541051864016 0.3017965779596994 0.44995827915925635 0.3017965779596994 0.44995827915925635 0.31015959154789774 0.44182541051864016 0.31015959154789774
0 0.44151260787861646 0.35239281016829926 0.4499582791592563 0.35239281016829926 0.4499582791592563 0.3624284264741373 0.44151260787861646 0.3624284264741373
0 0.4803001352415549 0.30054212592146967 0.488433003882171 0.30054212592146967 0.488433003882171 0.3084869888302581 0.4803001352415549 0.3084869888302581
0 0.4803001352415549 0.3528109608477093 0.4893714118022422 0.3528109608477093 0.4893714118022422 0.363682878512367 0.4803001352415549 0.363682878512367
0 0.511267596603901 0.35531986492416867 0.519400465244517 0.35531986492416867 0.519400465244517 0.3645191798711869 0.511267596603901 0.3645191798711869
0 0.5025091226832374 0.303887331356749 0.5100163860438062 0.303887331356749 0.5100163860438062 0.31015959154789774 0.5025091226832374 0.31015959154789774
0 0.5434862685263417 0.30472363271556885 0.5503679266068631 0.30472363271556885 0.5503679266068631 0.31434109834199686 0.5434862685263417 0.31434109834199686
0 0.547239900206626 0.3557380156035786 0.5538087556471237 0.3557380156035786 0.5538087556471237 0.36577363190941664 0.547239900206626 0.36577363190941664
0 0.5816481906092329 0.3557380156035786 0.5894682566098254 0.3557380156035786 0.5894682566098254 0.3645191798711869 0.5816481906092329 0.3645191798711869
0 0.5747665325287115 0.3043054820361589 0.5810225853291855 0.3043054820361589 0.5810225853291855 0.3122503449449473 0.5747665325287115 0.3122503449449473
0 0.4383845814783795 0.46487534292956695 0.4446406342788535 0.46487534292956695 0.4446406342788535 0.4774198633118644 0.4383845814783795 0.4774198633118644
0 0.4571527398798013 0.5351246570704329 0.4668496217205359 0.5351246570704329 0.4668496217205359 0.5422332186204014 0.4571527398798013 0.5422332186204014
0 0.48436656956186297 0.509617465626428 0.49249943820247916 0.509617465626428 0.49249943820247916 0.5209075339704958 0.48436656956186297 0.5209075339704958
0 0.48843300388217104 0.46403904157074705 0.496878675162811 0.46403904157074705 0.496878675162811 0.47574726059422473 0.48843300388217104 0.47574726059422473
0 0.5262821233250385 0.47323835651776525 0.5331637814055596 0.47323835651776525 0.5331637814055596 0.484110274182423 0.5262821233250385 0.484110274182423
0 0.5168980441243275 0.5158897258175767 0.5244053074848962 0.5158897258175767 0.5244053074848962 0.5271797941616445 0.5168980441243275 0.5271797941616445
0 0.5681976770882139 0.4560941786619586 0.5753921378087588 0.4560941786619586 0.5753921378087588 0.46654794564720653 0.5681976770882139 0.46654794564720653
0 0.5600648084475978 0.519234931252856 0.5688232823682612 0.519234931252856 0.5688232823682612 0.5301068489175139 0.5600648084475978 0.5301068489175139
0 0.604169980690939 0.5129626710617072 0.611364441411484 0.5129626710617072 0.611364441411484 0.523834588726365 0.604169980690939 0.523834588726365
0 0.6098004282113657 0.46696609632661645 0.6166820862918869 0.46696609632661645 0.6166820862918869 0.4774198633118643 0.6098004282113657 0.4774198633118643
