0 0.5006177139282226 0.5313173294067383 0.5083319783210754 0.5313173294067383 0.5083319783210754 0.5406302899122238 0.5006177139282226 0.5406302899122238
0 0.5167353439331055 0.6870880126953125 0.5247159272432328 0.6870880126953125 0.5247159272432328 0.6968926149606705 0.5167353439331055 0.6968926149606705
0 0.5401023864746094 0.22661352157592773 0.5478998643159868 0.22661352157592773 0.5478998643159868 0.23729653239250184 0.5401023864746094 0.23729653239250184
0 0.5480422973632812 0.8441774749755859 0.5561993026733398 0.8441774749755859 0.5561993026733398 0.8549342095851897 0.5480422973632812 0.8549342095851897
0 0.4692928695678711 0.8434507751464844 0.4769119733572006 0.8434507751464844 0.4769119733572006 0.8533330154418944 0.4692928695678711 0.8533330154418944
0 0.46951892852783206 0.3739475250244141 0.4770076525211335 0.3739475250244141 0.4770076525211335 0.3845758640766144 0.46951892852783206 0.3845758640766144
0 0.5217552566528321 0.3734833526611328 0.5303795480728151 0.3734833526611328 0.5303795480728151 0.3837777781486511 0.5217552566528321 0.3837777781486511
0 0.5782185745239258 0.8444976806640625 0.5868422150611878 0.8444976806640625 0.5868422150611878 0.8542803037166595 0.5782185745239258 0.8542803037166595
0 0.5790786361694336 0.7706509399414062 0.5871675688028334 0.7706509399414062 0.5871675688028334 0.7806346946954728 0.5790786361694336 0.7806346946954728
0 0.5074913024902343 0.2274649429321289 0.5153864246606827 0.2274649429321289 0.5153864246606827 0.23769544720649718 0.5074913024902343 0.23769544720649718
0 0.5621618270874024 0.5329962921142578 0.5706030130386354 0.5329962921142578 0.5706030130386354 0.543738716840744 0.5621618270874024 0.543738716840744
0 0.44625282287597656 0.3732525634765625 0.45410630881786346 0.3732525634765625 0.45410630881786346 0.3824798220396042 0.44625282287597656 0.3824798220396042
0 0.4376356506347656 0.2271055793762207 0.4460962945222855 0.2271055793762207 0.4460962945222855 0.23752063155174258 0.4376356506347656 0.23752063155174258
0 0.4534663772583008 0.14449365615844725 0.46163745880126955 0.14449365615844725 0.46163745880126955 0.15509533286094662 0.4534663772583008 0.15509533286094662
0 0.507290153503418 0.8449363708496094 0.5150187301635742 0.8449363708496094 0.5150187301635742 0.8547440564632416 0.507290153503418 0.8547440564632416
0 0.7739916229248047 0.7632792663574218 0.7826016014814379 0.7632792663574218 0.7826016014814379 0.7729955571889877 0.7739916229248047 0.7729955571889877
0 0.5698670196533203 0.47035434722900393 0.5783570569753647 0.47035434722900393 0.5783570569753647 0.4793473476171494 0.5698670196533203 0.4793473476171494
0 0.4984297943115234 0.37437458038330085 0.5055874675512313 0.37437458038330085 0.5055874675512313 0.38429235816001894 0.4984297943115234 0.38429235816001894
0 0.5481239700317383 0.6222933959960938 0.5561324095726013 0.6222933959960938 0.5561324095726013 0.6320616698265076 0.5481239700317383 0.6320616698265076
0 0.5800700378417969 0.6863082885742189 0.5872060054540634 0.6863082885742189 0.5872060054540634 0.6970371937751771 0.5800700378417969 0.6970371937751771
0 0.5845248031616211 0.6251511764526367 0.5925182795524597 0.6251511764526367 0.5925182795524597 0.6344437789916992 0.5845248031616211 0.6344437789916992
0 0.48512691497802735 0.7736898803710938 0.4930085527896881 0.7736898803710938 0.4930085527896881 0.7847760629653932 0.48512691497802735 0.7847760629653932
0 0.5290472793579102 0.46805931091308595 0.5370859408378602 0.46805931091308595 0.5370859408378602 0.4778376644849778 0.5290472793579102 0.4778376644849778
0 0.4621420669555664 0.4713972091674804 0.4694132941961288 0.4713972091674804 0.4694132941961288 0.48134763956069937 0.4621420669555664 0.48134763956069937
0 0.6017439651489258 0.7693755340576173 0.6094622510671617 0.7693755340576173 0.6094622510671617 0.778267217874527 0.6017439651489258 0.778267217874527
0 0.5376231384277343 0.30840415954589845 0.5450706696510315 0.30840415954589845 0.5450706696510315 0.31855785608291626 0.5376231384277343 0.31855785608291626
0 0.2177886962890625 0.7737429046630859 0.2253791159391403 0.7737429046630859 0.2253791159391403 0.7827575284242629 0.2177886962890625 0.7827575284242629
0 0.5445756149291993 0.6859148406982422 0.5517065554857254 0.6859148406982422 0.5517065554857254 0.6955355465412141 0.5445756149291993 0.6955355465412141
0 0.5247000503540039 0.14667696952819825 0.5323756945133209 0.14667696952819825 0.5323756945133209 0.15791881322860718 0.5247000503540039 0.15791881322860718
0 0.4667366027832031 0.30392955780029296 0.4743333506584167 0.30392955780029296 0.4743333506584167 0.3141863691806793 0.4667366027832031 0.3141863691806793
0 0.5284537506103516 0.5338146209716796 0.5371430987119675 0.5338146209716796 0.5371430987119675 0.5439876079559326 0.5284537506103516 0.5439876079559326
0 0.188818359375 0.7715133666992189 0.19613355875015256 0.7715133666992189 0.19613355875015256 0.7806945723295213 0.188818359375 0.7806945723295213
0 0.819775390625 0.8381254577636719 0.8278339236974717 0.8381254577636719 0.8278339236974717 0.847978840470314 0.819775390625 0.847978840470314
0 0.5126910018920898 0.30906085968017577 0.5202999329566956 0.30906085968017577 0.5202999329566956 0.3200368309020996 0.5126910018920898 0.3200368309020996
0 0.4360567855834961 0.47181396484374993 0.4436852043867111 0.47181396484374993 0.4436852043867111 0.4803955316543579 0.4360567855834961 0.4803955316543579
0 0.7696419525146484 0.8372159576416016 0.7783799749612808 0.8372159576416016 0.7783799749612808 0.8473579132556915 0.7696419525146484 0.8473579132556915
0 0.1274661636352539 0.8332688903808594 0.13540329158306122 0.8332688903808594 0.13540329158306122 0.8425674223899842 0.1274661636352539 0.8425674223899842
0 0.5104557037353515 0.7701374816894532 0.5184270018339157 0.7701374816894532 0.5184270018339157 0.7802395117282868 0.5104557037353515 0.7802395117282868
0 0.5677637481689453 0.22533172607421875 0.5754667162895202 0.22533172607421875 0.5754667162895202 0.23529905557632447 0.5677637481689453 0.23529905557632447
0 0.48580528259277345 0.30566850662231443 0.49315895438194274 0.30566850662231443 0.49315895438194274 0.3149205309152603 0.48580528259277345 0.3149205309152603
0 0.22486305236816406 0.8425186920166016 0.23241937637329102 0.8425186920166016 0.23241937637329102 0.8524391978979111 0.22486305236816406 0.8524391978979111
0 0.553070182800293 0.368457145690918 0.5615874260663987 0.368457145690918 0.5615874260663987 0.37846702933311466 0.553070182800293 0.37846702933311466
0 0.25895057678222655 0.7738770294189453 0.2675924926996231 0.7738770294189453 0.2675924926996231 0.7842251765727998 0.25895057678222655 0.7842251765727998
0 0.45630592346191406 0.7711022186279296 0.4640908926725388 0.7711022186279296 0.4640908926725388 0.7816623282432557 0.45630592346191406 0.7816623282432557
0 0.8030251312255859 0.7670394134521484 0.8115208464860916 0.7670394134521484 0.8115208464860916 0.7774524700641633 0.8030251312255859 0.7774524700641633
0 0.5186800384521484 0.6211005401611328 0.527898062467575 0.6211005401611328 0.527898062467575 0.6323401796817779 0.5186800384521484 0.6323401796817779
0 0.4859201049804687 0.14791582107543946 0.49410251259803767 0.14791582107543946 0.49410251259803767 0.158458913564682 0.4859201049804687 0.158458913564682
0 0.16302167892456054 0.8380933380126954 0.17012897729873655 0.8380933380126954 0.17012897729873655 0.8475021600723267 0.16302167892456054 0.8475021600723267
0 0.4795509338378906 0.5347767639160156 0.48673634469509125 0.5347767639160156 0.48673634469509125 0.5441232466697693 0.4795509338378906 0.5441232466697693
0 0.43626747131347654 0.8410295867919921 0.44354878187179564 0.8410295867919921 0.44354878187179564 0.850690456032753 0.43626747131347654 0.850690456032753
0 0.28435558319091797 0.8519887542724609 0.2928877007961273 0.8519887542724609 0.2928877007961273 0.8624516189098359 0.28435558319091797 0.8624516189098359
0 0.8479558563232422 0.8404322814941406 0.8538097900152206 0.8404322814941406 0.8538097900152206 0.8479753410816192 0.8479558563232422 0.8479753410816192
0 0.47324481964111326 0.2238944435119629 0.4817417174577712 0.2238944435119629 0.4817417174577712 0.23473458766937252 0.47324481964111326 0.23473458766937252
0 0.4876411437988281 0.6861007690429688 0.4953887939453125 0.6861007690429688 0.4953887939453125 0.6961205756664277 0.4876411437988281 0.6961205756664277
0 0.836544418334961 0.7740329742431642 0.8447865301370622 0.7740329742431642 0.8447865301370622 0.7832081711292267 0.836544418334961 0.7832081711292267
0 0.4979967880249024 0.4641500854492187 0.5055916434526443 0.4641500854492187 0.5055916434526443 0.4744716680049896 0.4979967880249024 0.4744716680049896
0 0.45045654296875 0.6178155899047851 0.4581105411052704 0.6178155899047851 0.4581105411052704 0.6276050519943237 0.45045654296875 0.6276050519943237
0 0.5641806030273437 0.30730964660644533 0.5727849042415619 0.30730964660644533 0.5727849042415619 0.31801517009735114 0.5641806030273437 0.31801517009735114
0 0.45595077514648436 0.683873291015625 0.4639015507698059 0.683873291015625 0.4639015507698059 0.6944316613674163 0.45595077514648436 0.6944316613674163
0 0.4871891784667969 0.6188588333129883 0.49596546590328217 0.6188588333129883 0.49596546590328217 0.6291409254074096 0.4871891784667969 0.6291409254074096
0 0.4503616714477539 0.5354957580566406 0.4585859221220016 0.5354957580566406 0.4585859221220016 0.5444701397418976 0.4503616714477539 0.5444701397418976
0 0.6060415649414063 0.15611727714538573 0.6143897783756256 0.15611727714538573 0.6143897783756256 0.16680256009101865 0.6060415649414063 0.16680256009101865
0 0.5812060928344727 0.36993171691894533 0.5900900202989579 0.36993171691894533 0.5900900202989579 0.38082242012023926 0.5812060928344727 0.38082242012023926
0 0.12365307321984777 0.7679707387145817 0.1300647140534695 0.7679707387145817 0.1300647140534695 0.7789905980896146 0.12365307321984777 0.7789905980896146
0 0.18181581506770209 0.8383753958328484 0.190975301972876 0.8383753958328484 0.190975301972876 0.8487830407981574 0.18181581506770209 0.8487830407981574
0 0.8795527471969629 0.7661340954854093 0.8891702084473957 0.7661340954854093 0.8891702084473957 0.7789905980896145 0.8795527471969629 0.7789905980896145
0 0.8960398236262761 0.8285799652772634 0.9056572848767087 0.8285799652772634 0.9056572848767087 0.8395998246522967 0.8960398236262761 0.8395998246522967
