0 0.5169108200073242 0.45710289001464843 0.5254509514570237 0.45710289001464843 0.5254509514570237 0.46749570608139035 0.5169108200073242 0.46749570608139035
0 0.8296837615966797 0.6155490875244141 0.8370800161361694 0.6155490875244141 0.8370800161361694 0.6249488967657089 0.8296837615966797 0.6249488967657089
0 0.7810116577148437 0.6787964630126954 0.7878668755292892 0.6787964630126954 0.7878668755292892 0.6866886568069458 0.7810116577148437 0.6866886568069458
0 0.8352824401855469 0.6782379150390625 0.843058922290802 0.6782379150390625 0.843058922290802 0.6869366109371184 0.8352824401855469 0.6869366109371184
0 0.8143520355224609 0.5193350601196289 0.8226495641469955 0.5193350601196289 0.8226495641469955 0.5305257606506348 0.8143520355224609 0.5305257606506348
0 0.5474148941040039 0.46035682678222656 0.5553724706172943 0.46035682678222656 0.5553724706172943 0.46926036953926087 0.5474148941040039 0.46926036953926087
0 0.5541889190673828 0.7288545227050781 0.5621757125854493 0.7288545227050781 0.5621757125854493 0.7384985518455506 0.5541889190673828 0.7384985518455506
0 0.7907870483398437 0.6166166305541992 0.7981505966186522 0.6166166305541992 0.7981505966186522 0.6272527575492859 0.7907870483398437 0.6272527575492859
0 0.7659597778320313 0.78356689453125 0.7740929490327837 0.78356689453125 0.7740929490327837 0.7929960358142852 0.7659597778320313 0.7929960358142852
0 0.5792823791503906 0.467392692565918 0.5872392463684081 0.467392692565918 0.5872392463684081 0.47746855378150943 0.5792823791503906 0.47746855378150943
0 0.7945318603515625 0.45476699829101563 0.8035278630256654 0.45476699829101563 0.8035278630256654 0.46599213004112244 0.7945318603515625 0.46599213004112244
0 0.5072042846679687 0.8342531585693359 0.5141227263212204 0.8342531585693359 0.5141227263212204 0.8435167455673218 0.5072042846679687 0.8435167455673218
0 0.46015541076660155 0.8260821533203125 0.4677063524723053 0.8260821533203125 0.4677063524723053 0.834570546746254 0.46015541076660155 0.834570546746254
0 0.4756351089477539 0.5194981002807617 0.4827631223201752 0.5194981002807617 0.4827631223201752 0.5298660516738891 0.4756351089477539 0.5298660516738891
0 0.580526008605957 0.5208612060546876 0.5882729196548463 0.5208612060546876 0.5882729196548463 0.5305762714147568 0.580526008605957 0.5305762714147568
0 0.5376889419555664 0.8245518493652343 0.5443939971923828 0.8245518493652343 0.5443939971923828 0.8338844567537307 0.5376889419555664 0.8338844567537307
0 0.5233675384521485 0.5236933898925781 0.5316733467578888 0.5236933898925781 0.5316733467578888 0.5339566648006439 0.5233675384521485 0.5339566648006439
0 0.5177225494384765 0.6788934326171875 0.525725547671318 0.6788934326171875 0.525725547671318 0.6898100292682647 0.5177225494384765 0.6898100292682647
0 0.4537320327758789 0.782335662841797 0.4610115396976472 0.782335662841797 0.4610115396976472 0.7914898294210434 0.4537320327758789 0.7914898294210434
0 0.5871380233764648 0.6885810089111328 0.5953140139579773 0.6885810089111328 0.5953140139579773 0.6993243026733399 0.5871380233764648 0.6993243026733399
0 0.5784167861938476 0.8241361236572265 0.5866491395235062 0.8241361236572265 0.5866491395235062 0.8340627962350844 0.5784167861938476 0.8340627962350844
0 0.7997936248779297 0.7819544982910157 0.8077825474739075 0.7819544982910157 0.8077825474739075 0.7919834756851197 0.7997936248779297 0.7919834756851197
0 0.5136248016357422 0.632036247253418 0.5211597454547883 0.632036247253418 0.5211597454547883 0.6425597512722016 0.5136248016357422 0.6425597512722016
0 0.8461778259277344 0.5206772232055664 0.8544964092969896 0.5206772232055664 0.8544964092969896 0.5312271738052369 0.8461778259277344 0.5312271738052369
0 0.9009076690673828 0.4688609313964844 0.9084129822254181 0.4688609313964844 0.9084129822254181 0.4780383026599884 0.9009076690673828 0.4780383026599884
0 0.5416485977172851 0.6285150527954102 0.5492505502700806 0.6285150527954102 0.5492505502700806 0.6386772882938385 0.5416485977172851 0.6386772882938385
0 0.8986550903320313 0.6167938995361328 0.9053298050165176 0.6167938995361328 0.9053298050165176 0.6248553234338761 0.8986550903320313 0.6248553234338761
0 0.7717069244384765 0.8483457946777344 0.7793029624223708 0.8483457946777344 0.7793029624223708 0.8578566056489944 0.7717069244384765 0.8578566056489944
0 0.5456017303466797 0.7711869812011719 0.5528734898567199 0.7711869812011719 0.5528734898567199 0.7798180794715881 0.5456017303466797 0.7798180794715881
0 0.8080471801757813 0.6148948669433594 0.8155699998140336 0.6148948669433594 0.8155699998140336 0.624865062236786 0.8080471801757813 0.624865062236786
0 0.913026123046875 0.7718614959716796 0.9196720355749131 0.7718614959716796 0.9196720355749131 0.7800679576396942 0.913026123046875 0.7800679576396942
0 0.9155682373046875 0.6786617279052736 0.922169497013092 0.6786617279052736 0.922169497013092 0.6870442581176759 0.9155682373046875 0.6870442581176759
0 0.45097038269042966 0.4598535537719727 0.4585393333435058 0.4598535537719727 0.4585393333435058 0.46938345789909364 0.45097038269042966 0.46938345789909364
0 0.4997766876220703 0.5169063186645508 0.5071209555864334 0.5169063186645508 0.5071209555864334 0.5272307074069977 0.4997766876220703 0.5272307074069977
0 0.5978484344482422 0.6289587783813476 0.6046035832166671 0.6289587783813476 0.6046035832166671 0.6375180101394653 0.5978484344482422 0.6375180101394653
0 0.7687737274169922 0.6788788604736328 0.7750712901353837 0.6788788604736328 0.7750712901353837 0.6877662748098374 0.7687737274169922 0.6877662748098374
0 0.8179869079589843 0.8387722778320312 0.8253903186321258 0.8387722778320312 0.8253903186321258 0.8482310670614241 0.8179869079589843 0.8482310670614241
0 0.9089866638183594 0.5237170028686523 0.9161631441116332 0.5237170028686523 0.9161631441116332 0.5332712978124619 0.9089866638183594 0.5332712978124619
0 0.8095561981201171 0.6813285064697266 0.8173791074752808 0.6813285064697266 0.8173791074752808 0.691093024611473 0.8095561981201171 0.691093024611473
0 0.4886838150024414 0.4605674743652344 0.495907284617424 0.4605674743652344 0.495907284617424 0.4700508511066437 0.4886838150024414 0.4700508511066437
0 0.4892226028442383 0.7793015289306641 0.4967507749795914 0.7793015289306641 0.4967507749795914 0.7879172897338867 0.4892226028442383 0.7879172897338867
0 0.8490215301513672 0.6099589157104492 0.8551119160652161 0.6099589157104492 0.8551119160652161 0.6185146689414979 0.8490215301513672 0.6185146689414979
0 0.5481704711914063 0.5148917007446289 0.5562826466560366 0.5148917007446289 0.5562826466560366 0.5251973521709442 0.5481704711914063 0.5251973521709442
0 0.7761337280273437 0.514554557800293 0.7846321636438369 0.514554557800293 0.7846321636438369 0.5247127997875214 0.7761337280273437 0.5247127997875214
0 0.8908314514160156 0.6572891998291016 0.8978304451704026 0.6572891998291016 0.8978304451704026 0.6656779366731643 0.8908314514160156 0.6656779366731643
0 0.9171565246582031 0.8224596405029296 0.924438633918762 0.8224596405029296 0.924438633918762 0.831396546959877 0.9171565246582031 0.831396546959877
0 0.8507251739501953 0.7775503540039063 0.8573047280311585 0.7775503540039063 0.8573047280311585 0.7858608597517014 0.8507251739501953 0.7858608597517014
0 0.4368149948120117 0.8282942199707031 0.4455508583784103 0.8282942199707031 0.4455508583784103 0.837666357755661 0.4368149948120117 0.837666357755661
0 0.8343025207519531 0.4717585754394531 0.8422373276948929 0.4717585754394531 0.8422373276948929 0.48123610198497774 0.8343025207519531 0.48123610198497774
0 0.4441225051879883 0.6186948013305664 0.4518121659755707 0.6186948013305664 0.4518121659755707 0.6279845577478409 0.4441225051879883 0.6279845577478409
0 0.48115909576416016 0.6296146392822266 0.4893796503543854 0.6296146392822266 0.4893796503543854 0.6388096016645433 0.48115909576416016 0.6388096016645433
0 0.8835990905761719 0.5146607208251953 0.8908162611722946 0.5146607208251953 0.8908162611722946 0.5237346798181534 0.8835990905761719 0.5237346798181534
0 0.6037026977539063 0.5165293502807617 0.611073875427246 0.5165293502807617 0.611073875427246 0.5267213916778565 0.6037026977539063 0.5267213916778565
0 0.4480112075805664 0.5187657928466797 0.45551507174968714 0.5187657928466797 0.45551507174968714 0.5275425612926483 0.4480112075805664 0.5275425612926483
0 0.8787804412841796 0.7765193176269531 0.8843986326456069 0.7765193176269531 0.8843986326456069 0.7839502686262131 0.8787804412841796 0.7839502686262131
0 0.5528811264038086 0.8281938934326172 0.5603906387090682 0.8281938934326172 0.5603906387090682 0.839146225452423 0.5528811264038086 0.839146225452423
0 0.4829753875732422 0.8300544738769531 0.4904734265804291 0.8300544738769531 0.4904734265804291 0.8397853118181228 0.4829753875732422 0.8397853118181228
0 0.6156498375798088 0.46002897655520597 0.6270045734126691 0.46002897655520597 0.6270045734126691 0.47470188389569995 0.6156498375798088 0.47470188389569995
0 0.4759865868356281 0.6619079430675197 0.48847679625177437 0.6619079430675197 0.48847679625177437 0.6725331518313258 0.4759865868356281 0.6725331518313258
0 0.4775005516133428 0.6811345113067877 0.48582735789077364 0.6811345113067877 0.48582735789077364 0.6937835693589376 0.4775005516133428 0.6937835693589376
0 0.8531454165616746 0.8233099238129536 0.8641216612001061 0.8233099238129536 0.8641216612001061 0.8359589818651033 0.8531454165616746 0.8359589818651033
0 0.7615505475099356 0.6259846181994138 0.7687418802040803 0.6259846181994138 0.7687418802040803 0.6396456008957357 0.7615505475099356 0.6396456008957357
0 0.860715240450248 0.6669675662883797 0.870177520310965 0.6669675662883797 0.870177520310965 0.6786046996963576 0.860715240450248 0.6786046996963576
0 0.8750979058385379 0.6863013985399298 0.88304622092154 0.6863013985399298 0.88304622092154 0.7009743058804238 0.8750979058385379 0.7009743058804238
0 0.8747194146441092 0.6174905227362338 0.8834247121159684 0.6174905227362338 0.8834247121159684 0.6291276561442118 0.8747194146441092 0.6291276561442118
0 0.92013835797555 0.6073712762945139 0.9288436554474092 0.6073712762945139 0.9288436554474092 0.6200203343466638 0.92013835797555 0.6200203343466638
0 0.8743409234496802 0.4586183536012301 0.8845601856992544 0.4586183536012301 0.8845601856992544 0.4692435623650361 0.8743409234496802 0.4692435623650361
