0 0.48639907836914065 0.3319327926635742 0.4927579420804978 0.3319327926635742 0.4927579420804978 0.3417037147283555 0.48639907836914065 0.3417037147283555
0 0.15867359161376954 0.3232827377319336 0.16505890667438508 0.3232827377319336 0.16505890667438508 0.3320077210664749 0.15867359161376954 0.3320077210664749
0 0.8365827178955079 0.6977183532714845 0.8443942123651506 0.6977183532714845 0.8443942123651506 0.7069711881875992 0.8365827178955079 0.7069711881875992
0 0.5163629150390625 0.4812738800048828 0.5241939860582352 0.4812738800048828 0.5241939860582352 0.49061810970306396 0.5163629150390625 0.49061810970306396
0 0.4906648254394531 0.6996588134765624 0.4982537072896957 0.6996588134765624 0.4982537072896957 0.7081697392463684 0.4906648254394531 0.7081697392463684
0 0.21162988662719726 0.69709228515625 0.2178205782175064 0.69709228515625 0.2178205782175064 0.7054140967130661 0.21162988662719726 0.7054140967130661
0 0.49230178833007815 0.48069473266601564 0.4999909168481827 0.48069473266601564 0.4999909168481827 0.48913924694061284 0.49230178833007815 0.48913924694061284
0 0.8753769683837891 0.5427176666259765 0.8815593212842942 0.5427176666259765 0.8815593212842942 0.5502469700574875 0.8753769683837891 0.5502469700574875
0 0.4914428329467773 0.3747753143310547 0.49751775324344627 0.3747753143310547 0.49751775324344627 0.38330501675605777 0.4914428329467773 0.38330501675605777
0 0.5077214431762695 0.6447895812988281 0.5148495453596115 0.6447895812988281 0.5148495453596115 0.6534103620052337 0.5077214431762695 0.6534103620052337
0 0.4680952453613281 0.5332395172119141 0.47419065833091734 0.5332395172119141 0.47419065833091734 0.5422982174158096 0.4680952453613281 0.5422982174158096
0 0.8386267852783204 0.5407901000976563 0.8448642587661743 0.5407901000976563 0.8448642587661743 0.5490771645307541 0.8386267852783204 0.5490771645307541
0 0.8761024475097656 0.48936660766601564 0.8823001182079315 0.48936660766601564 0.8823001182079315 0.49720899283885955 0.8761024475097656 0.49720899283885955
0 0.5327266693115235 0.6897254180908203 0.5402978676557542 0.6897254180908203 0.5402978676557542 0.6998799443244934 0.5327266693115235 0.6998799443244934
0 0.1953023147583008 0.3243589401245117 0.2011553317308426 0.3243589401245117 0.2011553317308426 0.3322230672836304 0.1953023147583008 0.3322230672836304
0 0.20406946182250976 0.6454674530029297 0.2099981665611267 0.6454674530029297 0.2099981665611267 0.6541882860660554 0.20406946182250976 0.6541882860660554
0 0.4473249435424805 0.33142417907714844 0.45451195120811466 0.33142417907714844 0.45451195120811466 0.3404011106491089 0.4473249435424805 0.3404011106491089
0 0.13933405876159669 0.3248599624633789 0.1467386817932129 0.3248599624633789 0.1467386817932129 0.3334784507751465 0.13933405876159669 0.3334784507751465
0 0.861030044555664 0.6895370483398438 0.8677128028869628 0.6895370483398438 0.8677128028869628 0.6985012310743332 0.861030044555664 0.6985012310743332
0 0.8196202850341797 0.6331609725952149 0.8260189813375474 0.6331609725952149 0.8260189813375474 0.6424133330583572 0.8196202850341797 0.6424133330583572
0 0.7951372528076172 0.6896735382080078 0.8017929828166962 0.6896735382080078 0.8017929828166962 0.6977401405572892 0.7951372528076172 0.6977401405572892
0 0.21946683883666993 0.5390673446655273 0.22708582401275634 0.5390673446655273 0.22708582401275634 0.5481610691547394 0.21946683883666993 0.5481610691547394
0 0.14124813079833984 0.37735595703125 0.14779024779796598 0.37735595703125 0.14779024779796598 0.38499555051326756 0.14124813079833984 0.38499555051326756
0 0.7988428497314453 0.6333235931396485 0.8063279956579208 0.6333235931396485 0.8063279956579208 0.6421499329805375 0.7988428497314453 0.6421499329805375
0 0.4529498291015625 0.481971435546875 0.45996828079223634 0.481971435546875 0.45996828079223634 0.4914243346452713 0.4529498291015625 0.4914243346452713
0 0.7991572570800781 0.4927011489868164 0.8054743957519531 0.4927011489868164 0.8054743957519531 0.5011442005634308 0.7991572570800781 0.5011442005634308
0 0.8620043182373047 0.4880166244506836 0.868360550403595 0.4880166244506836 0.868360550403595 0.49649470031261445 0.8620043182373047 0.49649470031261445
0 0.20915227890014648 0.480615119934082 0.2161485517024994 0.480615119934082 0.2161485517024994 0.48930025637149815 0.20915227890014648 0.48930025637149815
0 0.7958477020263672 0.3830010986328125 0.8022681039571763 0.3830010986328125 0.8022681039571763 0.39140560805797575 0.7958477020263672 0.39140560805797575
0 0.5533562850952148 0.6990636444091797 0.559742916226387 0.6990636444091797 0.559742916226387 0.7077171170711516 0.5533562850952148 0.7077171170711516
0 0.1399066638946533 0.47213737487792967 0.14684953093528746 0.47213737487792967 0.14684953093528746 0.4810511958599091 0.1399066638946533 0.4810511958599091
0 0.861903076171875 0.3853682708740234 0.8675477635860442 0.3853682708740234 0.8675477635860442 0.39231224536895754 0.861903076171875 0.39231224536895754
0 0.1941388702392578 0.6970854187011719 0.1999760669469833 0.6970854187011719 0.1999760669469833 0.7053701508045197 0.1941388702392578 0.7053701508045197
0 0.5228017044067382 0.32629005432128905 0.5301850068569182 0.32629005432128905 0.5301850068569182 0.3341651111841202 0.5228017044067382 0.3341651111841202
0 0.47655517578125 0.4877027893066406 0.4838951855897904 0.4877027893066406 0.4838951855897904 0.4963754737377167 0.47655517578125 0.4963754737377167
0 0.85486572265625 0.5432443237304687 0.8616754597425462 0.5432443237304687 0.8616754597425462 0.5517544984817504 0.85486572265625 0.5517544984817504
0 0.22843212127685547 0.6493333435058594 0.23518095672130587 0.6493333435058594 0.23518095672130587 0.6577926820516586 0.22843212127685547 0.6577926820516586
0 0.17480735778808593 0.482192268371582 0.18132763624191284 0.482192268371582 0.18132763624191284 0.489981642961502 0.17480735778808593 0.489981642961502
0 0.5454465866088867 0.4726709747314453 0.5530627334117889 0.4726709747314453 0.5530627334117889 0.48197761058807376 0.5454465866088867 0.48197761058807376
0 0.15948357582092285 0.6356233978271484 0.1665915250778198 0.6356233978271484 0.1665915250778198 0.6446506714820861 0.15948357582092285 0.6446506714820861
0 0.5350062942504883 0.5268232727050781 0.542055144906044 0.5268232727050781 0.542055144906044 0.5356091332435607 0.5350062942504883 0.5356091332435607
0 0.7974419403076172 0.3288054275512695 0.8051005512475968 0.3288054275512695 0.8051005512475968 0.3390568041801452 0.7974419403076172 0.3390568041801452
0 0.5111170959472656 0.6982945251464844 0.5185197377204895 0.6982945251464844 0.5185197377204895 0.7076478463411332 0.5111170959472656 0.7076478463411332
0 0.466414680480957 0.37381107330322266 0.4733128356933594 0.37381107330322266 0.4733128356933594 0.38309948563575746 0.466414680480957 0.38309948563575746
0 0.19201967239379883 0.4833642959594727 0.1985465604066849 0.4833642959594727 0.1985465604066849 0.4924832010269165 0.19201967239379883 0.4924832010269165
0 0.7804970550537109 0.633629035949707 0.7867071455717086 0.633629035949707 0.7867071455717086 0.641632665991783 0.7804970550537109 0.641632665991783
0 0.14660940170288086 0.5437747573852539 0.15336670935153962 0.5437747573852539 0.15336670935153962 0.5520364034175873 0.14660940170288086 0.5520364034175873
0 0.2297688102722168 0.6970338439941406 0.23720588803291318 0.6970338439941406 0.23720588803291318 0.7062053251266479 0.2297688102722168 0.7062053251266479
0 0.8818855285644531 0.33690189361572265 0.8884709972143173 0.33690189361572265 0.8884709972143173 0.3448216795921325 0.8818855285644531 0.3448216795921325
0 0.17823150634765625 0.3808844757080078 0.18476738393306733 0.3808844757080078 0.18476738393306733 0.38987036049366 0.17823150634765625 0.38987036049366
0 0.8816481781005859 0.3857874298095703 0.8874704116582871 0.3857874298095703 0.8874704116582871 0.3930936622619629 0.8816481781005859 0.3930936622619629
0 0.8186279296875 0.3818258285522461 0.8244328343868255 0.3818258285522461 0.8244328343868255 0.38942391514778135 0.8186279296875 0.38942391514778135
0 0.8617959594726563 0.6296131134033203 0.8684424042701722 0.6296131134033203 0.8684424042701722 0.6386679792404175 0.8617959594726563 0.6386679792404175
0 0.774478759765625 0.6851001739501952 0.7812972503900528 0.6851001739501952 0.7812972503900528 0.6939684557914734 0.774478759765625 0.6939684557914734
0 0.1605818748474121 0.4833797836303711 0.1667192792892456 0.4833797836303711 0.1667192792892456 0.4919430083036423 0.1605818748474121 0.4919430083036423
0 0.5482695007324219 0.6400450134277343 0.556279182434082 0.6400450134277343 0.556279182434082 0.6488748317956924 0.5482695007324219 0.6488748317956924
0 0.4472113800048828 0.3894267272949219 0.4535061627626419 0.3894267272949219 0.4535061627626419 0.3982890796661377 0.4472113800048828 0.3982890796661377
0 0.165938720703125 0.5355440521240235 0.17265285432338712 0.5355440521240235 0.17265285432338712 0.5433174562454224 0.165938720703125 0.5433174562454224
0 0.8643115997314453 0.3339906311035156 0.8715507125854494 0.3339906311035156 0.8715507125854494 0.34394821643829343 0.8643115997314453 0.34394821643829343
0 0.8109686279296875 0.6922970581054687 0.8175649785995482 0.6922970581054687 0.8175649785995482 0.7009113955497742 0.8109686279296875 0.7009113955497742
0 0.17190038681030273 0.6961923217773438 0.17764220118522644 0.6961923217773438 0.17764220118522644 0.7043131601810456 0.17190038681030273 0.7043131601810456
0 0.4484834671020508 0.5305631637573243 0.4556245803833008 0.5305631637573243 0.4556245803833008 0.5390821141004563 0.4484834671020508 0.5390821141004563
0 0.19371803283691405 0.376524772644043 0.1998202621936798 0.376524772644043 0.1998202621936798 0.3845296674966812 0.19371803283691405 0.3845296674966812
0 0.21415069580078125 0.3186639404296875 0.22190180599689485 0.3186639404296875 0.22190180599689485 0.3290313386917114 0.21415069580078125 0.3290313386917114
0 0.8019922637939453 0.5493723678588868 0.8086716508865356 0.5493723678588868 0.8086716508865356 0.5579885238409042 0.8019922637939453 0.5579885238409042
0 0.46593364715576174 0.6893743133544922 0.4730746424198151 0.6893743133544922 0.4730746424198151 0.6991176432371139 0.46593364715576174 0.6991176432371139
0 0.5032952880859375 0.5404157257080078 0.5108772504329682 0.5404157257080078 0.5108772504329682 0.5502643251419067 0.5032952880859375 0.5502643251419067
0 0.469641227722168 0.6421901702880859 0.47823538601398474 0.6421901702880859 0.47823538601398474 0.652024894952774 0.469641227722168 0.652024894952774
0 0.5280977630615235 0.6445423126220703 0.5355109322071075 0.6445423126220703 0.5355109322071075 0.655655415058136 0.5280977630615235 0.655655415058136
0 0.15504335403442382 0.6926085662841798 0.16260695219039917 0.6926085662841798 0.16260695219039917 0.7022742581367493 0.15504335403442382 0.7022742581367493
0 0.49180915832519534 0.6418421173095703 0.4986414879560471 0.6418421173095703 0.4986414879560471 0.6518749690055847 0.49180915832519534 0.6518749690055847
0 0.8392990875244141 0.3367926788330078 0.8470969200134277 0.3367926788330078 0.8470969200134277 0.34631380736827844 0.8392990875244141 0.34631380736827844
0 0.8208849334716797 0.49563892364501955 0.8279931634664535 0.49563892364501955 0.8279931634664535 0.5056601929664611 0.8208849334716797 0.5056601929664611
0 0.8394183349609375 0.49261066436767575 0.8471453738212585 0.49261066436767575 0.8471453738212585 0.5015166580677032 0.8394183349609375 0.5015166580677032
0 0.8394019317626953 0.6342198181152344 0.8470315629243851 0.6342198181152344 0.8470315629243851 0.6438172799348831 0.8394019317626953 0.6438172799348831
0 0.5085099029541016 0.368892707824707 0.5151185554265977 0.368892707824707 0.5151185554265977 0.37911324977874755 0.5085099029541016 0.37911324977874755
0 0.8173632049560546 0.3345186996459961 0.8236012107133864 0.3345186996459961 0.8236012107133864 0.34415569245815286 0.8173632049560546 0.34415569245815286
0 0.1827741813659668 0.6398427963256836 0.19084417343139648 0.6398427963256836 0.19084417343139648 0.6501095104217529 0.1827741813659668 0.6501095104217529
0 0.46785449981689453 0.3293982696533203 0.474662315249443 0.3293982696533203 0.474662315249443 0.3384190994501114 0.46785449981689453 0.3384190994501114
0 0.8179714965820313 0.542426528930664 0.8246501147747041 0.542426528930664 0.8246501147747041 0.5503699541091918 0.8179714965820313 0.5503699541091918
0 0.1752261734008789 0.3287067031860352 0.18275764286518098 0.3287067031860352 0.18275764286518098 0.3394271683692932 0.1752261734008789 0.3394271683692932
0 0.21571720123291016 0.37079227447509766 0.2233230572938919 0.37079227447509766 0.2233230572938919 0.38073428452014924 0.21571720123291016 0.38073428452014924
0 0.5023977661132812 0.33013545989990234 0.5093502146005631 0.33013545989990234 0.5093502146005631 0.3385727798938751 0.5023977661132812 0.3385727798938751
0 0.15404591613247026 0.37907500502144614 0.15934479285447173 0.37907500502144614 0.15934479285447173 0.38767636449690823 0.15404591613247026 0.38767636449690823
0 0.1839467204923355 0.5369352495122779 0.19227352676976628 0.5369352495122779 0.19227352676976628 0.5445246843435678 0.1839467204923355 0.5445246843435678
0 0.1983293858806251 0.5354173625460199 0.20703468335248462 0.5354173625460199 0.20703468335248462 0.5450306466656539 0.1983293858806251 0.5450306466656539
0 0.21536148962991544 0.6452111864386816 0.22217433112963159 0.6452111864386816 0.22217433112963159 0.6588721691350037 0.21536148962991544 0.6588721691350037
0 0.48901062320184663 0.5323815886135039 0.4946879911182768 0.5323815886135039 0.4946879911182768 0.5455366089877399 0.48901062320184663 0.5455366089877399
0 0.5287521986168574 0.3649080600030382 0.5332940929500015 0.3649080600030382 0.5332940929500015 0.37907500502144614 0.5287521986168574 0.37907500502144614
0 0.8387627511733851 0.38919425146316616 0.8474680486452447 0.38919425146316616 0.8474680486452447 0.3972896486165421 0.8387627511733851 0.3972896486165421
