0 0.15389889889165909 0.16437963173351178 0.16140616225222781 0.16437963173351178 0.16140616225222781 0.17107004260407044 0.15389889889165909 0.17107004260407044
0 0.18830718929426576 0.16437963173351178 0.19362483417466864 0.16437963173351178 0.19362483417466864 0.1752515493981696 0.18830718929426576 0.1752515493981696
0 0.21771063745649336 0.16981559056584067 0.22271547969687253 0.16981559056584067 0.22271547969687253 0.17817860415403902 0.21771063745649336 0.17817860415403902
0 0.24148363809829435 0.16228887833646222 0.24742688825874462 0.16228887833646222 0.24742688825874462 0.17190634396289023 0.24148363809829435 0.17190634396289023
0 0.27213829682061663 0.16228887833646222 0.2780815469810669 0.16228887833646222 0.2780815469810669 0.16939743988643075 0.27213829682061663 0.16939743988643075
0 0.1542117015316828 0.21832106937739104 0.15921654377206196 0.21832106937739104 0.15921654377206196 0.22668408296558928 0.1542117015316828 0.22668408296558928
0 0.1757950836933179 0.21790291869798115 0.18267674177383922 0.21790291869798115 0.18267674177383922 0.22877483636263896 0.1757950836933179 0.22877483636263896
0 0.20707534769568758 0.21664846665975138 0.21239299257609046 0.21664846665975138 0.21239299257609046 0.22459332956853972 0.20707534769568758 0.22459332956853972
0 0.234601980017773 0.2149758639421117 0.24148363809829432 0.2149758639421117 0.24148363809829432 0.22124812413326042 0.234601980017773 0.22124812413326042
0 0.26463103346004796 0.21288511054506212 0.2721382968206167 0.21288511054506212 0.2721382968206167 0.2220844254920803 0.26463103346004796 0.2220844254920803
0 0.14388921441090077 0.3144957256416719 0.15077087249142213 0.3144957256416719 0.15077087249142213 0.3253676433063297 0.14388921441090077 0.3253676433063297
0 0.17767189953346008 0.30905976680934294 0.18392795233393402 0.30905976680934294 0.18392795233393402 0.318677232435771 0.17767189953346008 0.318677232435771
0 0.20207050545530852 0.30780531477111317 0.2095777688158772 0.30780531477111317 0.2095777688158772 0.31407757496226196 0.20207050545530852 0.31407757496226196
0 0.23147395361753603 0.30613271205347353 0.23804280905803366 0.30613271205347353 0.23804280905803366 0.31909538311518093 0.23147395361753603 0.31909538311518093
0 0.2549341516193133 0.30655086273288346 0.26431823082002426 0.30655086273288346 0.26431823082002426 0.3153320270004917 0.2549341516193133 0.3153320270004917
0 0.1388843721705216 0.3722005194002403 0.14576603025104296 0.3722005194002403 0.14576603025104296 0.3809816836678486 0.1388843721705216 0.3809816836678486
0 0.17172864937300983 0.3655101085296817 0.18017432065364966 0.3655101085296817 0.18017432065364966 0.3759638755149296 0.17172864937300983 0.3759638755149296
0 0.1964400579348819 0.3655101085296817 0.20394732129545068 0.3655101085296817 0.20394732129545068 0.3759638755149296 0.1964400579348819 0.3759638755149296
0 0.22427949289699098 0.36174675241499243 0.23116115097751233 0.36174675241499243 0.23116115097751233 0.37094606736201063 0.22427949289699098 0.37094606736201063
0 0.2496165067389105 0.3571470949414833 0.2571237700994793 0.3571470949414833 0.2571237700994793 0.36718271124732127 0.2496165067389105 0.36718271124732127
0 0.15859093849201455 0.469211477023341 0.16672380713263069 0.469211477023341 0.16672380713263069 0.4775744906115393 0.15859093849201455 0.4775744906115393
0 0.17954871537360226 0.4721385317792104 0.1876815840142184 0.4721385317792104 0.1876815840142184 0.4805015453674086 0.17954871537360226 0.4805015453674086
0 0.20613693977561653 0.4629392168321922 0.21051617673594833 0.4629392168321922 0.21051617673594833 0.47464743585566993 0.20613693977561653 0.47464743585566993
0 0.22302828233689617 0.4595940113969129 0.22928433513737012 0.4595940113969129 0.22928433513737012 0.4713022304203906 0.22302828233689617 0.4713022304203906
0 0.25149332257905266 0.44788579237343523 0.258374980659574 0.44788579237343523 0.258374980659574 0.4600121620763228 0.25149332257905266 0.4600121620763228
0 0.16953903089284394 0.5252436680642697 0.1745438731332231 0.5252436680642697 0.1745438731332231 0.5344429830112879 0.16953903089284394 0.5344429830112879
0 0.18705597873417099 0.52398921602604 0.19456324209473974 0.52398921602604 0.19456324209473974 0.5327703802936481 0.18705597873417099 0.5327703802936481
0 0.21145458465601938 0.5206440105907607 0.21739783481646965 0.5206440105907607 0.21739783481646965 0.5277525721407293 0.21145458465601938 0.5277525721407293
0 0.2349147826577967 0.5227347639878103 0.2424220460183654 0.5227347639878103 0.2424220460183654 0.5331885309730582 0.2349147826577967 0.5331885309730582
0 0.255246954259337 0.519389558552531 0.26087740177976354 0.519389558552531 0.26087740177976354 0.5294251748583689 0.255246954259337 0.5294251748583689
0 0.14388921441090077 0.6240825392104847 0.15077087249142213 0.6240825392104847 0.15077087249142213 0.6345363061957328 0.14388921441090077 0.6345363061957328
0 0.1679750176927255 0.6261732926075343 0.17360546521315198 0.6261732926075343 0.17360546521315198 0.6387178129898319 0.1679750176927255 0.6387178129898319
0 0.18580476817407626 0.6211554844546153 0.19237362361457386 0.6211554844546153 0.19237362361457386 0.6332818541575028 0.18580476817407626 0.6332818541575028
0 0.14889405665127994 0.6658976071514765 0.15577571473180127 0.6658976071514765 0.15577571473180127 0.6763513741367243 0.14889405665127994 0.6763513741367243
0 0.17923591273357858 0.6704972646249857 0.18361514969391035 0.6704972646249857 0.18361514969391035 0.6792784288925939 0.17923591273357858 0.6792784288925939
0 0.20832655825578242 0.6684065112279359 0.21489541369628004 0.6684065112279359 0.21489541369628004 0.6809510316102335 0.20832655825578242 0.6809510316102335
0 0.2320995588975834 0.6738424700602649 0.2389812169781048 0.6738424700602649 0.2389812169781048 0.6842962370455127 0.2320995588975834 0.6842962370455127
0 0.22490509817703838 0.6253369912487146 0.23335076945767821 0.6253369912487146 0.23335076945767821 0.6362089089133723 0.22490509817703838 0.6362089089133723
0 0.25337013841919487 0.6274277446457641 0.2605645991397399 0.6274277446457641 0.2605645991397399 0.6387178129898319 0.25337013841919487 0.6387178129898319
0 0.2586877832995977 0.6696609632661656 0.2671334545802375 0.6696609632661656 0.2671334545802375 0.6813691822896434 0.2586877832995977 0.6813691822896434
0 0.15733972793191975 0.7767075371951043 0.1648469912924885 0.7767075371951043 0.1648469912924885 0.7854887014627127 0.15733972793191975 0.7854887014627127
0 0.17798470217348378 0.7733623317598249 0.18549196553405253 0.7733623317598249 0.18549196553405253 0.783816098745073 0.17798470217348378 0.783816098745073
0 0.21145458465601938 0.7695989756451358 0.21802344009651706 0.7695989756451358 0.21802344009651706 0.7792164412715638 0.21145458465601938 0.7792164412715638
0 0.23741720377798628 0.773780482439235 0.24273484865838912 0.773780482439235 0.24273484865838912 0.7842342494244828 0.23741720377798628 0.7842342494244828
0 0.27432791530078254 0.7700171263245457 0.28152237602132757 0.7700171263245457 0.28152237602132757 0.7792164412715638 0.27432791530078254 0.7792164412715638
0 0.15515010945175386 0.828558221441934 0.16109335961220414 0.828558221441934 0.16109335961220414 0.8365030843507225 0.15515010945175386 0.8365030843507225
0 0.17829750481350748 0.8323215775566233 0.18517916289402883 0.8323215775566233 0.18517916289402883 0.8398482897860018 0.17829750481350748 0.8398482897860018
0 0.20832655825578242 0.8231222626096052 0.21333140049616156 0.8231222626096052 0.21333140049616156 0.8319034268772134 0.20832655825578242 0.8319034268772134
0 0.23366357209770194 0.8189407558155058 0.24304765129841283 0.8189407558155058 0.24304765129841283 0.8273037694037042 0.23366357209770194 0.8273037694037042
0 0.2699486783404508 0.8247948653272448 0.2771431390609958 0.8247948653272448 0.2771431390609958 0.8319034268772134 0.2699486783404508 0.8319034268772134
0 0.12824908240971591 0.9180424668356563 0.13700755633037945 0.9180424668356563 0.13700755633037945 0.9251510283856248 0.12824908240971591 0.9251510283856248
0 0.16203176753227522 0.9121883573239172 0.16828782033274917 0.9121883573239172 0.16828782033274917 0.9192969188738859 0.16203176753227522 0.9192969188738859
0 0.17923591273357858 0.9151154120797869 0.1864303734541236 0.9151154120797869 0.1864303734541236 0.9226421243091654 0.17923591273357858 0.9226421243091654
0 0.20207050545530852 0.9197150695532958 0.2089521635358298 0.9197150695532958 0.2089521635358298 0.9280780831414943 0.20207050545530852 0.9280780831414943
0 0.23679159849793888 0.9226421243091653 0.24429886185850763 0.9226421243091653 0.24429886185850763 0.9310051378973636 0.23679159849793888 0.9310051378973636
0 0.14670443817111406 0.9657116442883865 0.15296049097158798 0.9657116442883865 0.15296049097158798 0.9753291099148147 0.14670443817111406 0.9753291099148147
0 0.16891342561279657 0.9665479456472065 0.1751694784132705 0.9665479456472065 0.1751694784132705 0.9753291099148149 0.16891342561279657 0.9753291099148149
0 0.1980040711350004 0.9673842470060264 0.20269611073535584 0.9673842470060264 0.20269611073535584 0.9770017126324545 0.1980040711350004 0.9770017126324545
0 0.2145826110562564 0.969056849723666 0.22396669025696728 0.969056849723666 0.22396669025696728 0.9770017126324545 0.2145826110562564 0.9770017126324545
0 0.23835561169805738 0.9732383565177652 0.24492446713855498 0.9732383565177652 0.24492446713855498 0.9820195207853734 0.23835561169805738 0.9820195207853734
0 0.2618158096998347 0.9761654112736344 0.2690102704203796 0.9761654112736344 0.2690102704203796 0.9853647262206525 0.2618158096998347 0.9853647262206525
0 0.28152237602132757 0.9820195207853734 0.29028084994199116 0.9820195207853734 0.29028084994199116 0.9903825343735717 0.28152237602132757 0.9903825343735717
