0 0.16603622436523438 0.21730497360229492 0.1735583931207657 0.21730497360229492 0.1735583931207657 0.22719426989555358 0.16603622436523438 0.22719426989555358
0 0.5324811935424805 0.1554226016998291 0.5400932002067566 0.1554226016998291 0.5400932002067566 0.16532750248908995 0.5324811935424805 0.16532750248908995
0 0.4761532211303711 0.3202603149414063 0.48390755414962777 0.3202603149414063 0.48390755414962777 0.33060421228408815 0.4761532211303711 0.33060421228408815
0 0.16223548889160155 0.3216861724853516 0.16935532569885253 0.3216861724853516 0.16935532569885253 0.3314370328187943 0.16223548889160155 0.3314370328187943
0 0.5230458068847657 0.5223978424072265 0.5299863678216935 0.5223978424072265 0.5299863678216935 0.5317857533693313 0.5230458068847657 0.5317857533693313
0 0.5247439956665039 0.6786659240722657 0.5317241817712782 0.6786659240722657 0.5317241817712782 0.6875160217285157 0.5247439956665039 0.6875160217285157
0 0.5395323181152344 0.6265057373046875 0.5481413507461549 0.6265057373046875 0.5481413507461549 0.6361086148023606 0.5395323181152344 0.6361086148023606
0 0.19718273162841796 0.8345614624023437 0.20409892559051512 0.8345614624023437 0.20409892559051512 0.8431922447681427 0.19718273162841796 0.8431922447681427
0 0.49792121887207025 0.6263388061523437 0.5064462095499038 0.6263388061523437 0.5064462095499038 0.6360436725616454 0.49792121887207025 0.6360436725616454
0 0.508861312866211 0.2058594512939453 0.51606440782547 0.2058594512939453 0.51606440782547 0.2140028613805771 0.508861312866211 0.2140028613805771
0 0.1417146873474121 0.21851245880126954 0.14949709832668304 0.21851245880126954 0.14949709832668304 0.22711266398429872 0.1417146873474121 0.22711266398429872
0 0.4777178192138672 0.47144500732421873 0.48576535165309903 0.47144500732421873 0.48576535165309903 0.4806682336330414 0.4777178192138672 0.4806682336330414
0 0.5476926803588867 0.783122329711914 0.5552762985229492 0.783122329711914 0.5552762985229492 0.7918070316314696 0.5476926803588867 0.7918070316314696
0 0.4858359146118164 0.20736570358276368 0.49321342110633853 0.20736570358276368 0.49321342110633853 0.21602558016777038 0.4858359146118164 0.21602558016777038
0 0.5552255249023438 0.31257097244262694 0.5635627377033234 0.31257097244262694 0.5635627377033234 0.3230036354064941 0.5552255249023438 0.3230036354064941
0 0.45451961517333983 0.06312813758850097 0.4618791127204895 0.06312813758850097 0.4618791127204895 0.07126591920852661 0.45451961517333983 0.07126591920852661
0 0.23348068237304687 0.21881393432617188 0.24061143100261687 0.21881393432617188 0.24061143100261687 0.22814956605434417 0.23348068237304687 0.22814956605434417
0 0.13954852104187013 0.3210076904296875 0.14614794731140138 0.3210076904296875 0.14614794731140138 0.3304048907756805 0.13954852104187013 0.3304048907756805
0 0.49210357666015625 0.15777070045471192 0.4983269149065018 0.15777070045471192 0.4983269149065018 0.16753829240798954 0.49210357666015625 0.16753829240798954
0 0.1633615493774414 0.3729007339477539 0.1698632127046585 0.3729007339477539 0.1698632127046585 0.3820958143472672 0.1633615493774414 0.3820958143472672
0 0.5027667236328125 0.7809629821777344 0.5107863998413086 0.7809629821777344 0.5107863998413086 0.7911390924453735 0.5027667236328125 0.7911390924453735
0 0.4749081802368164 0.06287193298339844 0.48173388600349426 0.06287193298339844 0.48173388600349426 0.07107054769992828 0.4749081802368164 0.07107054769992828
0 0.5293781661987305 0.7824293518066406 0.5358731466531753 0.7824293518066406 0.5358731466531753 0.7924682915210725 0.5293781661987305 0.7924682915210725
0 0.49501556396484375 0.4702398300170899 0.5022904872894287 0.4702398300170899 0.5022904872894287 0.47910044252872475 0.49501556396484375 0.47910044252872475
0 0.20827896118164063 0.6246041488647461 0.2162205106019974 0.6246041488647461 0.2162205106019974 0.6345531558990478 0.20827896118164063 0.6345531558990478
0 0.2489069366455078 0.8364437866210938 0.25607561051845545 0.8364437866210938 0.25607561051845545 0.8457051599025727 0.2489069366455078 0.8457051599025727
0 0.2478748893737793 0.16440143585205078 0.25500433683395385 0.16440143585205078 0.25500433683395385 0.17503952026367187 0.2478748893737793 0.17503952026367187
0 0.21822059631347657 0.021241078376770018 0.22507909655570985 0.021241078376770018 0.22507909655570985 0.02871649920940399 0.21822059631347657 0.02871649920940399
0 0.22021612167358398 0.32493640899658205 0.22749193191528322 0.32493640899658205 0.22749193191528322 0.3346977645158768 0.22021612167358398 0.3346977645158768
0 0.49799812316894526 0.6860951995849609 0.5058801156282424 0.6860951995849609 0.5058801156282424 0.6946740388870238 0.49799812316894526 0.6946740388870238
0 0.15923288345336914 0.5313111114501953 0.1663920497894287 0.5313111114501953 0.1663920497894287 0.541726895570755 0.15923288345336914 0.541726895570755
0 0.4716130447387695 0.6276239013671875 0.4792022520303726 0.6276239013671875 0.4792022520303726 0.6370986604690552 0.4716130447387695 0.6370986604690552
0 0.5496682357788086 0.5220895767211914 0.5576072418689728 0.5220895767211914 0.5576072418689728 0.5315906238555909 0.5496682357788086 0.5315906238555909
0 0.17233604431152344 0.7784903717041015 0.17979305267333986 0.7784903717041015 0.17979305267333986 0.7882232654094695 0.17233604431152344 0.7882232654094695
0 0.20389278411865233 0.22546388626098632 0.21178836464881895 0.22546388626098632 0.21178836464881895 0.23493068039417267 0.20389278411865233 0.23493068039417267
0 0.18585325241088868 0.3727311325073242 0.19334292232990266 0.3727311325073242 0.19334292232990266 0.3810906958580017 0.18585325241088868 0.3810906958580017
0 0.45098228454589845 0.47012638092041015 0.45816263914108285 0.47012638092041015 0.45816263914108285 0.4802200698852539 0.45098228454589845 0.4802200698852539
0 0.47901138305664065 0.7792236328125 0.4865353852510453 0.7792236328125 0.4865353852510453 0.7886175918579101 0.47901138305664065 0.7886175918579101
0 0.17821443557739258 0.831963882446289 0.18472090423107146 0.831963882446289 0.18472090423107146 0.8405318903923035 0.17821443557739258 0.8405318903923035
0 0.13443515777587892 0.7743746185302735 0.1407465445995331 0.7743746185302735 0.1407465445995331 0.7827097123861313 0.13443515777587892 0.7827097123861313
0 0.23996795654296876 0.6245098114013672 0.24705019354820254 0.6245098114013672 0.24705019354820254 0.634284805059433 0.23996795654296876 0.634284805059433
0 0.5557175064086914 0.8322323608398438 0.5632665854692459 0.8322323608398438 0.5632665854692459 0.8406098312139512 0.5557175064086914 0.8406098312139512
0 0.47097755432128907 0.010128998756408691 0.47817778050899507 0.010128998756408691 0.47817778050899507 0.01860322952270508 0.47097755432128907 0.01860322952270508
0 0.45400978088378907 0.837995376586914 0.46090914905071256 0.837995376586914 0.46090914905071256 0.84701537668705 0.45400978088378907 0.84701537668705
0 0.5030755996704102 0.5204115676879882 0.510721435546875 0.5204115676879882 0.510721435546875 0.5310655629634857 0.5030755996704102 0.5310655629634857
0 0.5431363677978516 0.46705718994140627 0.5517182540893556 0.46705718994140627 0.5517182540893556 0.4766963964700699 0.5431363677978516 0.4766963964700699
0 0.17122268676757812 0.16204809188842773 0.17798951625823975 0.16204809188842773 0.17798951625823975 0.17205669164657592 0.17122268676757812 0.17205669164657592
0 0.5186967086791993 0.4670608139038086 0.527337441444397 0.4670608139038086 0.527337441444397 0.4769825452566147 0.5186967086791993 0.4769825452566147
0 0.4511360931396484 0.6803782653808593 0.458146412372589 0.6803782653808593 0.458146412372589 0.6904357838630676 0.4511360931396484 0.6904357838630676
0 0.5056616973876953 0.36183460235595705 0.5126709818840026 0.36183460235595705 0.5126709818840026 0.37121484398841853 0.5056616973876953 0.37121484398841853
0 0.18473052978515625 0.6695899200439454 0.19224086999893186 0.6695899200439454 0.19224086999893186 0.6789879107475281 0.18473052978515625 0.6789879107475281
0 0.15493432998657228 0.47206039428710944 0.1616665017604828 0.47206039428710944 0.1616665017604828 0.4805125772953034 0.15493432998657228 0.4805125772953034
0 0.5317962265014649 0.827864990234375 0.5387175065279007 0.827864990234375 0.5387175065279007 0.8374564439058303 0.5317962265014649 0.8374564439058303
0 0.21039451599121095 0.3681409835815429 0.21721266627311708 0.3681409835815429 0.21721266627311708 0.37771998465061185 0.21039451599121095 0.37771998465061185
0 0.5497596740722657 0.35667938232421875 0.5574528241157531 0.35667938232421875 0.5574528241157531 0.36599558472633364 0.5497596740722657 0.36599558472633364
0 0.21799415588378906 0.07603776931762696 0.2255465912818909 0.07603776931762696 0.2255465912818909 0.08487580060958863 0.21799415588378906 0.08487580060958863
0 0.23218896865844726 0.37162811279296876 0.23942049622535708 0.37162811279296876 0.23942049622535708 0.38148038864135747 0.23218896865844726 0.38148038864135747
0 0.4716962432861328 0.1530253219604492 0.47867406368255616 0.1530253219604492 0.47867406368255616 0.16239161908626554 0.4716962432861328 0.16239161908626554
0 0.1708845901489258 0.07598305702209472 0.17793837964534762 0.07598305702209472 0.17793837964534762 0.08497010827064515 0.1708845901489258 0.08497010827064515
0 0.22190700531005858 0.1668418312072754 0.22934613823890684 0.1668418312072754 0.22934613823890684 0.17719988107681275 0.22190700531005858 0.17719988107681275
0 0.21298017501831054 0.6736440277099609 0.22055836677551266 0.6736440277099609 0.22055836677551266 0.6841374099254609 0.21298017501831054 0.6841374099254609
0 0.4796181869506836 0.8365052032470702 0.48655330657958984 0.8365052032470702 0.48655330657958984 0.8456271922588349 0.4796181869506836 0.8456271922588349
0 0.46804798126220704 0.2148029899597168 0.4744543367624283 0.2148029899597168 0.4744543367624283 0.2243944036960602 0.46804798126220704 0.2243944036960602
0 0.4558894348144531 0.6287469100952149 0.46231921076774596 0.6287469100952149 0.46231921076774596 0.6373984456062317 0.4558894348144531 0.6373984456062317
0 0.13133001327514648 0.4730267333984375 0.1393678170442581 0.4730267333984375 0.1393678170442581 0.4822822165489197 0.13133001327514648 0.4822822165489197
0 0.4824201583862305 0.36744606018066406 0.49015192866325386 0.36744606018066406 0.49015192866325386 0.37667667865753174 0.4824201583862305 0.37667667865753174
0 0.5200891494750977 0.6286112594604493 0.5272843784093857 0.6286112594604493 0.5272843784093857 0.6381072068214416 0.5200891494750977 0.6381072068214416
0 0.15726801872253418 0.6190132522583007 0.16354783833026884 0.6190132522583007 0.16354783833026884 0.6281704628467559 0.15726801872253418 0.6281704628467559
0 0.1658402442932129 0.023952960968017578 0.17245331764221192 0.023952960968017578 0.17245331764221192 0.032005863785743716 0.1658402442932129 0.032005863785743716
0 0.18483518600463866 0.31847688674926755 0.1927325558662414 0.31847688674926755 0.1927325558662414 0.3284764927625656 0.18483518600463866 0.3284764927625656
0 0.15462270736694336 0.6593053436279297 0.16159177482128143 0.6593053436279297 0.16159177482128143 0.6682514214515686 0.15462270736694336 0.6682514214515686
0 0.23468700408935547 0.6712753295898437 0.24224629998207092 0.6712753295898437 0.24224629998207092 0.6799037396907806 0.23468700408935547 0.6799037396907806
0 0.44837364196777346 0.21579448699951173 0.4557339674234391 0.21579448699951173 0.4557339674234391 0.22565951168537143 0.44837364196777346 0.22565951168537143
0 0.5416844177246094 0.011498600244522095 0.5494799435138703 0.011498600244522095 0.5494799435138703 0.019496188759803773 0.5416844177246094 0.019496188759803773
0 0.1515057373046875 0.7797209167480469 0.15844001412391664 0.7797209167480469 0.15844001412391664 0.7895341366529465 0.1515057373046875 0.7895341366529465
0 0.1576565170288086 0.8282311248779296 0.1641219264268875 0.8282311248779296 0.1641219264268875 0.8373650521039961 0.1576565170288086 0.8373650521039961
0 0.14000875473022462 0.3687591552734375 0.14678442597389224 0.3687591552734375 0.14678442597389224 0.37824889659881594 0.14000875473022462 0.37824889659881594
0 0.22278839111328125 0.7796699523925781 0.23015961349010466 0.7796699523925781 0.23015961349010466 0.7888183474540711 0.22278839111328125 0.7888183474540711
0 0.44839900970458985 0.3199443244934082 0.4566536599397659 0.3199443244934082 0.4566536599397659 0.3299725306034088 0.44839900970458985 0.3299725306034088
0 0.14596572875976563 0.07584120273590088 0.1532497751712799 0.07584120273590088 0.1532497751712799 0.08522234439849853 0.14596572875976563 0.08522234439849853
0 0.22959821701049804 0.5274282836914063 0.23849676728248598 0.5274282836914063 0.23849676728248598 0.5383057045936583 0.22959821701049804 0.5383057045936583
0 0.5267182540893555 0.2045261001586914 0.5343502509593965 0.2045261001586914 0.5343502509593965 0.21416722357273102 0.5267182540893555 0.21416722357273102
0 0.22388526916503906 0.4745366287231445 0.2328256183862686 0.4745366287231445 0.2328256183862686 0.4849683034420013 0.22388526916503906 0.4849683034420013
0 0.19430849075317383 0.026336774826049805 0.200931396484375 0.026336774826049805 0.200931396484375 0.0357904988527298 0.19430849075317383 0.0357904988527298
0 0.2096077346801758 0.8386766052246094 0.21663717210292818 0.8386766052246094 0.21663717210292818 0.8468849641084671 0.2096077346801758 0.8468849641084671
0 0.49853958129882814 0.05534013748168945 0.5059212273359299 0.05534013748168945 0.5059212273359299 0.0640879452228546 0.49853958129882814 0.0640879452228546
0 0.14526619911193847 0.023200793266296385 0.15088542580604553 0.023200793266296385 0.15088542580604553 0.031093043684959406 0.14526619911193847 0.031093043684959406
0 0.5111244964599609 0.1557518482208252 0.5184425050020217 0.1557518482208252 0.5184425050020217 0.16596063017845153 0.5111244964599609 0.16596063017845153
0 0.1948628044128418 0.15996825218200683 0.20262016892433168 0.15996825218200683 0.20262016892433168 0.17023108243942262 0.1948628044128418 0.17023108243942262
0 0.5276777267456054 0.3093090438842773 0.5356631594896316 0.3093090438842773 0.5356631594896316 0.31964195251464844 0.5276777267456054 0.31964195251464844
0 0.5033734893798828 0.31154813766479494 0.5114074784517288 0.31154813766479494 0.5114074784517288 0.3220672941207886 0.5033734893798828 0.3220672941207886
0 0.5188526916503906 0.0074517720937728885 0.5260892021656036 0.0074517720937728885 0.5260892021656036 0.01768844664096832 0.5188526916503906 0.01768844664096832
0 0.19740432739257813 0.47321231842041017 0.2051742595434189 0.47321231842041017 0.2051742595434189 0.4833275520801544 0.19740432739257813 0.4833275520801544
0 0.14003246307373046 0.16112115859985351 0.1480381816625595 0.16112115859985351 0.1480381816625595 0.17147781372070312 0.14003246307373046 0.17147781372070312
0 0.45263908386230467 0.004943430125713348 0.4597854310274124 0.004943430125713348 0.4597854310274124 0.01512433737516403 0.45263908386230467 0.01512433737516403
0 0.5446482849121094 0.05500835418701172 0.5515350258350372 0.05500835418701172 0.5515350258350372 0.06392227411270142 0.5446482849121094 0.06392227411270142
0 0.45570587158203124 0.7862394714355468 0.462950809597969 0.7862394714355468 0.462950809597969 0.7968459904193879 0.45570587158203124 0.7968459904193879
0 0.5423229598999023 0.6806181335449218 0.5498157352209092 0.6806181335449218 0.5498157352209092 0.6902729147672654 0.5423229598999023 0.6902729147672654
0 0.13797137260437012 0.6751605987548828 0.14500793635845183 0.6751605987548828 0.14500793635845183 0.6849613267183303 0.13797137260437012 0.6849613267183303
0 0.473276252746582 0.5223820495605469 0.48066481888294216 0.5223820495605469 0.48066481888294216 0.5324183797836304 0.473276252746582 0.5324183797836304
0 0.19386892318725585 0.07822595596313477 0.20079540789127348 0.07822595596313477 0.20079540789127348 0.08792426049709319 0.19386892318725585 0.08792426049709319
0 0.47557003021240235 0.682208023071289 0.48386531114578246 0.682208023071289 0.48386531114578246 0.6926385521888734 0.47557003021240235 0.6926385521888734
0 0.5015525054931641 0.8283692169189453 0.5089450931549073 0.8283692169189453 0.5089450931549073 0.8391028654575349 0.5015525054931641 0.8391028654575349
0 0.20083728790283203 0.7759047698974609 0.20835277378559114 0.7759047698974609 0.20835277378559114 0.7856548988819122 0.20083728790283203 0.7856548988819122
0 0.26274456024169923 0.22422069549560547 0.2704526442289353 0.22422069549560547 0.2704526442289353 0.23471749663352967 0.26274456024169923 0.23471749663352967
0 0.18155847549438475 0.5255755996704101 0.18847052931785582 0.5255755996704101 0.18847052931785582 0.5363664102554321 0.18155847549438475 0.5363664102554321
0 0.17523731231689454 0.4721693420410156 0.1828988361358643 0.4721693420410156 0.1828988361358643 0.4808858263492584 0.17523731231689454 0.4808858263492584
0 0.44943229675292967 0.15714788436889648 0.4574641567468643 0.15714788436889648 0.4574641567468643 0.16773921370506287 0.44943229675292967 0.16773921370506287
0 0.25333845138549804 0.323868522644043 0.26156885266304014 0.323868522644043 0.26156885266304014 0.3345522248744965 0.25333845138549804 0.3345522248744965
0 0.2025771141052246 0.5256980514526367 0.21036183178424836 0.5256980514526367 0.21036183178424836 0.5364037132263183 0.2025771141052246 0.5364037132263183
0 0.5281837463378907 0.3555281448364258 0.5355781674385072 0.3555281448364258 0.5355781674385072 0.36552680253982545 0.5281837463378907 0.36552680253982545
0 0.24998861312866213 0.02165961742401123 0.2564872014522553 0.02165961742401123 0.2564872014522553 0.02919392108917236 0.24998861312866213 0.02919392108917236
0 0.13628768920898438 0.824582290649414 0.1434106308221817 0.824582290649414 0.1434106308221817 0.8332309406995774 0.13628768920898438 0.8332309406995774
0 0.45621543884277344 0.37037910461425777 0.4641913795471192 0.37037910461425777 0.4641913795471192 0.3806513929367065 0.45621543884277344 0.3806513929367065
0 0.1350208568572998 0.5255831909179688 0.14260960578918455 0.5255831909179688 0.14260960578918455 0.5350991410017014 0.1350208568572998 0.5350991410017014
0 0.13268296241760255 0.6197805023193359 0.14011590003967286 0.6197805023193359 0.14011590003967286 0.6294461548328398 0.13268296241760255 0.6294461548328398
0 0.4498470687866211 0.5237806701660156 0.45736994743347176 0.5237806701660156 0.45736994743347176 0.5334277826547622 0.4498470687866211 0.5334277826547622
0 0.24660158157348633 0.07260082721710205 0.2542063134908676 0.07260082721710205 0.2542063134908676 0.08228783071041107 0.24660158157348633 0.08228783071041107
0 0.17344862377982573 0.6214878274656421 0.18453160293508616 0.6214878274656421 0.18453160293508616 0.6311179601306016 0.17344862377982573 0.6311179601306016
0 0.4954091682401412 0.013334029843790007 0.5015048067755346 0.013334029843790007 0.5015048067755346 0.02296416250874946 0.4954091682401412 0.02296416250874946
0 0.519237573423951 0.054076898810926144 0.5269956588326334 0.054076898810926144 0.5269956588326334 0.06592936978318394 0.519237573423951 0.06592936978318394
