0 0.16469541549682618 0.21718486785888672 0.1723122274875641 0.21718486785888672 0.1723122274875641 0.22699666440486907 0.16469541549682618 0.22699666440486907
0 0.1406607723236084 0.21779253005981444 0.14812529206275943 0.21779253005981444 0.14812529206275943 0.2265165650844574 0.1406607723236084 0.2265165650844574
0 0.15681559562683106 0.5311342239379883 0.16387552082538606 0.5311342239379883 0.16387552082538606 0.5407014453411102 0.15681559562683106 0.5407014453411102
0 0.2209004592895508 0.16692714691162108 0.22808084309101107 0.16692714691162108 0.22808084309101107 0.17694260478019713 0.2209004592895508 0.17694260478019713
0 0.16495885848999023 0.019915268421173096 0.17203691124916073 0.019915268421173096 0.17203691124916073 0.028647940754890442 0.16495885848999023 0.028647940754890442
0 0.13386234283447265 0.8244966125488281 0.1407680833339691 0.8244966125488281 0.1407680833339691 0.8329186737537384 0.13386234283447265 0.8329186737537384
0 0.2195255661010742 0.7795625305175782 0.2269004702568054 0.7795625305175782 0.2269004702568054 0.7897905838489533 0.2195255661010742 0.7897905838489533
0 0.21730724334716797 0.07351830005645751 0.22470194518566133 0.07351830005645751 0.22470194518566133 0.08204499840736389 0.21730724334716797 0.08204499840736389
0 0.17391386032104492 0.4712290954589844 0.18149110615253447 0.4712290954589844 0.18149110615253447 0.4802201986312866 0.17391386032104492 0.4802201986312866
0 0.21876373291015624 0.32475521087646486 0.22635873615741728 0.32475521087646486 0.22635873615741728 0.3348045265674591 0.21876373291015624 0.3348045265674591
0 0.14831716537475587 0.7805207824707031 0.15456877410411837 0.7805207824707031 0.15456877410411837 0.7896328884363174 0.14831716537475587 0.7896328884363174
0 0.1940015983581543 0.8357005310058594 0.20072553455829623 0.8357005310058594 0.20072553455829623 0.8434020292758942 0.1940015983581543 0.8434020292758942
0 0.16999322891235352 0.07302566051483154 0.17694694876670838 0.07302566051483154 0.17694694876670838 0.08177835941314697 0.16999322891235352 0.08177835941314697
0 0.20298608779907226 0.2251470184326172 0.21089621722698212 0.2251470184326172 0.21089621722698212 0.23533186435699463 0.20298608779907226 0.23533186435699463
0 0.23250484466552734 0.21872819900512697 0.23949569165706636 0.21872819900512697 0.23949569165706636 0.22853465914726256 0.23250484466552734 0.22853465914726256
0 0.20591306686401367 0.6240685272216797 0.21407076716423035 0.6240685272216797 0.21407076716423035 0.6344773530960084 0.20591306686401367 0.6344773530960084
0 0.1823361587524414 0.6696628570556642 0.1899215066432953 0.6696628570556642 0.1899215066432953 0.6786056935787201 0.1823361587524414 0.6786056935787201
0 0.2273945426940918 0.5280962753295898 0.23641052067279816 0.5280962753295898 0.23641052067279816 0.5379306834936142 0.2273945426940918 0.5379306834936142
0 0.16196050643920898 0.372476921081543 0.16875770568847653 0.372476921081543 0.16875770568847653 0.38206066608428957 0.16196050643920898 0.38206066608428957
0 0.13197559356689453 0.7739311218261717 0.13816452562808992 0.7739311218261717 0.13816452562808992 0.7824478191137313 0.13197559356689453 0.7824478191137313
0 0.1385666847229004 0.3206188201904297 0.14518256723880768 0.3206188201904297 0.14518256723880768 0.3301987898349762 0.1385666847229004 0.3301987898349762
0 0.16966405868530274 0.7782537078857422 0.1770513379573822 0.7782537078857422 0.1770513379573822 0.7884816026687622 0.16966405868530274 0.7884816026687622
0 0.2526200485229492 0.3251944351196289 0.2597721326351166 0.3251944351196289 0.2597721326351166 0.33479476332664493 0.2526200485229492 0.33479476332664493
0 0.19563051223754882 0.47294639587402343 0.20308114826679227 0.47294639587402343 0.20308114826679227 0.4827868914604187 0.19563051223754882 0.4827868914604187
0 0.18441360473632812 0.3721673202514648 0.19253607094287872 0.3721673202514648 0.19253607094287872 0.38106505215167996 0.18441360473632812 0.38106505215167996
0 0.19338031768798827 0.07560028076171875 0.2001491433382034 0.07560028076171875 0.2001491433382034 0.08436232388019561 0.19338031768798827 0.08436232388019561
0 0.21008289337158204 0.673010482788086 0.21789653182029722 0.673010482788086 0.21789653182029722 0.6837714076042176 0.21008289337158204 0.6837714076042176
0 0.23743825912475586 0.6242422866821289 0.24547887206077573 0.6242422866821289 0.24547887206077573 0.6350010764598847 0.23743825912475586 0.6350010764598847
0 0.13310261726379394 0.525330924987793 0.14009305000305175 0.525330924987793 0.14009305000305175 0.5340049141645432 0.13310261726379394 0.5340049141645432
0 0.21721532821655273 0.018533217906951904 0.22419450879096986 0.018533217906951904 0.22419450879096986 0.02587155163288116 0.21721532821655273 0.02587155163288116
0 0.19433496475219728 0.023964743614196777 0.20071232557296753 0.023964743614196777 0.20071232557296753 0.03188900351524353 0.19433496475219728 0.03188900351524353
0 0.19415220260620117 0.15985340118408203 0.2015602856874466 0.15985340118408203 0.2015602856874466 0.1700045371055603 0.19415220260620117 0.1700045371055603
0 0.13502567291259765 0.6741702270507813 0.14227071464061736 0.6741702270507813 0.14227071464061736 0.6842504358291626 0.13502567291259765 0.6842504358291626
0 0.17505056381225587 0.8318299865722656 0.182465655207634 0.8318299865722656 0.182465655207634 0.8412537515163421 0.17505056381225587 0.8412537515163421
0 0.16109203338623046 0.32100696563720704 0.16846267879009244 0.32100696563720704 0.16846267879009244 0.33131803274154664 0.16109203338623046 0.33131803274154664
0 0.2467753028869629 0.16432626724243163 0.25441389381885526 0.16432626724243163 0.25441389381885526 0.17568872809410094 0.2467753028869629 0.17568872809410094
0 0.15503079414367676 0.6189614868164063 0.16113349676132202 0.6189614868164063 0.16113349676132202 0.6278895783424377 0.15503079414367676 0.6278895783424377
0 0.23243270874023436 0.6712104797363281 0.23993108749389647 0.6712104797363281 0.23993108749389647 0.6802677172422409 0.23243270874023436 0.6802677172422409
0 0.22981435775756837 0.3714013671875 0.2376069563627243 0.3714013671875 0.2376069563627243 0.38257854819297793 0.22981435775756837 0.38257854819297793
0 0.24528106689453125 0.8369403076171875 0.25351951181888577 0.8369403076171875 0.25351951181888577 0.8469658064842226 0.24528106689453125 0.8469658064842226
0 0.20714345932006836 0.8381055450439453 0.21333227336406707 0.8381055450439453 0.21333227336406707 0.8465952032804489 0.20714345932006836 0.8465952032804489
0 0.24552072525024415 0.07074329853057862 0.2528598481416703 0.07074329853057862 0.2528598481416703 0.07947274446487428 0.24552072525024415 0.07947274446487428
0 0.17027278900146484 0.1615962028503418 0.1770392632484436 0.1615962028503418 0.1770392632484436 0.1718537950515747 0.17027278900146484 0.1718537950515747
0 0.1302968692779541 0.4725652694702148 0.13752187609672548 0.4725652694702148 0.13752187609672548 0.4813461887836456 0.1302968692779541 0.4813461887836456
0 0.14525108337402343 0.0721989107131958 0.15276339054107665 0.0721989107131958 0.15276339054107665 0.08255321502685546 0.14525108337402343 0.08255321502685546
0 0.14396900177001953 0.01965451121330261 0.15045488893985748 0.01965451121330261 0.15045488893985748 0.027730291485786436 0.14396900177001953 0.027730291485786436
0 0.1392788600921631 0.16101785659790038 0.14671593785285947 0.16101785659790038 0.14671593785285947 0.17143470764160154 0.1392788600921631 0.17143470764160154
0 0.17999608993530272 0.5255286026000977 0.18698946475982664 0.5255286026000977 0.18698946475982664 0.5360241985321045 0.17999608993530272 0.5360241985321045
0 0.138806095123291 0.3686460876464844 0.14543747305870056 0.3686460876464844 0.14543747305870056 0.37784832358360293 0.138806095123291 0.37784832358360293
0 0.19800338745117188 0.7761322021484374 0.20578226506710054 0.7761322021484374 0.20578226506710054 0.7857200980186462 0.19800338745117188 0.7857200980186462
0 0.20105390548706054 0.5255197525024414 0.20819144070148468 0.5255197525024414 0.20819144070148468 0.53571044921875 0.20105390548706054 0.53571044921875
0 0.15476034164428712 0.8283997344970703 0.16148069977760318 0.8283997344970703 0.16148069977760318 0.8383096462488174 0.15476034164428712 0.8383096462488174
0 0.1518244743347168 0.6581725311279297 0.15930896937847136 0.6581725311279297 0.15930896937847136 0.6674310582876205 0.1518244743347168 0.6674310582876205
0 0.15184279441833495 0.4708118057250977 0.1594816666841507 0.4708118057250977 0.1594816666841507 0.4799506342411041 0.15184279441833495 0.4799506342411041
0 0.18352384567260743 0.31809154510498044 0.19231210947036742 0.31809154510498044 0.19231210947036742 0.32838770985603327 0.18352384567260743 0.32838770985603327
0 0.20879953384399413 0.36806449890136717 0.21553787112236023 0.36806449890136717 0.21553787112236023 0.37767840564250943 0.20879953384399413 0.37767840564250943
0 0.24911066055297848 0.018755666017532348 0.255834966301918 0.018755666017532348 0.255834966301918 0.026774932742118836 0.24911066055297848 0.026774932742118836
0 0.2611346626281738 0.224168758392334 0.26930450201034545 0.224168758392334 0.26930450201034545 0.23528478622436524 0.2611346626281738 0.23528478622436524
0 0.17357582092285156 0.619666748046875 0.1811781579256058 0.619666748046875 0.1811781579256058 0.6293824458122254 0.17357582092285156 0.6293824458122254
0 0.1304388427734375 0.6195752716064453 0.13783375144004822 0.6195752716064453 0.13783375144004822 0.6292316734790803 0.1304388427734375 0.6292316734790803
0 0.2216617965698242 0.47304702758789063 0.23117949604988097 0.47304702758789063 0.23117949604988097 0.48496011018753055 0.2216617965698242 0.48496011018753055
