0 0.7653681945800781 0.8348207092285156 0.7733002811670303 0.8348207092285156 0.7733002811670303 0.8435379052162171 0.7653681945800781 0.8435379052162171
0 0.49019134521484375 0.6351153564453125 0.49873647391796117 0.6351153564453125 0.49873647391796117 0.6453067648410796 0.49019134521484375 0.6453067648410796
0 0.5938439178466797 0.6368123245239258 0.6023526442050934 0.6368123245239258 0.6023526442050934 0.6462789404392242 0.5938439178466797 0.6462789404392242
0 0.583860206604004 0.32024177551269534 0.5917005628347397 0.32024177551269534 0.5917005628347397 0.33119564890861514 0.583860206604004 0.33119564890861514
0 0.797447738647461 0.8343124389648438 0.805036502480507 0.8343124389648438 0.805036502480507 0.8435169672966003 0.797447738647461 0.8435169672966003
0 0.5609141159057617 0.6898690032958984 0.569032974243164 0.6898690032958984 0.569032974243164 0.6999091279506683 0.5609141159057617 0.6999091279506683
0 0.5373314666748047 0.47008697509765623 0.5456167525053024 0.47008697509765623 0.5456167525053024 0.4788405787944794 0.5373314666748047 0.4788405787944794
0 0.4850266265869141 0.6894781494140625 0.4938304746150971 0.6894781494140625 0.4938304746150971 0.6995866620540618 0.4850266265869141 0.6995866620540618
0 0.5940277481079101 0.5303897094726563 0.6024741381406784 0.5303897094726563 0.6024741381406784 0.540300806760788 0.5940277481079101 0.540300806760788
0 0.5238727188110351 0.8353949737548828 0.5318425971269607 0.8353949737548828 0.5318425971269607 0.8450215303897858 0.5238727188110351 0.8450215303897858
0 0.5167462158203125 0.5319143676757813 0.5244664531946183 0.5319143676757813 0.5244664531946183 0.5415587919950484 0.5167462158203125 0.5415587919950484
0 0.5611088562011719 0.6369634628295898 0.5696249163150787 0.6369634628295898 0.5696249163150787 0.6461056911945343 0.5611088562011719 0.6461056911945343
0 0.4632261276245117 0.8361617279052734 0.471059238910675 0.8361617279052734 0.471059238910675 0.8457164967060089 0.4632261276245117 0.8457164967060089
0 0.553056755065918 0.5350099563598633 0.5614550626277925 0.5350099563598633 0.5614550626277925 0.5450198400020599 0.553056755065918 0.5450198400020599
0 0.20998039245605468 0.8325160217285156 0.21610339581966398 0.8325160217285156 0.21610339581966398 0.8407309424877166 0.20998039245605468 0.8407309424877166
0 0.49490081787109375 0.3819867706298828 0.5021439814567565 0.3819867706298828 0.5021439814567565 0.3921574258804321 0.49490081787109375 0.3921574258804321
0 0.5678570175170898 0.37751399993896484 0.5761002528667449 0.37751399993896484 0.5761002528667449 0.38709742844104766 0.5678570175170898 0.38709742844104766
0 0.5532958221435547 0.8351271057128906 0.560914807319641 0.8351271057128906 0.560914807319641 0.8447672605514527 0.5532958221435547 0.8447672605514527
0 0.5255516815185547 0.6395368576049805 0.5344738149642944 0.6395368576049805 0.5344738149642944 0.6501056241989136 0.5255516815185547 0.6501056241989136
0 0.5499679183959961 0.3198344612121582 0.5576087868213654 0.3198344612121582 0.5576087868213654 0.32948898553848266 0.5499679183959961 0.32948898553848266
0 0.45044971466064454 0.6867734527587891 0.45823169708251954 0.6867734527587891 0.45823169708251954 0.6968467831611633 0.45044971466064454 0.6968467831611633
0 0.24738428115844727 0.7831050109863281 0.2546237927675247 0.7831050109863281 0.2546237927675247 0.7928571164608 0.24738428115844727 0.7928571164608
0 0.5997997665405274 0.6907230377197264 0.6071125113964081 0.6907230377197264 0.6071125113964081 0.6997433537244795 0.5997997665405274 0.6997433537244795
0 0.5859409713745117 0.8327903747558594 0.5932643622159959 0.8327903747558594 0.5932643622159959 0.8414239239692688 0.5859409713745117 0.8414239239692688
0 0.5753786468505859 0.4670086288452148 0.582838065624237 0.4670086288452148 0.582838065624237 0.47751509547233584 0.5753786468505859 0.47751509547233584
0 0.4788246154785156 0.5246279525756836 0.48732710242271426 0.5246279525756836 0.48732710242271426 0.5346456241607667 0.4788246154785156 0.5346456241607667
0 0.4952010726928711 0.7829134368896484 0.5032450568675996 0.7829134368896484 0.5032450568675996 0.7930993509292602 0.4952010726928711 0.7930993509292602
0 0.5199442672729492 0.6908024597167969 0.527579162120819 0.6908024597167969 0.527579162120819 0.7002115982770919 0.5199442672729492 0.7002115982770919
0 0.5252597427368164 0.7858737182617187 0.5334428304433824 0.7858737182617187 0.5334428304433824 0.7950883668661116 0.5252597427368164 0.7950883668661116
0 0.23237813949584962 0.8277913665771485 0.2395337724685669 0.8277913665771485 0.2395337724685669 0.8363909196853637 0.23237813949584962 0.8363909196853637
0 0.5828032302856445 0.7857056427001953 0.5911044847965241 0.7857056427001953 0.5911044847965241 0.7951828527450561 0.5828032302856445 0.7951828527450561
0 0.4580327224731445 0.31591535568237306 0.4651504451036453 0.31591535568237306 0.4651504451036453 0.3245432126522064 0.4580327224731445 0.3245432126522064
0 0.4510623550415039 0.634069938659668 0.4579197615385055 0.634069938659668 0.4579197615385055 0.6440109211206436 0.4510623550415039 0.6440109211206436
0 0.4708441925048828 0.37855823516845705 0.4786953127384186 0.37855823516845705 0.4786953127384186 0.3879916453361511 0.4708441925048828 0.3879916453361511
0 0.44164794921875 0.3831108093261718 0.448215320110321 0.3831108093261718 0.448215320110321 0.3912284851074218 0.44164794921875 0.3912284851074218
0 0.4586383819580078 0.7955272674560547 0.4665426713228226 0.7955272674560547 0.4665426713228226 0.8048604285717011 0.4586383819580078 0.8048604285717011
0 0.9096839141845703 0.7798242950439453 0.9150240170955658 0.7798242950439453 0.9150240170955658 0.786310150027275 0.9096839141845703 0.786310150027275
0 0.20622690200805663 0.7835742950439453 0.2132303315401077 0.7835742950439453 0.2132303315401077 0.7931877273321152 0.20622690200805663 0.7931877273321152
0 0.5265012741088867 0.38107349395751955 0.5348921293020248 0.38107349395751955 0.5348921293020248 0.3923817980289459 0.5265012741088867 0.3923817980289459
0 0.5057106781005859 0.4729473876953125 0.5141482561826706 0.4729473876953125 0.5141482561826706 0.4824912464618683 0.5057106781005859 0.4824912464618683
0 0.5226132965087891 0.317819881439209 0.5304951709508897 0.317819881439209 0.5304951709508897 0.32746770560741423 0.5226132965087891 0.32746770560741423
0 0.4756852340698242 0.4628756332397461 0.4837770348787308 0.4628756332397461 0.4837770348787308 0.4727196079492569 0.4756852340698242 0.4727196079492569
0 0.49622913360595705 0.8364523315429687 0.5045495504140854 0.8364523315429687 0.5045495504140854 0.8462024605274201 0.49622913360595705 0.8462024605274201
0 0.18636957168579102 0.830400848388672 0.19309197008609771 0.830400848388672 0.19309197008609771 0.8399096828699113 0.18636957168579102 0.8399096828699113
0 0.9057637023925781 0.8266816711425782 0.9130371767282485 0.8266816711425782 0.9130371767282485 0.8341533386707306 0.9057637023925781 0.8341533386707306
0 0.14013078689575195 0.8278346252441406 0.14707294464111328 0.8278346252441406 0.14707294464111328 0.8367876607179642 0.14013078689575195 0.8367876607179642
0 0.4426419448852539 0.5351874160766602 0.4501127779483795 0.5351874160766602 0.4501127779483795 0.5452545011043549 0.4426419448852539 0.5452545011043549
0 0.49460693359375 0.3164316940307617 0.5026148408651352 0.3164316940307617 0.5026148408651352 0.3271656394004822 0.49460693359375 0.3271656394004822
0 0.7983316040039062 0.7883556365966797 0.8060710036754608 0.7883556365966797 0.8060710036754608 0.79818150639534 0.7983316040039062 0.79818150639534
0 0.44465045928955077 0.4629095458984375 0.4530152916908264 0.4629095458984375 0.4530152916908264 0.4729308938980103 0.44465045928955077 0.4729308938980103
0 0.18183984756469726 0.7776402282714844 0.188789102435112 0.7776402282714844 0.188789102435112 0.7881033301353455 0.18183984756469726 0.7881033301353455
0 0.7698088073730469 0.7862551116943359 0.7781310576200486 0.7862551116943359 0.7781310576200486 0.795796993970871 0.7698088073730469 0.795796993970871
0 0.16226221084594727 0.772073974609375 0.1686231005191803 0.772073974609375 0.1686231005191803 0.780429545044899 0.16226221084594727 0.780429545044899
0 0.8139583587646484 0.8204753875732422 0.8204613828659058 0.8204753875732422 0.8204613828659058 0.8293170255422593 0.8139583587646484 0.8293170255422593
0 0.16434091567993164 0.8298664093017578 0.17093408763408663 0.8298664093017578 0.17093408763408663 0.8398189347982407 0.16434091567993164 0.8398189347982407
0 0.5505137634277344 0.7863602447509765 0.5594952166080475 0.7863602447509765 0.5594952166080475 0.7973529767990112 0.5505137634277344 0.7973529767990112
0 0.13946820968979728 0.77322519132892 0.1481849727954096 0.77322519132892 0.1481849727954096 0.7848776518535211 0.13946820968979728 0.7848776518535211
0 0.8334566569443173 0.7839813087362438 0.8421734200499297 0.7839813087362438 0.8421734200499297 0.7938410830262909 0.8334566569443173 0.7938410830262909
0 0.8596069462611543 0.783084965618967 0.8716763105612331 0.783084965618967 0.8716763105612331 0.7956337692608447 0.8596069462611543 0.7956337692608447
0 0.8555838248277948 0.8261094352482625 0.8669826688889802 0.8261094352482625 0.8669826688889802 0.8413472682419715 0.8555838248277948 0.8413472682419715
