0 0.15734724044799805 0.5317866897583008 0.16476885199546815 0.5317866897583008 0.16476885199546815 0.5413519740104675 0.15734724044799805 0.5413519740104675
0 0.16453651428222657 0.21943548202514648 0.17246052742004395 0.21943548202514648 0.17246052742004395 0.22885187447071073 0.16453651428222657 0.22885187447071073
0 0.2028479766845703 0.22722143173217774 0.21072961449623107 0.22722143173217774 0.21072961449623107 0.23707993388175966 0.2028479766845703 0.23707993388175966
0 0.22005374908447264 0.7796919250488281 0.22734147667884824 0.7796919250488281 0.22734147667884824 0.789574955701828 0.22005374908447264 0.789574955701828
0 0.19420909881591797 0.8357933807373047 0.20102893471717834 0.8357933807373047 0.20102893471717834 0.8435425525903701 0.19420909881591797 0.8435425525903701
0 0.1485036849975586 0.780240707397461 0.15565019488334655 0.780240707397461 0.15565019488334655 0.7904066979885103 0.1485036849975586 0.7904066979885103
0 0.22030397415161132 0.16820194244384765 0.22738338708877565 0.16820194244384765 0.22738338708877565 0.1783244490623474 0.22030397415161132 0.1783244490623474
0 0.1346788787841797 0.8249945068359374 0.14134421944618225 0.8249945068359374 0.14134421944618225 0.8332316440343855 0.1346788787841797 0.8332316440343855
0 0.14030759811401367 0.22070444107055665 0.14756505966186523 0.22070444107055665 0.14756505966186523 0.22901660740375518 0.14030759811401367 0.22901660740375518
0 0.21916400909423828 0.3248400497436523 0.22665777504444123 0.3248400497436523 0.22665777504444123 0.3349520015716552 0.21916400909423828 0.3349520015716552
0 0.1387389850616455 0.16404565811157226 0.14583009302616118 0.16404565811157226 0.14583009302616118 0.1734938430786133 0.1387389850616455 0.1734938430786133
0 0.2179405975341797 0.021216418743133545 0.22500055253505707 0.021216418743133545 0.22500055253505707 0.028823651671409607 0.2179405975341797 0.028823651671409607
0 0.1624052619934082 0.3725053787231446 0.16902238667011263 0.3725053787231446 0.16902238667011263 0.38198005914688116 0.1624052619934082 0.38198005914688116
0 0.2325288772583008 0.2198822021484375 0.23957910299301147 0.2198822021484375 0.23957910299301147 0.22986350595951083 0.2325288772583008 0.22986350595951083
0 0.17009954452514647 0.7788574981689452 0.1771130430698395 0.7788574981689452 0.1771130430698395 0.7889566028118133 0.17009954452514647 0.7889566028118133
0 0.16175975799560546 0.3215665054321289 0.16869637072086333 0.3215665054321289 0.16869637072086333 0.3313292247056961 0.16175975799560546 0.3313292247056961
0 0.1388499069213867 0.32054393768310546 0.1454056417942047 0.32054393768310546 0.1454056417942047 0.3301093798875809 0.1388499069213867 0.3301093798875809
0 0.22791593551635742 0.5282390975952148 0.23660056710243224 0.5282390975952148 0.23660056710243224 0.537912893295288 0.22791593551635742 0.537912893295288
0 0.17448478698730469 0.47228240966796875 0.1818143731355667 0.47228240966796875 0.1818143731355667 0.48086045801639554 0.17448478698730469 0.48086045801639554
0 0.18510818481445312 0.372610969543457 0.1928015422821045 0.372610969543457 0.1928015422821045 0.38121036469936376 0.18510818481445312 0.38121036469936376
0 0.13235901832580566 0.7746061706542968 0.13845895588397977 0.7746061706542968 0.13845895588397977 0.7829488545656204 0.13235901832580566 0.7829488545656204
0 0.20617431640625 0.6241800308227539 0.21456909000873564 0.6241800308227539 0.21456909000873564 0.6348970377445221 0.20617431640625 0.6348970377445221
0 0.21072261810302734 0.6733310699462891 0.21828281581401823 0.6733310699462891 0.21828281581401823 0.6840072417259216 0.21072261810302734 0.6840072417259216
0 0.1656863021850586 0.02375635862350464 0.17245700538158415 0.02375635862350464 0.17245700538158415 0.03155583322048187 0.1656863021850586 0.03155583322048187
0 0.21778406143188478 0.07614611148834229 0.22539282977581027 0.07614611148834229 0.22539282977581027 0.0853395414352417 0.21778406143188478 0.0853395414352417
0 0.17049043655395507 0.07592532634735108 0.1775762367248535 0.07592532634735108 0.1775762367248535 0.08485558271408082 0.17049043655395507 0.08485558271408082
0 0.1697658348083496 0.16395776748657226 0.1763382625579834 0.16395776748657226 0.1763382625579834 0.17374158620834348 0.1697658348083496 0.17374158620834348
0 0.19367015838623047 0.1618379020690918 0.2006964761018753 0.1618379020690918 0.2006964761018753 0.1717139160633087 0.19367015838623047 0.1717139160633087
0 0.2529845428466797 0.3252437210083008 0.26040557801723485 0.3252437210083008 0.26040557801723485 0.3347489780187607 0.2529845428466797 0.3347489780187607
0 0.18273771286010743 0.6700048828125 0.19058013916015623 0.6700048828125 0.19058013916015623 0.6795255768299103 0.18273771286010743 0.6795255768299103
0 0.15528642654418945 0.6190731811523438 0.16152595520019533 0.6190731811523438 0.16152595520019533 0.628084523677826 0.15528642654418945 0.628084523677826
0 0.18404684066772461 0.31832998275756835 0.19262754380702973 0.31832998275756835 0.19262754380702973 0.3284859919548035 0.18404684066772461 0.3284859919548035
0 0.23758373260498047 0.6241921234130859 0.2458854454755783 0.6241921234130859 0.2458854454755783 0.6351848554611207 0.23758373260498047 0.6351848554611207
0 0.2325952911376953 0.6713658905029297 0.24035092532634736 0.6713658905029297 0.24035092532634736 0.6809286445379257 0.2325952911376953 0.6809286445379257
0 0.13033313751220704 0.47288616180419923 0.1379367017745972 0.47288616180419923 0.1379367017745972 0.48227759063243864 0.13033313751220704 0.48227759063243864
0 0.13556686401367188 0.6742234802246094 0.14271120071411134 0.6742234802246094 0.14271120071411134 0.6845155727863312 0.13556686401367188 0.6845155727863312
0 0.1449540901184082 0.022640199661254884 0.1508179599046707 0.022640199661254884 0.1508179599046707 0.03102405667304993 0.1449540901184082 0.03102405667304993
0 0.2080027961730957 0.8382769775390625 0.21388893306255338 0.8382769775390625 0.21388893306255338 0.8466419565677642 0.2080027961730957 0.8466419565677642
0 0.1457752513885498 0.0756354284286499 0.15307103753089904 0.0756354284286499 0.15307103753089904 0.08495494663715362 0.1457752513885498 0.08495494663715362
0 0.20937030792236327 0.3684414291381836 0.21613211035728452 0.3684414291381836 0.21613211035728452 0.3779796350002289 0.20937030792236327 0.3779796350002289
0 0.17518922805786133 0.83220947265625 0.18278523683547973 0.83220947265625 0.18278523683547973 0.841606040596962 0.17518922805786133 0.841606040596962
0 0.19599483489990235 0.4733203506469727 0.20379243075847628 0.4733203506469727 0.20379243075847628 0.48373435616493227 0.19599483489990235 0.48373435616493227
0 0.19436187744140626 0.026332592964172362 0.2009460747241974 0.026332592964172362 0.2009460747241974 0.03574311256408692 0.19436187744140626 0.03574311256408692
0 0.13916099548339844 0.3687537002563477 0.14579061388969422 0.3687537002563477 0.14579061388969422 0.3779407960176468 0.13916099548339844 0.3779407960176468
0 0.2014063835144043 0.5268741989135742 0.20853948295116423 0.5268741989135742 0.20853948295116423 0.5370526814460754 0.2014063835144043 0.5370526814460754
0 0.24605146408081055 0.8365993499755859 0.25443383276462556 0.8365993499755859 0.25443383276462556 0.846883932352066 0.24605146408081055 0.846883932352066
0 0.1333642864227295 0.5256147384643555 0.14041900694370268 0.5256147384643555 0.14041900694370268 0.5351106858253479 0.1333642864227295 0.5351106858253479
0 0.19380437850952148 0.0778656816482544 0.20071977436542512 0.0778656816482544 0.20071977436542512 0.08793496012687683 0.19380437850952148 0.08793496012687683
0 0.18015642166137696 0.5270114135742188 0.18691707074642183 0.5270114135742188 0.18691707074642183 0.5370716595649719 0.18015642166137696 0.5370716595649719
0 0.26114166259765625 0.22490018844604492 0.26931129515171054 0.22490018844604492 0.26931129515171054 0.23606987953186034 0.26114166259765625 0.23606987953186034
0 0.2307676887512207 0.37199012756347655 0.23876415193080902 0.37199012756347655 0.23876415193080902 0.381698037981987 0.2307676887512207 0.381698037981987
0 0.15491941452026367 0.8284258270263671 0.16169768810272217 0.8284258270263671 0.16169768810272217 0.8386543548107147 0.15491941452026367 0.8386543548107147
0 0.19810779571533202 0.7761029052734375 0.20603985249996182 0.7761029052734375 0.20603985249996182 0.7859175479412079 0.19810779571533202 0.7859175479412079
0 0.22254180908203125 0.4745722198486328 0.2315406209230423 0.4745722198486328 0.2315406209230423 0.4850220787525177 0.22254180908203125 0.4850220787525177
0 0.2461833953857422 0.1654349136352539 0.25428641855716705 0.1654349136352539 0.25428641855716705 0.17687674283981322 0.2461833953857422 0.17687674283981322
0 0.24987119674682615 0.02184210777282715 0.256222431063652 0.02184210777282715 0.256222431063652 0.029299280643463137 0.24987119674682615 0.029299280643463137
0 0.15304944038391113 0.47215484619140624 0.1606183910369873 0.47215484619140624 0.1606183910369873 0.4809488105773925 0.15304944038391113 0.4809488105773925
0 0.15188900947570802 0.6581724548339843 0.15968713760375977 0.6581724548339843 0.15968713760375977 0.6675725013017654 0.15188900947570802 0.6675725013017654
0 0.13073233604431153 0.619635887145996 0.13817127645015714 0.619635887145996 0.13817127645015714 0.629428551197052 0.13073233604431153 0.629428551197052
0 0.245651798248291 0.07285925388336181 0.2532755446434021 0.07285925388336181 0.2532755446434021 0.08228972971439362 0.245651798248291 0.08228972971439362
0 0.17444659151217579 0.6202166477276333 0.18110803653412044 0.6202166477276333 0.18110803653412044 0.6307912602592306 0.17444659151217579 0.6307912602592306
