0 0.165267391204834 0.21713459014892578 0.17302141368389132 0.21713459014892578 0.17302141368389132 0.22717671155929564 0.165267391204834 0.22717671155929564
0 0.19659652709960937 0.8350396728515626 0.20334437191486357 0.8350396728515626 0.20334437191486357 0.8433335757255556 0.19659652709960937 0.8433335757255556
0 0.14117589950561524 0.21817733764648437 0.14891198754310608 0.21817733764648437 0.14891198754310608 0.22684543669223786 0.14117589950561524 0.22684543669223786
0 0.15847235679626465 0.5318524169921875 0.16517961502075196 0.5318524169921875 0.16517961502075196 0.5416337752342224 0.15847235679626465 0.5416337752342224
0 0.2330512809753418 0.21867395401000977 0.24013428688049318 0.21867395401000977 0.24013428688049318 0.22808305323123934 0.2330512809753418 0.22808305323123934
0 0.1620073890686035 0.32154048919677736 0.168890226483345 0.32154048919677736 0.168890226483345 0.3312759524583817 0.1620073890686035 0.3312759524583817
0 0.2194342041015625 0.32454811096191405 0.22713041484355928 0.32454811096191405 0.22713041484355928 0.3345619881153106 0.2194342041015625 0.3345619881153106
0 0.17171831130981446 0.7788004302978515 0.17900620162487033 0.7788004302978515 0.17900620162487033 0.7888163626194 0.17171831130981446 0.7888163626194
0 0.22153331756591796 0.16688117980957035 0.2286150074005127 0.16688117980957035 0.2286150074005127 0.17690895199775697 0.22153331756591796 0.17690895199775697
0 0.16281009674072267 0.3725793075561523 0.16942850768566134 0.3725793075561523 0.16942850768566134 0.38188400626182556 0.16281009674072267 0.38188400626182556
0 0.1391297721862793 0.3208437347412109 0.145706724524498 0.3208437347412109 0.145706724524498 0.3302504026889801 0.1391297721862793 0.3302504026889801
0 0.15045743942260742 0.7803701019287109 0.1573896461725235 0.7803701019287109 0.1573896461725235 0.7902993834018707 0.15045743942260742 0.7902993834018707
0 0.20354612350463866 0.22503099441528324 0.21139063417911527 0.22503099441528324 0.21139063417911527 0.23497800529003146 0.20354612350463866 0.23497800529003146
0 0.21748516082763672 0.020984177589416505 0.22466374099254607 0.020984177589416505 0.22466374099254607 0.028770802617073057 0.21748516082763672 0.028770802617073057
0 0.24804895401000976 0.8367321777343749 0.25542718470096587 0.8367321777343749 0.25542718470096587 0.8463060003519057 0.24804895401000976 0.8463060003519057
0 0.18552902221679687 0.37246482849121093 0.19302811086177826 0.37246482849121093 0.19302811086177826 0.381150004863739 0.18552902221679687 0.381150004863739
0 0.17775497436523438 0.8324399566650391 0.18434307456016544 0.8324399566650391 0.18434307456016544 0.8408152925968172 0.17775497436523438 0.8408152925968172
0 0.24739980697631836 0.1641814422607422 0.25468689918518067 0.1641814422607422 0.25468689918518067 0.17510303854942322 0.24739980697631836 0.17510303854942322
0 0.13345809936523437 0.7745402526855468 0.14003623425960543 0.7745402526855468 0.14003623425960543 0.7833418858051299 0.13345809936523437 0.7833418858051299
0 0.22887685775756836 0.527818603515625 0.23761007487773897 0.527818603515625 0.23761007487773897 0.5382249796390534 0.22887685775756836 0.5382249796390534
0 0.16549394607543946 0.02365107774734497 0.1721420615911484 0.02365107774734497 0.1721420615911484 0.03157415151596069 0.16549394607543946 0.03157415151596069
0 0.21790494918823242 0.07597899913787842 0.22530822694301603 0.07597899913787842 0.22530822694301603 0.08475062847137452 0.21790494918823242 0.08475062847137452
0 0.20748540878295899 0.6242075347900391 0.21559146285057065 0.6242075347900391 0.21559146285057065 0.6346351778507233 0.20748540878295899 0.6346351778507233
0 0.22178918838500977 0.7795742797851563 0.22899482607841493 0.7795742797851563 0.22899482607841493 0.7899185526371003 0.22178918838500977 0.7899185526371003
0 0.1563669204711914 0.6189751815795899 0.16257105231285096 0.6189751815795899 0.16257105231285096 0.6279195988178253 0.1563669204711914 0.6279195988178253
0 0.20987207412719727 0.36818077087402346 0.2166662418842316 0.36818077087402346 0.2166662418842316 0.3778521156311035 0.20987207412719727 0.3778521156311035
0 0.1749581527709961 0.4723086166381836 0.18245780348777774 0.4723086166381836 0.18245780348777774 0.481042178273201 0.1749581527709961 0.481042178273201
0 0.23388229370117186 0.6712069702148438 0.24127743899822235 0.6712069702148438 0.24127743899822235 0.6800095522403719 0.23388229370117186 0.6800095522403719
0 0.17063793182373047 0.16170291900634765 0.17747834920883176 0.16170291900634765 0.17747834920883176 0.17188419818878173 0.17063793182373047 0.17188419818878173
0 0.17057273864746095 0.07600085735321045 0.17760668575763702 0.07600085735321045 0.17760668575763702 0.0846762204170227 0.17057273864746095 0.0846762204170227
0 0.18424589157104493 0.31827262878417967 0.1927885216474533 0.31827262878417967 0.1927885216474533 0.32845539927482603 0.18424589157104493 0.32845539927482603
0 0.13083837509155274 0.47298095703125 0.1386042708158493 0.47298095703125 0.1386042708158493 0.48247512578964236 0.13083837509155274 0.48247512578964236
0 0.21179758071899413 0.6731472778320312 0.21934364318847654 0.6731472778320312 0.21934364318847654 0.6836436641216278 0.21179758071899413 0.6836436641216278
0 0.253143253326416 0.32469505310058594 0.26072503805160524 0.32469505310058594 0.26072503805160524 0.33447785437107086 0.253143253326416 0.33447785437107086
0 0.19443914413452149 0.15991066932678222 0.20209881961345671 0.15991066932678222 0.20209881961345671 0.17004647850990295 0.19443914413452149 0.17004647850990295
0 0.19689807891845704 0.47316123962402346 0.20454654693603516 0.47316123962402346 0.20454654693603516 0.4833617007732391 0.19689807891845704 0.4833617007732391
0 0.23896238327026367 0.624094123840332 0.24659732222557065 0.624094123840332 0.24659732222557065 0.6346009469032288 0.23896238327026367 0.6346009469032288
0 0.14455073356628417 0.022759103775024415 0.15054226279258728 0.022759103775024415 0.15054226279258728 0.031111249923706057 0.14455073356628417 0.031111249923706057
0 0.1361539363861084 0.8249650573730469 0.14300619721412658 0.8249650573730469 0.14300619721412658 0.8333954989910126 0.1361539363861084 0.8333954989910126
0 0.1839947509765625 0.6697171020507812 0.19190625548362733 0.6697171020507812 0.19190625548362733 0.6793100577592849 0.1839947509765625 0.6793100577592849
0 0.15406245231628418 0.6586517333984375 0.16096925735473633 0.6586517333984375 0.16096925735473633 0.6681580382585525 0.15406245231628418 0.6681580382585525
0 0.13946882247924805 0.3688125991821289 0.1461519354581833 0.3688125991821289 0.1461519354581833 0.3782365220785141 0.13946882247924805 0.3782365220785141
0 0.22309410095214843 0.4745334625244141 0.23204704761505127 0.4745334625244141 0.23204704761505127 0.4850368070602417 0.22309410095214843 0.4850368070602417
0 0.231209716796875 0.371547966003418 0.23896430134773256 0.371547966003418 0.23896430134773256 0.3811210376024246 0.231209716796875 0.3811210376024246
0 0.194559326171875 0.026799376010894774 0.2003728067874908 0.026799376010894774 0.2003728067874908 0.034374574422836306 0.194559326171875 0.034374574422836306
0 0.14557013511657715 0.07572573184967041 0.15305358052253723 0.07572573184967041 0.15305358052253723 0.08513692140579224 0.14557013511657715 0.08513692140579224
0 0.153945894241333 0.47233646392822265 0.16092089056968686 0.47233646392822265 0.16092089056968686 0.481047413945198 0.153945894241333 0.481047413945198
0 0.20989948272705078 0.838224868774414 0.2164806342124939 0.838224868774414 0.2164806342124939 0.846908859014511 0.20989948272705078 0.846908859014511
0 0.13929221153259277 0.16008140563964843 0.1477780646085739 0.16008140563964843 0.1477780646085739 0.1710610330104828 0.13929221153259277 0.1710610330104828
0 0.15676674842834473 0.8284515380859376 0.16345077812671663 0.8284515380859376 0.16345077812671663 0.838383349776268 0.15676674842834473 0.838383349776268
0 0.19377548217773438 0.07775309085845947 0.2007184088230133 0.07775309085845947 0.2007184088230133 0.08791808843612671 0.19377548217773438 0.08791808843612671
0 0.20206228256225586 0.5267742538452148 0.20918587505817413 0.5267742538452148 0.20918587505817413 0.5369202423095703 0.20206228256225586 0.5369202423095703
0 0.18129899978637695 0.5255665588378906 0.1882514923810959 0.5255665588378906 0.1882514923810959 0.5364042127132416 0.18129899978637695 0.5364042127132416
0 0.24953460693359375 0.021458632946014404 0.2558467483520508 0.021458632946014404 0.2558467483520508 0.02890692055225372 0.24953460693359375 0.02890692055225372
0 0.13434160232543946 0.5256550979614257 0.1414928436279297 0.5256550979614257 0.1414928436279297 0.5349202269315719 0.13434160232543946 0.5349202269315719
0 0.2619926071166992 0.2242855072021484 0.2702204948663711 0.2242855072021484 0.2702204948663711 0.23480189681053162 0.2619926071166992 0.23480189681053162
0 0.1317030143737793 0.6197314834594727 0.13948452353477478 0.6197314834594727 0.13948452353477478 0.629443702697754 0.1317030143737793 0.629443702697754
0 0.24565370559692382 0.07248998641967773 0.2532748645544052 0.07248998641967773 0.2532748645544052 0.08196630239486694 0.24565370559692382 0.08196630239486694
0 0.13613859176635743 0.6740271759033204 0.1440078979730606 0.6740271759033204 0.1440078979730606 0.6848506379127502 0.13613859176635743 0.6848506379127502
0 0.17329749224589033 0.6195609826407478 0.18236538428201252 0.6195609826407478 0.18236538428201252 0.6303359562518913 0.17329749224589033 0.6303359562518913
0 0.1994936247946877 0.7771449717037207 0.20805774505102528 0.7771449717037207 0.20805774505102528 0.785226201912078 0.1994936247946877 0.785226201912078
