0 0.19689332962036132 0.21602493286132812 0.2048874419927597 0.21602493286132812 0.2048874419927597 0.22541594684123992 0.19689332962036132 0.22541594684123992
0 0.7886057281494141 0.3131160926818848 0.7965535461902619 0.3131160926818848 0.7965535461902619 0.3218705660104752 0.7886057281494141 0.3218705660104752
0 0.8191059875488281 0.31331945419311524 0.8269770389795302 0.31331945419311524 0.8269770389795302 0.32261223435401915 0.8191059875488281 0.32261223435401915
0 0.8292279815673829 0.5308977127075195 0.8370254594087602 0.5308977127075195 0.8370254594087602 0.5404306215047836 0.8292279815673829 0.5404306215047836
0 0.21056318283081055 0.8231707763671875 0.2166070681810379 0.8231707763671875 0.2166070681810379 0.8316524493694305 0.21056318283081055 0.8316524493694305
0 0.2516360855102539 0.5227608489990234 0.25991016387939453 0.5227608489990234 0.25991016387939453 0.5334365463256836 0.2516360855102539 0.5334365463256836
0 0.8129685974121094 0.6797071075439454 0.8212939822673797 0.6797071075439454 0.8212939822673797 0.6891258126497268 0.8129685974121094 0.6891258126497268
0 0.27401193618774417 0.5124475860595703 0.28194269180297854 0.5124475860595703 0.28194269180297854 0.5232934617996216 0.27401193618774417 0.5232934617996216
0 0.48441741943359373 0.14671853065490723 0.4915777242183685 0.14671853065490723 0.4915777242183685 0.1555327147245407 0.48441741943359373 0.1555327147245407
0 0.7648082733154297 0.3141164207458496 0.7724095159769058 0.3141164207458496 0.7724095159769058 0.3239254504442215 0.7648082733154297 0.3239254504442215
0 0.5796781921386719 0.20826913833618163 0.5880500036478042 0.20826913833618163 0.5880500036478042 0.21853654384613036 0.5796781921386719 0.21853654384613036
0 0.5249132537841796 0.8325254821777344 0.5324082171916961 0.8325254821777344 0.5324082171916961 0.842339966893196 0.5249132537841796 0.842339966893196
0 0.7989415740966797 0.7826492309570312 0.8067399978637694 0.7826492309570312 0.8067399978637694 0.7921115773916244 0.7989415740966797 0.7921115773916244
0 0.5929820251464843 0.5218370056152344 0.6014349210262299 0.5218370056152344 0.6014349210262299 0.531174396276474 0.5929820251464843 0.531174396276474
0 0.5260107421875 0.6350917434692382 0.5344901341199874 0.6350917434692382 0.5344901341199874 0.6455427885055541 0.5260107421875 0.6455427885055541
0 0.5541741561889648 0.8317508697509766 0.561819874048233 0.8317508697509766 0.561819874048233 0.8422965109348297 0.5541741561889648 0.8422965109348297
0 0.25553489685058595 0.3114490127563477 0.26320923984050754 0.3114490127563477 0.26320923984050754 0.32109019577503206 0.25553489685058595 0.32109019577503206
0 0.4776377868652344 0.5182685470581054 0.48621204376220706 0.5182685470581054 0.48621204376220706 0.5284095931053161 0.4776377868652344 0.5284095931053161
0 0.5614507675170899 0.6842835998535156 0.5695436036586762 0.6842835998535156 0.5695436036586762 0.6950098168849944 0.5614507675170899 0.6950098168849944
0 0.1871754264831543 0.821331787109375 0.1937590616941452 0.821331787109375 0.1937590616941452 0.8299963283538819 0.1871754264831543 0.8299963283538819
0 0.5523571395874023 0.2069292640686035 0.5596495985984802 0.2069292640686035 0.5596495985984802 0.21703611612319945 0.5523571395874023 0.21703611612319945
0 0.17018705368041992 0.2165850257873535 0.1768068104982376 0.2165850257873535 0.1768068104982376 0.22545971155166625 0.17018705368041992 0.22545971155166625
0 0.7947879028320313 0.5332429504394531 0.8023684453964233 0.5332429504394531 0.8023684453964233 0.5435253190994263 0.7947879028320313 0.5435253190994263
0 0.27963537216186524 0.36628570556640627 0.2876604008674622 0.36628570556640627 0.2876604008674622 0.3753551977872849 0.27963537216186524 0.3753551977872849
0 0.5678083038330078 0.37559005737304685 0.5759734117984772 0.37559005737304685 0.5759734117984772 0.38507454097270966 0.5678083038330078 0.38507454097270966
0 0.5262601852416993 0.7829378509521484 0.533969185948372 0.7829378509521484 0.533969185948372 0.7918276375532151 0.5262601852416993 0.7918276375532151
0 0.7725141143798828 0.21505067825317384 0.7802206307649613 0.21505067825317384 0.7802206307649613 0.22445770204067228 0.7725141143798828 0.22445770204067228
0 0.24804018020629884 0.773751220703125 0.25547974169254306 0.773751220703125 0.25547974169254306 0.7833999931812285 0.24804018020629884 0.7833999931812285
0 0.8101509857177734 0.625495262145996 0.8173420745134353 0.625495262145996 0.8173420745134353 0.6353892821073531 0.8101509857177734 0.6353892821073531
0 0.5839974975585938 0.782488784790039 0.5922358244657517 0.782488784790039 0.5922358244657517 0.7917484188079834 0.5839974975585938 0.7917484188079834
0 0.4897438430786133 0.6886029052734375 0.49801874935626983 0.6886029052734375 0.49801874935626983 0.6983921694755554 0.4897438430786133 0.6983921694755554
0 0.4705047607421875 0.3771269989013672 0.478431938290596 0.3771269989013672 0.478431938290596 0.3871736860275269 0.4705047607421875 0.3871736860275269
0 0.18700412750244141 0.6580482482910156 0.1934209805727005 0.6580482482910156 0.1934209805727005 0.6662667268514633 0.18700412750244141 0.6662667268514633
0 0.6002843856811524 0.6855717468261718 0.6075777912139894 0.6855717468261718 0.6075777912139894 0.6945012217760086 0.6002843856811524 0.6945012217760086
0 0.7725869750976563 0.5143177032470703 0.7804906731843949 0.5143177032470703 0.7804906731843949 0.5237172359228134 0.7725869750976563 0.5237172359228134
0 0.20845718383789064 0.3654685592651367 0.21645487427711488 0.3654685592651367 0.21645487427711488 0.3749951428174973 0.20845718383789064 0.3749951428174973
0 0.45985271453857424 0.7916706085205079 0.467099426984787 0.7916706085205079 0.467099426984787 0.8008313369750977 0.45985271453857424 0.8008313369750977
0 0.5625595092773438 0.14707216262817382 0.5704759228229523 0.14707216262817382 0.5704759228229523 0.15681715250015257 0.5625595092773438 0.15681715250015257
0 0.8262728881835938 0.4725616836547852 0.8340655159950258 0.4725616836547852 0.8340655159950258 0.482064905166626 0.8262728881835938 0.482064905166626
0 0.16461036682128907 0.8204578399658204 0.17165722131729128 0.8204578399658204 0.17165722131729128 0.8298908549547196 0.16461036682128907 0.8298908549547196
0 0.4968119812011719 0.7793456268310547 0.5052493816614151 0.7793456268310547 0.5052493816614151 0.7893054258823394 0.4968119812011719 0.7893054258823394
0 0.5836037445068359 0.3186417770385742 0.5912441396713256 0.3186417770385742 0.5912441396713256 0.3293913960456848 0.5836037445068359 0.3293913960456848
0 0.5519714736938477 0.784726333618164 0.5599998444318772 0.784726333618164 0.5599998444318772 0.7940386223793029 0.5519714736938477 0.7940386223793029
0 0.49700672149658204 0.8331598663330078 0.504832883477211 0.8331598663330078 0.504832883477211 0.8424475669860839 0.49700672149658204 0.8424475669860839
0 0.8671795654296875 0.22674877166748045 0.8752344316244127 0.22674877166748045 0.8752344316244127 0.2363710981607437 0.8671795654296875 0.2363710981607437
0 0.797789077758789 0.8268927764892579 0.8055913460254669 0.8268927764892579 0.8055913460254669 0.8367097914218902 0.797789077758789 0.8367097914218902
0 0.5730807113647461 0.45933921813964845 0.5810119104385377 0.45933921813964845 0.5810119104385377 0.4693679189682007 0.5730807113647461 0.4693679189682007
0 0.7709900665283204 0.7803699493408203 0.7781134372949601 0.7803699493408203 0.7781134372949601 0.7892117458581924 0.7709900665283204 0.7892117458581924
0 0.7985849761962891 0.4728005599975586 0.8070647227764131 0.4728005599975586 0.8070647227764131 0.48210703790187837 0.7985849761962891 0.48210703790187837
0 0.27442861557006837 0.45877204895019535 0.2826715260744095 0.45877204895019535 0.2826715260744095 0.4694915461540222 0.27442861557006837 0.4694915461540222
0 0.2087809944152832 0.4685520553588867 0.21619021594524382 0.4685520553588867 0.21619021594524382 0.4789611184597015 0.2087809944152832 0.4789611184597015
0 0.2230832290649414 0.2125588035583496 0.23018288314342497 0.2125588035583496 0.23018288314342497 0.22173763692378998 0.2230832290649414 0.22173763692378998
0 0.4745110321044922 0.45830360412597654 0.4815257871150971 0.45830360412597654 0.4815257871150971 0.46723687410354614 0.4745110321044922 0.46723687410354614
0 0.44345664978027344 0.45870826721191404 0.4506016957759857 0.45870826721191404 0.4506016957759857 0.46787990629673004 0.44345664978027344 0.46787990629673004
0 0.17994836807250977 0.3144923973083496 0.18785197734832765 0.3144923973083496 0.18785197734832765 0.3236465245485306 0.17994836807250977 0.3236465245485306
0 0.5361395263671875 0.46264617919921874 0.5434219902753832 0.46264617919921874 0.5434219902753832 0.47157774925231927 0.5361395263671875 0.47157774925231927
0 0.7654563140869141 0.8279045867919922 0.7736979526281357 0.8279045867919922 0.7736979526281357 0.8366880357265474 0.7654563140869141 0.8366880357265474
0 0.5614019012451172 0.6321703338623047 0.5699967986345291 0.6321703338623047 0.5699967986345291 0.6418021875619888 0.5614019012451172 0.6418021875619888
0 0.5498058700561523 0.31816614151000977 0.5567517536878585 0.31816614151000977 0.5567517536878585 0.3276951563358307 0.5498058700561523 0.3276951563358307
0 0.5045350265502929 0.466124153137207 0.5122202515602111 0.466124153137207 0.5122202515602111 0.4752526247501373 0.5045350265502929 0.4752526247501373
0 0.8145798492431641 0.8140536499023437 0.8216935205459595 0.8140536499023437 0.8216935205459595 0.8224068486690521 0.8145798492431641 0.8224068486690521
0 0.81488037109375 0.169769287109375 0.8226621168851852 0.169769287109375 0.8226621168851852 0.17924149692058564 0.81488037109375 0.17924149692058564
0 0.5210830688476562 0.21214347839355469 0.5283522260189056 0.21214347839355469 0.5283522260189056 0.2218678730726242 0.5210830688476562 0.2218678730726242
0 0.8389859771728516 0.37130718231201165 0.8462639462947846 0.37130718231201165 0.8462639462947846 0.3817478311061858 0.8389859771728516 0.3817478311061858
0 0.257701416015625 0.2113623809814453 0.264876743555069 0.2113623809814453 0.264876743555069 0.22121983528137207 0.257701416015625 0.22121983528137207
0 0.8510717010498047 0.30933189392089844 0.859072984457016 0.30933189392089844 0.859072984457016 0.3183713233470917 0.8510717010498047 0.3183713233470917
0 0.7704119873046875 0.6787503051757812 0.7780187892913818 0.6787503051757812 0.7780187892913818 0.6894810283184052 0.7704119873046875 0.6894810283184052
0 0.19819427490234376 0.15114164352416992 0.20699149906635286 0.15114164352416992 0.20699149906635286 0.16232925176620483 0.19819427490234376 0.16232925176620483
0 0.5157694625854492 0.5241682052612304 0.5239155268669128 0.5241682052612304 0.5239155268669128 0.5336817044019698 0.5157694625854492 0.5336817044019698
0 0.2077251434326172 0.517896614074707 0.21547901809215547 0.517896614074707 0.21547901809215547 0.5286909818649291 0.2077251434326172 0.5286909818649291
0 0.8383859252929687 0.2221207046508789 0.8464795303344727 0.2221207046508789 0.8464795303344727 0.2317338210344315 0.8383859252929687 0.2317338210344315
0 0.44520069122314454 0.21182165145874027 0.4534076428413391 0.21182165145874027 0.4534076428413391 0.221002956032753 0.44520069122314454 0.221002956032753
0 0.5525851058959961 0.5273315048217774 0.560363066792488 0.5273315048217774 0.560363066792488 0.5375489246845246 0.5525851058959961 0.5375489246845246
0 0.7965475463867188 0.17006189346313474 0.8042798489332199 0.17006189346313474 0.8042798489332199 0.17956527292728422 0.7965475463867188 0.17956527292728422
0 0.5361388015747071 0.1487897491455078 0.5429763948917389 0.1487897491455078 0.5429763948917389 0.15759852766990662 0.5361388015747071 0.15759852766990662
0 0.2608247375488281 0.15096540451049806 0.269393966794014 0.15096540451049806 0.269393966794014 0.16184048414230348 0.2608247375488281 0.16184048414230348
0 0.18259532928466796 0.7686922454833984 0.18923837304115293 0.7686922454833984 0.18923837304115293 0.7785060185194015 0.18259532928466796 0.7785060185194015
0 0.49426109313964844 0.3153152275085449 0.5018017739057541 0.3153152275085449 0.5018017739057541 0.3247731268405914 0.49426109313964844 0.3247731268405914
0 0.44122467041015623 0.3824130630493164 0.4475667375326156 0.3824130630493164 0.4475667375326156 0.3904937779903412 0.44122467041015623 0.3904937779903412
0 0.8460236358642578 0.16934696197509766 0.8534437245130538 0.16934696197509766 0.8534437245130538 0.17907513201236727 0.8460236358642578 0.17907513201236727
0 0.521691017150879 0.3161190986633301 0.5296395450830461 0.3161190986633301 0.5296395450830461 0.32678107857704164 0.521691017150879 0.32678107857704164
0 0.5210703659057617 0.6868523406982422 0.5279863822460175 0.6868523406982422 0.5279863822460175 0.6967723721265793 0.5210703659057617 0.6967723721265793
0 0.8893944549560547 0.18019521713256836 0.8966025769710543 0.18019521713256836 0.8966025769710543 0.18857494115829468 0.8893944549560547 0.18857494115829468
0 0.20750188827514648 0.7737548828125 0.21387955963611602 0.7737548828125 0.21387955963611602 0.7829794138669968 0.20750188827514648 0.7829794138669968
0 0.5951371765136719 0.6320853805541993 0.6024849933385851 0.6320853805541993 0.6024849933385851 0.640507994890213 0.5951371765136719 0.640507994890213
0 0.5103395080566406 0.14889872550964356 0.5182349848747254 0.14889872550964356 0.5182349848747254 0.15902856469154358 0.5103395080566406 0.15902856469154358
0 0.16268096923828124 0.36329227447509765 0.16931299805641173 0.36329227447509765 0.16931299805641173 0.37251435458660126 0.16268096923828124 0.37251435458660126
0 0.49051723480224607 0.6317615509033203 0.49799676179885866 0.6317615509033203 0.49799676179885866 0.6407424157857895 0.49051723480224607 0.6407424157857895
0 0.469371452331543 0.21194225311279297 0.4762228852510452 0.21194225311279297 0.4762228852510452 0.2213581711053848 0.469371452331543 0.2213581711053848
0 0.45725906372070313 0.3147932815551758 0.4639527630805969 0.3147932815551758 0.4639527630805969 0.3236456322669983 0.45725906372070313 0.3236456322669983
0 0.7777294158935547 0.6241650009155273 0.7856082737445832 0.6241650009155273 0.7856082737445832 0.6347649574279784 0.7777294158935547 0.6347649574279784
0 0.15753856658935547 0.5122300720214844 0.1650738948583603 0.5122300720214844 0.1650738948583603 0.5204065692424775 0.15753856658935547 0.5204065692424775
0 0.75890869140625 0.3583796310424805 0.7666661298274994 0.3583796310424805 0.7666661298274994 0.36869579792022705 0.75890869140625 0.36869579792022705
0 0.21202327728271483 0.6087492752075195 0.21958949267864225 0.6087492752075195 0.21958949267864225 0.61757956802845 0.21202327728271483 0.61757956802845
0 0.23290088653564453 0.8178682708740235 0.24095136165618897 0.8178682708740235 0.24095136165618897 0.8274883443117141 0.23290088653564453 0.8274883443117141
0 0.441514892578125 0.5297403335571289 0.4488893526792526 0.5297403335571289 0.4488893526792526 0.5393046689033508 0.441514892578125 0.5393046689033508
0 0.46638141632080077 0.1453401565551758 0.4732536083459854 0.1453401565551758 0.4732536083459854 0.15537521243095398 0.46638141632080077 0.15537521243095398
0 0.7683205413818359 0.16170351028442384 0.775413749217987 0.16170351028442384 0.775413749217987 0.17195370078086855 0.7683205413818359 0.17195370078086855
0 0.9119649505615235 0.5316955184936524 0.9187639236450196 0.5316955184936524 0.9187639236450196 0.540975352525711 0.9119649505615235 0.540975352525711
0 0.7840531158447266 0.36995723724365237 0.7915200453996659 0.36995723724365237 0.7915200453996659 0.38088403224945067 0.7840531158447266 0.38088403224945067
0 0.22582801818847656 0.14960104942321778 0.23505019664764404 0.14960104942321778 0.23505019664764404 0.1604819405078888 0.22582801818847656 0.1604819405078888
0 0.15836928367614747 0.6066902542114258 0.16544882953166962 0.6066902542114258 0.16544882953166962 0.6160200154781341 0.15836928367614747 0.6160200154781341
0 0.88187255859375 0.31725526809692384 0.8887471163272859 0.31725526809692384 0.8887471163272859 0.3260941785573959 0.88187255859375 0.3260941785573959
0 0.46428760528564456 0.83273681640625 0.47214534938335423 0.83273681640625 0.47214534938335423 0.8432339930534363 0.46428760528564456 0.8432339930534363
0 0.2105369758605957 0.6642020416259765 0.21834625244140624 0.6642020416259765 0.21834625244140624 0.672978691458702 0.2105369758605957 0.672978691458702
0 0.2319103240966797 0.6071154403686524 0.23893233895301821 0.6071154403686524 0.23893233895301821 0.6170277237892151 0.2319103240966797 0.6170277237892151
0 0.8915843963623047 0.480511360168457 0.8997269713878632 0.480511360168457 0.8997269713878632 0.4901480364799499 0.8915843963623047 0.4901480364799499
0 0.49469608306884766 0.38058330535888674 0.5018768221139908 0.38058330535888674 0.5018768221139908 0.39133086919784543 0.49469608306884766 0.39133086919784543
0 0.16253273010253907 0.7629993438720704 0.16911457598209384 0.7629993438720704 0.16911457598209384 0.7715568363666534 0.16253273010253907 0.7715568363666534
0 0.22267457962036133 0.3027822685241699 0.23099913597106933 0.3027822685241699 0.23099913597106933 0.3142097973823547 0.22267457962036133 0.3142097973823547
0 0.8972311401367188 0.3668699264526367 0.904592086672783 0.3668699264526367 0.904592086672783 0.37597195208072665 0.8972311401367188 0.37597195208072665
0 0.5268728256225585 0.3786614227294922 0.5358417999744416 0.3786614227294922 0.5358417999744416 0.39009745001792906 0.5268728256225585 0.39009745001792906
0 0.8362261962890625 0.6290383529663086 0.8443603134155273 0.6290383529663086 0.8443603134155273 0.6374828672409057 0.8362261962890625 0.6374828672409057
0 0.12305939674377442 0.36828601837158204 0.1306434953212738 0.36828601837158204 0.1306434953212738 0.377597279548645 0.12305939674377442 0.377597279548645
0 0.7699592590332032 0.4730899810791015 0.7780861020088197 0.4730899810791015 0.7780861020088197 0.4837744140625 0.7699592590332032 0.4837744140625
0 0.14781048774719238 0.3680047607421875 0.15370213985443115 0.3680047607421875 0.15370213985443115 0.3758553284406662 0.14781048774719238 0.3758553284406662
0 0.8336397552490235 0.6788108062744141 0.8407826429605484 0.6788108062744141 0.8407826429605484 0.6885047227144241 0.8336397552490235 0.6885047227144241
0 0.4969637298583984 0.21195167541503906 0.5049359738826751 0.21195167541503906 0.5049359738826751 0.22300137042999268 0.4969637298583984 0.22300137042999268
0 0.258833065032959 0.6092562103271484 0.26699323475360875 0.6092562103271484 0.26699323475360875 0.6188699984550475 0.258833065032959 0.6188699984550475
0 0.169815673828125 0.15116043090820314 0.176850700378418 0.15116043090820314 0.176850700378418 0.16112163305282592 0.169815673828125 0.16112163305282592
0 0.8718257141113281 0.36761711120605467 0.8800189739465712 0.36761711120605467 0.8800189739465712 0.37754180729389186 0.8718257141113281 0.37754180729389186
0 0.18301567077636718 0.615329360961914 0.1901316338777542 0.615329360961914 0.1901316338777542 0.6242034929990768 0.18301567077636718 0.6242034929990768
0 0.8618421936035157 0.478148078918457 0.8703107035160065 0.478148078918457 0.8703107035160065 0.4882971501350403 0.8618421936035157 0.4882971501350403
0 0.45050872802734376 0.6295877075195313 0.45850255906581877 0.6295877075195313 0.45850255906581877 0.6403823518753052 0.45050872802734376 0.6403823518753052
0 0.1337169075012207 0.5185233306884766 0.14130850970745087 0.5185233306884766 0.14130850970745087 0.5272119855880737 0.1337169075012207 0.5272119855880737
0 0.5861836624145508 0.8284918212890625 0.5949522614479066 0.8284918212890625 0.5949522614479066 0.838448299765587 0.5861836624145508 0.838448299765587
0 0.1408111572265625 0.8177147674560546 0.14826840221881868 0.8177147674560546 0.14826840221881868 0.8270980530977249 0.1408111572265625 0.8270980530977249
0 0.15496334075927734 0.6587680816650391 0.1621016001701355 0.6587680816650391 0.1621016001701355 0.6666999638080597 0.15496334075927734 0.6666999638080597
0 0.45129779815673826 0.6836067962646485 0.4586042445898056 0.6836067962646485 0.4586042445898056 0.6936784672737123 0.45129779815673826 0.6936784672737123
0 0.9054428863525391 0.6213061141967774 0.9124392777681353 0.6213061141967774 0.9124392777681353 0.6313623678684235 0.9054428863525391 0.6313623678684235
0 0.8631014251708984 0.779927978515625 0.8698644399642944 0.779927978515625 0.8698644399642944 0.7889619719982147 0.8631014251708984 0.7889619719982147
0 0.907203140258789 0.8217135620117187 0.9147722095251083 0.8217135620117187 0.9147722095251083 0.8291995400190353 0.907203140258789 0.8291995400190353
0 0.13450706520247885 0.14981335763783798 0.14307118545881645 0.14981335763783798 0.14307118545881645 0.16328207465176728 0.13450706520247885 0.16328207465176728
0 0.1395447830003245 0.21446319930469862 0.14810890325666212 0.21446319930469862 0.14810890325666212 0.22725848046793148 0.1395447830003245 0.22725848046793148
0 0.1209052271482956 0.31413170520777545 0.1294693474046332 0.31413170520777545 0.1294693474046332 0.3222129354161331 0.1209052271482956 0.3222129354161331
0 0.1450862725779547 0.3201926278640437 0.15465793639386144 0.3201926278640437 0.15465793639386144 0.33029416562449065 0.1450862725779547 0.33029416562449065
0 0.13752969588118621 0.45892041310751547 0.14710135969709298 0.45892041310751547 0.14710135969709298 0.4710422584200519 0.13752969588118621 0.4710422584200519
0 0.1420636418992473 0.7639868534730142 0.15012399037580038 0.7639868534730142 0.15012399037580038 0.7747618270841575 0.1420636418992473 0.7747618270841575
0 0.8876588931080418 0.2208869590284405 0.8947116980250258 0.2208869590284405 0.8947116980250258 0.23637598359445924 0.8876588931080418 0.23637598359445924
0 0.865492934797521 0.5320143220502074 0.8755683703932123 0.5320143220502074 0.8755683703932123 0.5481767824669225 0.865492934797521 0.5481767824669225
0 0.8639816194581672 0.6269687769984089 0.8715381961549359 0.6269687769984089 0.8715381961549359 0.6424578015644277 0.8639816194581672 0.6424578015644277
0 0.8670042501368748 0.674782722397858 0.8740570550538587 0.674782722397858 0.8740570550538587 0.692292054515966 0.8670042501368748 0.692292054515966
0 0.892192839126103 0.6774764658006438 0.9042833618409324 0.6774764658006438 0.9042833618409324 0.6889248752624837 0.892192839126103 0.6889248752624837
0 0.8357703997902317 0.7751246641516313 0.8438307482667847 0.7751246641516313 0.8438307482667847 0.787919945314864 0.8357703997902317 0.787919945314864
0 0.8554174992018297 0.8209183019989907 0.8680117936964439 0.8209183019989907 0.8680117936964439 0.83438701901292 0.8554174992018297 0.83438701901292
0 0.9098248514185627 0.7717574848981489 0.9168776563355466 0.7717574848981489 0.9168776563355466 0.7832058943599887 0.9098248514185627 0.7832058943599887
