0 0.4427429962158203 0.3010861587524414 0.45112509846687315 0.3010861587524414 0.45112509846687315 0.3110249274969101 0.4427429962158203 0.3110249274969101
0 0.4843882369995117 0.5110773086547852 0.4922786867618561 0.5110773086547852 0.4922786867618561 0.5198958611488342 0.4843882369995117 0.5198958611488342
0 0.560694580078125 0.5205071640014648 0.568641333580017 0.5205071640014648 0.568641333580017 0.5304403191804886 0.560694580078125 0.5304403191804886
0 0.5029404067993164 0.301583251953125 0.5105821031332015 0.301583251953125 0.5105821031332015 0.3115373188257217 0.5029404067993164 0.3115373188257217
0 0.5468239593505859 0.35666744232177733 0.5548112255334854 0.35666744232177733 0.5548112255334854 0.36573310017585753 0.5468239593505859 0.36573310017585753
0 0.5687889099121094 0.45748512268066405 0.5762773084640503 0.45748512268066405 0.5762773084640503 0.467095313668251 0.5687889099121094 0.467095313668251
0 0.48235755920410156 0.30021076202392577 0.4893564641475677 0.30021076202392577 0.4893564641475677 0.30851253151893615 0.48235755920410156 0.30851253151893615
0 0.4380423355102539 0.4666059494018554 0.445354163646698 0.4666059494018554 0.445354163646698 0.475843762755394 0.4380423355102539 0.475843762755394
0 0.5172037124633789 0.517655029296875 0.5243970489501955 0.517655029296875 0.5243970489501955 0.5277100181579589 0.5172037124633789 0.5277100181579589
0 0.4427079772949219 0.35341533660888674 0.44981369376182556 0.35341533660888674 0.44981369376182556 0.36319471836090095 0.4427079772949219 0.36319471836090095
0 0.6100939559936523 0.46802181243896485 0.6170440977811813 0.46802181243896485 0.6170440977811813 0.4758612328767777 0.6100939559936523 0.4758612328767777
0 0.4811831283569336 0.3533432388305664 0.4888905024528504 0.3533432388305664 0.4888905024528504 0.3635236179828643 0.4811831283569336 0.3635236179828643
0 0.5109468841552735 0.3548403549194336 0.5191546934843063 0.3548403549194336 0.5191546934843063 0.36505030274391176 0.5109468841552735 0.36505030274391176
0 0.48891708374023435 0.4661083221435547 0.4967166316509246 0.4661083221435547 0.4967166316509246 0.47507799983024596 0.48891708374023435 0.47507799983024596
0 0.4584050750732422 0.5347415924072265 0.4657437837123871 0.5347415924072265 0.4657437837123871 0.5431472086906433 0.4584050750732422 0.5431472086906433
0 0.6037009811401367 0.5143156433105469 0.6112573343515396 0.5143156433105469 0.6112573343515396 0.5234012639522553 0.6037009811401367 0.5234012639522553
0 0.5429899978637696 0.3039105987548828 0.5513983005285263 0.3039105987548828 0.5513983005285263 0.31391959309577944 0.5429899978637696 0.31391959309577944
0 0.5818635177612305 0.35456043243408203 0.5901411741971969 0.35456043243408203 0.5901411741971969 0.36542129039764404 0.5818635177612305 0.36542129039764404
0 0.5261603546142578 0.47309867858886717 0.5351093977689743 0.47309867858886717 0.5351093977689743 0.4848987829685211 0.5261603546142578 0.4848987829685211
0 0.5759082621647981 0.30297827177971176 0.5813206862451281 0.30297827177971176 0.5813206862451281 0.3113266500941307 0.5759082621647981 0.3113266500941307
