0 0.5006324005126953 0.5313639450073242 0.5083463096618653 0.5313639450073242 0.5083463096618653 0.540594722032547 0.5006324005126953 0.540594722032547
0 0.5167678833007813 0.68718994140625 0.5246123200654984 0.68718994140625 0.5246123200654984 0.69685895383358 0.5167678833007813 0.69685895383358
0 0.5401215744018555 0.22667152404785154 0.5478460699319839 0.22667152404785154 0.5478460699319839 0.2372936177253723 0.5401215744018555 0.2372936177253723
0 0.521694564819336 0.3734769058227539 0.530345529317856 0.3734769058227539 0.530345529317856 0.3838156056404114 0.521694564819336 0.3838156056404114
0 0.4693070602416992 0.8434361267089844 0.47696126520633697 0.8434361267089844 0.47696126520633697 0.8533771884441376 0.4693070602416992 0.8533771884441376
0 0.5480527114868164 0.8442803955078125 0.5562162816524506 0.8442803955078125 0.5562162816524506 0.855158884525299 0.5480527114868164 0.855158884525299
0 0.46954238891601563 0.3739818572998047 0.4769508856534958 0.3739818572998047 0.4769508856534958 0.38444974184036257 0.46954238891601563 0.38444974184036257
0 0.578253402709961 0.844505615234375 0.586863381266594 0.844505615234375 0.586863381266594 0.8542883962392807 0.578253402709961 0.8542883962392807
0 0.5790687942504883 0.7707045745849609 0.587110767364502 0.7707045745849609 0.587110767364502 0.7806034964323044 0.5790687942504883 0.7806034964323044
0 0.4462141036987305 0.37308746337890625 0.45419350385665896 0.37308746337890625 0.45419350385665896 0.38244845390319826 0.4462141036987305 0.38244845390319826
0 0.5075013732910156 0.2276312255859375 0.5152918130159378 0.2276312255859375 0.5152918130159378 0.2377306663990021 0.5075013732910156 0.2377306663990021
0 0.56215576171875 0.5329500198364258 0.5707702946662904 0.5329500198364258 0.5707702946662904 0.5438294970989227 0.56215576171875 0.5438294970989227
0 0.45347694396972654 0.14457113265991212 0.4616419631242752 0.14457113265991212 0.4616419631242752 0.15502785086631776 0.45347694396972654 0.15502785086631776
0 0.43768226623535156 0.22704177856445312 0.4460900956392288 0.22704177856445312 0.4460900956392288 0.23741654992103575 0.43768226623535156 0.23741654992103575
0 0.5073660659790039 0.8448580932617188 0.5150817495584488 0.8448580932617188 0.5150817495584488 0.8547108435630798 0.5073660659790039 0.8547108435630798
0 0.5481282043457031 0.6223319625854492 0.5561050027608871 0.6223319625854492 0.5561050027608871 0.6320790874958039 0.5481282043457031 0.6320790874958039
0 0.7739514923095703 0.7633800506591797 0.7825856012105941 0.7633800506591797 0.7825856012105941 0.7730851149559022 0.7739514923095703 0.7730851149559022
0 0.5799972915649414 0.6861491394042969 0.5873036491870879 0.6861491394042969 0.5873036491870879 0.6970042264461518 0.5799972915649414 0.6970042264461518
0 0.4851260757446289 0.7737595367431641 0.4931160628795624 0.7737595367431641 0.4931160628795624 0.7849183762073517 0.4851260757446289 0.7849183762073517
0 0.5697945785522461 0.4703405380249023 0.5783985245227814 0.4703405380249023 0.5783985245227814 0.4793544900417327 0.5697945785522461 0.4793544900417327
0 0.498440933227539 0.37434597015380866 0.5055677342414856 0.37434597015380866 0.5055677342414856 0.3843022507429123 0.498440933227539 0.3843022507429123
0 0.5290580749511719 0.46805248260498045 0.5370263564586638 0.46805248260498045 0.5370263564586638 0.47787582218647 0.5290580749511719 0.47787582218647
0 0.5845990371704102 0.6253390502929688 0.5924819761514664 0.6253390502929688 0.5924819761514664 0.6344835317134857 0.5845990371704102 0.6344835317134857
0 0.46216583251953125 0.471405029296875 0.46938134729862213 0.471405029296875 0.46938134729862213 0.4811793512105942 0.46216583251953125 0.4811793512105942
0 0.21779365539550782 0.7737380218505859 0.2255502063035965 0.7737380218505859 0.2255502063035965 0.7828883147239685 0.21779365539550782 0.7828883147239685
0 0.6018436050415039 0.7693766784667969 0.6094984900951387 0.7693766784667969 0.6094984900951387 0.7780903959274292 0.6018436050415039 0.7780903959274292
0 0.5376137542724609 0.308239688873291 0.545156859755516 0.308239688873291 0.545156859755516 0.3185399842262268 0.5376137542724609 0.3185399842262268
0 0.5246918487548828 0.14670654296875 0.5323647719621659 0.14670654296875 0.5323647719621659 0.15793614149093627 0.5246918487548828 0.15793614149093627
0 0.5446382904052735 0.6858821868896483 0.5517000937461852 0.6858821868896483 0.5517000937461852 0.6954018527269363 0.5446382904052735 0.6954018527269363
0 0.5283747863769531 0.5337892532348633 0.5370983189344406 0.5337892532348633 0.5370983189344406 0.5440120494365692 0.5283747863769531 0.5440120494365692
0 0.4667366409301758 0.30395313262939455 0.4742805153131486 0.30395313262939455 0.4742805153131486 0.3141756117343903 0.4667366409301758 0.3141756117343903
0 0.18881475448608398 0.7714379119873046 0.19612204372882844 0.7714379119873046 0.19612204372882844 0.7806169039011001 0.18881475448608398 0.7806169039011001
0 0.8197010040283204 0.8381288146972656 0.8278180885314941 0.8381288146972656 0.8278180885314941 0.8480162727832795 0.8197010040283204 0.8480162727832795
0 0.5126539611816406 0.30900283813476564 0.5202976089715958 0.30900283813476564 0.5202976089715958 0.31998029112815857 0.5126539611816406 0.31998029112815857
0 0.4360155868530273 0.4717094039916992 0.44368037819862366 0.4717094039916992 0.44368037819862366 0.48036173045635217 0.4360155868530273 0.48036173045635217
0 0.7696461486816406 0.837156753540039 0.7783826333284378 0.837156753540039 0.7783826333284378 0.8473708128929137 0.7696461486816406 0.8473708128929137
0 0.5103916168212891 0.7701563262939453 0.5184894800186158 0.7701563262939453 0.5184894800186158 0.7803348088264466 0.5103916168212891 0.7803348088264466
0 0.12751566886901855 0.8333552551269531 0.1354141175746918 0.8333552551269531 0.1354141175746918 0.8426274597644805 0.12751566886901855 0.8426274597644805
0 0.48589286804199217 0.30568862915039063 0.49320088148117064 0.30568862915039063 0.49320088148117064 0.3149318385124206 0.48589286804199217 0.3149318385124206
0 0.5678607940673828 0.2254660415649414 0.5754703760147095 0.2254660415649414 0.5754703760147095 0.23528133690357206 0.5678607940673828 0.23528133690357206
0 0.2589460563659668 0.7738066864013672 0.2675331765413284 0.7738066864013672 0.2675331765413284 0.7840753769874572 0.2589460563659668 0.7840753769874572
0 0.8030484008789063 0.7670853424072265 0.8116007155179977 0.7670853424072265 0.8116007155179977 0.777493575811386 0.8030484008789063 0.777493575811386
0 0.5530418014526367 0.36848480224609376 0.5615978419780732 0.36848480224609376 0.5615978419780732 0.37848816394805906 0.5530418014526367 0.37848816394805906
0 0.22489473342895508 0.842448959350586 0.23238756775856018 0.842448959350586 0.23238756775856018 0.8522296851873399 0.22489473342895508 0.8522296851873399
0 0.456324462890625 0.7711247253417969 0.46407640099525455 0.7711247253417969 0.46407640099525455 0.78164546251297 0.456324462890625 0.78164546251297
0 0.43629573822021483 0.8412150573730469 0.44350291371345524 0.8412150573730469 0.44350291371345524 0.850730928182602 0.43629573822021483 0.850730928182602
0 0.4857985305786133 0.14850764274597167 0.49445813000202177 0.14850764274597167 0.49445813000202177 0.1583039528131485 0.4857985305786133 0.1583039528131485
0 0.16302568435668946 0.8380401611328125 0.17017592012882232 0.8380401611328125 0.17017592012882232 0.847464874982834 0.16302568435668946 0.847464874982834
0 0.2843319320678711 0.8521787261962891 0.2929271548986435 0.8521787261962891 0.2929271548986435 0.8625519359111786 0.2843319320678711 0.8625519359111786
0 0.5187483596801757 0.6210623168945313 0.5278018486499786 0.6210623168945313 0.5278018486499786 0.6321324896812439 0.5187483596801757 0.6321324896812439
0 0.8479552459716797 0.8404156494140625 0.853811782002449 0.8404156494140625 0.853811782002449 0.8479693031311035 0.8479552459716797 0.8479693031311035
0 0.4732883071899414 0.22383712768554687 0.4817904394865036 0.22383712768554687 0.4817904394865036 0.23472506403923032 0.4732883071899414 0.23472506403923032
0 0.49802036285400386 0.464140739440918 0.5057172983884811 0.464140739440918 0.5057172983884811 0.47448303580284124 0.49802036285400386 0.47448303580284124
0 0.48764636993408206 0.6861646270751953 0.4953693282604218 0.6861646270751953 0.4953693282604218 0.696092485189438 0.48764636993408206 0.696092485189438
0 0.47956199645996095 0.5349060440063477 0.4867117148637772 0.5349060440063477 0.4867117148637772 0.5441355556249619 0.47956199645996095 0.5441355556249619
0 0.8365740966796875 0.7739960479736329 0.84484512925148 0.7739960479736329 0.84484512925148 0.7830791383981706 0.8365740966796875 0.7830791383981706
0 0.4504637145996094 0.6178215026855469 0.45814926505088804 0.6178215026855469 0.45814926505088804 0.6276559108495713 0.4504637145996094 0.6276559108495713
0 0.4559722137451172 0.6838768005371094 0.46386520683765414 0.6838768005371094 0.46386520683765414 0.6944154059886933 0.4559722137451172 0.6944154059886933
0 0.5641873168945313 0.30728851318359374 0.5727911448478699 0.30728851318359374 0.5727911448478699 0.3179973769187927 0.5641873168945313 0.3179973769187927
0 0.48715744018554685 0.6188589477539063 0.4959902679920196 0.6188589477539063 0.4959902679920196 0.6293155276775361 0.48715744018554685 0.6293155276775361
0 0.45041034698486326 0.5355810165405274 0.4586064755916595 0.5355810165405274 0.4586064755916595 0.5445576512813568 0.45041034698486326 0.5445576512813568
0 0.6060397720336914 0.15612684249877928 0.6143710708618164 0.15612684249877928 0.6143710708618164 0.16682586312294004 0.6060397720336914 0.16682586312294004
0 0.5809475326538086 0.36870132446289067 0.5906120830774307 0.36870132446289067 0.5906120830774307 0.38083305001258855 0.5809475326538086 0.38083305001258855
0 0.12392785782700297 0.7693743402785856 0.1294693474046332 0.7693743402785856 0.1294693474046332 0.7781290063376398 0.12392785782700297 0.7781290063376398
0 0.1823653842820125 0.8387382329003217 0.19193704809791923 0.8387382329003217 0.19193704809791923 0.8495132065114652 0.1823653842820125 0.8495132065114652
0 0.8811098599708426 0.7660071610251036 0.8876588931080419 0.7660071610251036 0.8876588931080419 0.7794758780390328 0.8811098599708426 0.7794758780390328
0 0.8972305569239487 0.8286366951398747 0.9042833618409325 0.8286366951398747 0.9042833618409325 0.8387382329003216 0.8972305569239487 0.8387382329003216
