0 0.15329914506946488 0.15703004811539517 0.1613130970039563 0.15703004811539517 0.1613130970039563 0.16566952496270754 0.15329914506946488 0.16566952496270754
0 0.18819861317128234 0.15910352255875015 0.192851875584858 0.15910352255875015 0.192851875584858 0.16877973662773996 0.18819861317128234 0.16877973662773996
0 0.2163767022312683 0.16290489237156758 0.2220640229589719 0.16290489237156758 0.2220640229589719 0.17327226458834236 0.2163767022312683 0.17327226458834236
0 0.24041855803474255 0.15668446904150268 0.24688142249804207 0.15668446904150268 0.24688142249804207 0.16636068311049249 0.24041855803474255 0.16636068311049249
0 0.2704062491444523 0.15357425737647026 0.2789372302360077 0.15357425737647026 0.2789372302360077 0.16463278774103002 0.2704062491444523 0.16463278774103002
0 0.17578991340174724 0.21163154179040908 0.18406237991477062 0.21163154179040908 0.18406237991477062 0.2244179675244313 0.17578991340174724 0.2244179675244313
0 0.206553148247053 0.21163154179040908 0.2140500710244805 0.21163154179040908 0.2140500710244805 0.21888870234215144 0.206553148247053 0.21888870234215144
0 0.26549447215234473 0.20783017197759165 0.2716988220371123 0.20783017197759165 0.2716988220371123 0.21750638604658146 0.26549447215234473 0.21750638604658146
0 0.1558842908547847 0.21094038364262407 0.1595034949542324 0.21094038364262407 0.1595034949542324 0.2195798604899364 0.1558842908547847 0.2195798604899364
0 0.23550678104263492 0.20921248827316163 0.24093558719180647 0.20921248827316163 0.24093558719180647 0.21716080697268897 0.23550678104263492 0.21716080697268897
0 0.14373410566378156 0.31357736858869456 0.14967994097001713 0.31357736858869456 0.14967994097001713 0.3249814780271469 0.14373410566378156 0.3249814780271469
0 0.17604842798027925 0.3097759987758771 0.18302832160064275 0.3097759987758771 0.18302832160064275 0.31876105469708194 0.17604842798027925 0.31876105469708194
0 0.20138285667641337 0.30528347081527474 0.2083627502967769 0.30528347081527474 0.2083627502967769 0.314614105810372 0.20138285667641337 0.314614105810372
0 0.23033648947199528 0.30839368248030713 0.23757489767089074 0.30839368248030713 0.23757489767089074 0.31876105469708194 0.23033648947199528 0.31876105469708194
0 0.2556709181681294 0.30770252433252215 0.2631678409455569 0.30770252433252215 0.2631678409455569 0.31599642210594203 0.2556709181681294 0.31599642210594203
0 0.13882232867167393 0.37232581115041835 0.14399262024231352 0.37232581115041835 0.14399262024231352 0.3830387624410857 0.13882232867167393 0.3830387624410857
0 0.17139516556670353 0.36783328318981595 0.1778580300300031 0.36783328318981595 0.1778580300300031 0.3768183391110208 0.17139516556670353 0.3768183391110208
0 0.19569553594870978 0.36817886226370844 0.20293394414760527 0.36817886226370844 0.20293394414760527 0.3782006554065907 0.19569553594870978 0.3782006554065907
0 0.22283956669456784 0.36230401800753603 0.23059500405052724 0.36230401800753603 0.23059500405052724 0.3712890739287409 0.22283956669456784 0.3712890739287409
0 0.24946656828336186 0.35850264819471866 0.25644646190372533 0.35850264819471866 0.25644646190372533 0.36852444133760087 0.24946656828336186 0.36852444133760087
0 0.15071399928414508 0.46943353091420886 0.15743537832597657 0.46943353091420886 0.15743537832597657 0.4759995333181662 0.15071399928414508 0.4759995333181662
0 0.17010259267404365 0.47254374257924125 0.17811654460853507 0.47254374257924125 0.17811654460853507 0.4794553240570912 0.17010259267404365 0.4794553240570912
0 0.19802216715549764 0.46321310758414397 0.20319245872613723 0.46321310758414397 0.20319245872613723 0.47427163794870375 0.19802216715549764 0.47427163794870375
0 0.21715224596686422 0.460448474993004 0.22232253753750386 0.460448474993004 0.22232253753750386 0.4718525844314562 0.21715224596686422 0.4718525844314562
0 0.2445547912912542 0.45042668185012175 0.24920805370482987 0.45042668185012175 0.24920805370482987 0.4607940540668965 0.2445547912912542 0.4607940540668965
0 0.1613130970039563 0.5257629199586853 0.16596635941753196 0.5257629199586853 0.16596635941753196 0.532674501436535 0.1613130970039563 0.532674501436535
0 0.178633573765599 0.5236894455153303 0.1861304965430265 0.5236894455153303 0.1861304965430265 0.5330200805104276 0.178633573765599 0.5330200805104276
0 0.20319245872613723 0.5212703919980828 0.2088797794538408 0.5212703919980828 0.2088797794538408 0.5281819734759327 0.20319245872613723 0.5281819734759327
0 0.22826837284373944 0.5212703919980828 0.233697178992911 0.5212703919980828 0.233697178992911 0.5347479758798901 0.22826837284373944 0.5347479758798901
0 0.24662290791951008 0.5181601803330503 0.25256874322574563 0.5181601803330503 0.25256874322574563 0.5292187106976102 0.24662290791951008 0.5292187106976102
0 0.1419245036140577 0.6252896932397233 0.1491629118129532 0.6252896932397233 0.1491629118129532 0.6325468537914656 0.1419245036140577 0.6325468537914656
0 0.1667419031531279 0.6294366421264331 0.17242922388083143 0.6294366421264331 0.17242922388083143 0.6391128561954229 0.1667419031531279 0.6391128561954229
0 0.18380386533623866 0.6235617978702608 0.19052524437807014 0.6235617978702608 0.19052524437807014 0.632892432865358 0.18380386533623866 0.632892432865358
0 0.22283956669456784 0.6266720095352932 0.2311120332075912 0.6266720095352932 0.2311120332075912 0.6360026445303905 0.22283956669456784 0.6360026445303905
0 0.2530857723828096 0.6277087467569707 0.2592901222675772 0.6277087467569707 0.2592901222675772 0.6384216980476379 0.2530857723828096 0.6384216980476379
0 0.1460607368705694 0.6677959193284998 0.15355765964799686 0.6677959193284998 0.15355765964799686 0.6767809752497047 0.1460607368705694 0.6767809752497047
0 0.1763069425588112 0.6712517100674248 0.18225277786504682 0.6712517100674248 0.18225277786504682 0.6792000287669522 0.1763069425588112 0.6792000287669522
0 0.20732869198264894 0.669869393771855 0.21379155644594852 0.669869393771855 0.21379155644594852 0.6798911869147374 0.20732869198264894 0.6798911869147374
0 0.22904391657933537 0.6760898171019197 0.23628232477823083 0.6760898171019197 0.23628232477823083 0.6830013985797696 0.22904391657933537 0.6830013985797696
0 0.25696349106078936 0.6733251845107797 0.2639433846811528 0.6733251845107797 0.2639433846811528 0.682655819505877 0.25696349106078936 0.682655819505877
0 0.15510874711918873 0.7769989066785276 0.16131309700395632 0.7769989066785276 0.16131309700395632 0.7863295416736248 0.15510874711918873 0.7863295416736248
0 0.17475585508761932 0.7749254322351726 0.1812187195509188 0.7749254322351726 0.1812187195509188 0.7842560672302701 0.17475585508761932 0.7842560672302701
0 0.20887977945384084 0.7731975368657104 0.2148256147600764 0.7731975368657104 0.2148256147600764 0.7818370137130226 0.20887977945384084 0.7818370137130226
0 0.23447272272850697 0.7759621694568501 0.2409355871918065 0.7759621694568501 0.2409355871918065 0.7859839625997325 0.23447272272850697 0.7859839625997325
0 0.2711817928800483 0.7707784833484627 0.2804883177071997 0.7707784833484627 0.2804883177071997 0.7814914346391301 0.2711817928800483 0.7814914346391301
0 0.1525236013338689 0.829181346836294 0.15898646579716846 0.829181346836294 0.15898646579716846 0.837475244609714 0.1525236013338689 0.837475244609714
0 0.17527288424468326 0.8329827166491114 0.1830283216006427 0.8329827166491114 0.1830283216006427 0.8405854562747461 0.17527288424468326 0.8405854562747461
0 0.2050020607758611 0.8233065025801216 0.21094789608209671 0.8233065025801216 0.21094789608209671 0.834019453870789 0.2050020607758611 0.834019453870789
0 0.23214609152171914 0.8201962909150892 0.23938449972061465 0.8201962909150892 0.23938449972061465 0.8295269259101864 0.23214609152171914 0.8295269259101864
0 0.2673040742020686 0.8264167142451541 0.274542482400964 0.8264167142451541 0.274542482400964 0.834019453870789 0.2673040742020686 0.834019453870789
0 0.1264136289021388 0.9174066013396941 0.13339352252250233 0.9174066013396941 0.13339352252250233 0.9246637618914365 0.1264136289021388 0.9246637618914365
0 0.16053755326836036 0.9094582826401669 0.1638982427892761 0.9094582826401669 0.1638982427892761 0.9201712339308341 0.16053755326836036 0.9201712339308341
0 0.17811654460853507 0.9142963896746618 0.1832868361791747 0.9142963896746618 0.1832868361791747 0.9232814455958666 0.17811654460853507 0.9232814455958666
0 0.20009028378375343 0.9198256548569416 0.20732869198264894 0.9198256548569416 0.20732869198264894 0.929156289852039 0.20009028378375343 0.929156289852039
0 0.23550678104263492 0.9232814455958664 0.24119410177033845 0.9232814455958664 0.24119410177033845 0.9315753433692862 0.23550678104263492 0.9315753433692862
0 0.14399262024231355 0.9657876716846432 0.15019697012708114 0.9657876716846432 0.15019697012708114 0.9765006229753103 0.14399262024231355 0.9765006229753103
0 0.16622487399606395 0.9661332507585356 0.17294625303789543 0.9661332507585356 0.17294625303789543 0.9761550439014182 0.16622487399606395 0.9761550439014182
0 0.19647107968430574 0.9678611461279981 0.19983176920522147 0.9678611461279981 0.19983176920522147 0.9771917811230953 0.19647107968430574 0.9771917811230953
0 0.21146492523916063 0.9688978833496756 0.21973739175218407 0.9688978833496756 0.21973739175218407 0.9771917811230953 0.21146492523916063 0.9771917811230953
0 0.2362823247782309 0.973390411310278 0.24248667466299847 0.973390411310278 0.24248667466299847 0.9834122044531602 0.2362823247782309 0.9834122044531602
0 0.2587730931105132 0.9771917811230953 0.2665285304664727 0.9771917811230953 0.2665285304664727 0.9851400998226227 0.2587730931105132 0.9851400998226227
0 0.2794542593930717 0.9809931509359128 0.2869511821704992 0.9809931509359128 0.2869511821704992 0.9910149440787952 0.2794542593930717 0.9910149440787952
0 0.45162496869537117 0.147907843625987 0.4573122894230748 0.147907843625987 0.4573122894230748 0.15654732047329933 0.45162496869537117 0.15654732047329933
0 0.47489128076324943 0.1489445808476645 0.48368077643333685 0.1489445808476645 0.48368077643333685 0.15689289954719185 0.47489128076324943 0.15689289954719185
0 0.5038449135588314 0.15101805529101942 0.510049263443599 0.15101805529101942 0.510049263443599 0.1627677438033642 0.5038449135588314 0.1627677438033642
0 0.5402954691318407 0.14998131806934198 0.549084964801928 0.14998131806934198 0.549084964801928 0.16138542750779422 0.5402954691318407 0.16138542750779422
0 0.5790726559116379 0.15067247621712695 0.5860525495320014 0.15067247621712695 0.5860525495320014 0.16415006009893418 0.5790726559116379 0.16415006009893418
0 0.4524005124309671 0.20527396989214086 0.46093149352252244 0.20527396989214086 0.46093149352252244 0.2132222885916682 0.4524005124309671 0.2132222885916682
0 0.48342226185480486 0.20838418155717325 0.48962661173957245 0.20838418155717325 0.48962661173957245 0.2201338700695181 0.48342226185480486 0.2201338700695181
0 0.5154780695927706 0.20561954896603332 0.5216824194775381 0.20561954896603332 0.5216824194775381 0.21460460488723812 0.5154780695927706 0.21460460488723812
0 0.5524456543228439 0.19939912563596848 0.5599425771002714 0.19939912563596848 0.5599425771002714 0.2080386024832808 0.5524456543228439 0.2080386024832808
0 0.577004539283382 0.19870796748818345 0.5832088891681495 0.19870796748818345 0.5832088891681495 0.20872976063106577 0.577004539283382 0.20872976063106577
0 0.44542061881060363 0.30341842687760884 0.4526590270094991 0.30341842687760884 0.4526590270094991 0.3155136944638461 0.44542061881060363 0.3155136944638461
0 0.4751497953417815 0.29892589891700644 0.48083711606948504 0.29892589891700644 0.48083711606948504 0.3106755874293512 0.4751497953417815 0.3106755874293512
0 0.5051374864514913 0.30549190132096377 0.510307778022131 0.30549190132096377 0.510307778022131 0.31655043168552355 0.5051374864514913 0.31655043168552355
0 0.5402954691318407 0.30756537576431875 0.5488264502233959 0.30756537576431875 0.5488264502233959 0.3155136944638461 0.5402954691318407 0.3155136944638461
0 0.5726097914483385 0.3144769572421686 0.5806237433828297 0.3144769572421686 0.5806237433828297 0.32484432945894337 0.5726097914483385 0.32484432945894337
0 0.44542061881060363 0.36182129036544014 0.4552441727948188 0.36182129036544014 0.4552441727948188 0.37218866258221506 0.44542061881060363 0.37218866258221506
0 0.4761838536559094 0.3649315020304726 0.48368077643333685 0.3649315020304726 0.48368077643333685 0.37391655795167733 0.4761838536559094 0.37391655795167733
0 0.5077226322368111 0.36424034388268756 0.5136684675430466 0.36424034388268756 0.5136684675430466 0.37426213702556976 0.5077226322368111 0.37426213702556976
0 0.5387443816606489 0.35318181351812783 0.5436561586527565 0.35318181351812783 0.5436561586527565 0.3656226601782576 0.5387443816606489 0.3656226601782576
0 0.5718342477127424 0.3587110787004077 0.5816578016969577 0.3587110787004077 0.5816578016969577 0.36665939739993514 0.5718342477127424 0.36665939739993514
0 0.45576120195188285 0.4630759590159406 0.46480921220050225 0.4630759590159406 0.46480921220050225 0.469641961419898 0.45576120195188285 0.469641961419898
0 0.48549037848306076 0.4637671171637256 0.49350433041755226 0.4637671171637256 0.49350433041755226 0.47240659401103785 0.48549037848306076 0.47240659401103785
0 0.5139269821215787 0.4637671171637256 0.5203898465848782 0.4637671171637256 0.5203898465848782 0.4748256475282854 0.5139269821215787 0.4748256475282854
0 0.5532211980584398 0.4658405916070806 0.5591670333646753 0.4658405916070806 0.5591670333646753 0.47689912197164036 0.5532211980584398 0.47689912197164036
0 0.5857940349534694 0.4637671171637256 0.5930324431523648 0.4637671171637256 0.5930324431523648 0.47448006845439283 0.5857940349534694 0.47448006845439283
0 0.4480057645959235 0.5135305038042446 0.4557612019518829 0.5135305038042446 0.4557612019518829 0.5214788225037721 0.4480057645959235 0.5214788225037721
0 0.4803200869124211 0.5308094574988692 0.48652443679718865 0.5308094574988692 0.48652443679718865 0.5415224087895366 0.4803200869124211 0.5415224087895366
0 0.509790748865067 0.5190597689865245 0.5170291570639626 0.5190597689865245 0.5170291570639626 0.5308094574988693 0.509790748865067 0.5308094574988693
0 0.538485867082117 0.5325373528683317 0.5477923919092682 0.5325373528683317 0.5477923919092682 0.5404856715678591 0.538485867082117 0.5404856715678591
0 0.578555626754574 0.5301182993510842 0.5847599766393415 0.5301182993510842 0.5847599766393415 0.541867987863429 0.578555626754574 0.541867987863429
0 0.44671319170326357 0.61882628149658 0.45369308532362707 0.61882628149658 0.45369308532362707 0.6281569164916774 0.44671319170326357 0.6281569164916774
0 0.4454206188106037 0.6727366170238092 0.45265902700949917 0.6727366170238092 0.45265902700949917 0.6837951473883689 0.4454206188106037 0.6837951473883689
0 0.4808371160694851 0.6710087216543466 0.48678295137572064 0.6710087216543466 0.48678295137572064 0.6834495683144761 0.4808371160694851 0.6834495683144761
0 0.4803200869124212 0.6198630187182576 0.48729998053278467 0.6198630187182576 0.48729998053278467 0.6302303909350323 0.4803200869124212 0.6302303909350323
0 0.5157365841713026 0.623664388531075 0.5253016235769861 0.623664388531075 0.5253016235769861 0.6316127072306023 0.5157365841713026 0.6316127072306023
0 0.525301623576986 0.6786114612799813 0.5325400317758814 0.6786114612799813 0.5325400317758814 0.6872509381272937 0.525301623576986 0.6872509381272937
0 0.5617521791499953 0.6720454588760241 0.5695076165059546 0.6720454588760241 0.5695076165059546 0.6799937775755514 0.5617521791499953 0.6799937775755514
0 0.5498605085375241 0.6198630187182576 0.5602010916788033 0.6198630187182576 0.5602010916788033 0.6291936537133548 0.5498605085375241 0.6291936537133548
0 0.5938079868879609 0.6146793326098702 0.6013049096653885 0.6146793326098702 0.6013049096653885 0.6267746001961074 0.5938079868879609 0.6267746001961074
0 0.5979442201444726 0.6665161936937442 0.6056996575004319 0.6665161936937442 0.6056996575004319 0.6779203031321962 0.5979442201444726 0.6779203031321962
0 0.4415429001326239 0.7750280228959869 0.44955685206711526 0.7750280228959869 0.44955685206711526 0.7853953951127617 0.4415429001326239 0.7853953951127617
0 0.4420599292896879 0.8199533025020109 0.4505909103812433 0.8199533025020109 0.4505909103812433 0.8317029910143556 0.4420599292896879 0.8317029910143556
0 0.4767008828129733 0.767425283270352 0.48471483474746474 0.767425283270352 0.48471483474746474 0.7739912856743093 0.4767008828129733 0.7739912856743093
0 0.467652872564354 0.8178798280586559 0.47489128076324943 0.8178798280586559 0.47489128076324943 0.8268648839798609 0.467652872564354 0.8268648839798609
0 0.5004842240379156 0.8154607745414085 0.5082396613938751 0.8154607745414085 0.5082396613938751 0.8251369886103983 0.5004842240379156 0.8251369886103983
0 0.5180632153780903 0.7774470764132344 0.5255601381555178 0.7774470764132344 0.5255601381555178 0.7853953951127617 0.5180632153780903 0.7853953951127617
0 0.5413295274459686 0.7750280228959869 0.5477923919092682 0.7750280228959869 0.5477923919092682 0.7833219206694069 0.5413295274459686 0.7833219206694069
0 0.5578744604720155 0.770881074009277 0.565112868670911 0.770881074009277 0.565112868670911 0.7788293927088044 0.5578744604720155 0.7788293927088044
0 0.5263356818911138 0.8189165652803335 0.5322815171973494 0.8189165652803335 0.5322815171973494 0.8285927793493233 0.5263356818911138 0.8285927793493233
0 0.5511530814301839 0.8247914095365059 0.5576159458934834 0.8247914095365059 0.5576159458934834 0.8337764654577109 0.5511530814301839 0.8337764654577109
0 0.4658432705146302 0.9284651317042538 0.47230613497792967 0.9284651317042538 0.47230613497792967 0.9357222922559963 0.4658432705146302 0.9357222922559963
0 0.4906606700537004 0.9260460781870062 0.49815759283112776 0.9260460781870062 0.49815759283112776 0.9353767131821038 0.4906606700537004 0.9353767131821038
0 0.5198728174278142 0.9281195526303613 0.5260771673125818 0.9281195526303613 0.5260771673125818 0.9388325039210286 0.5198728174278142 0.9388325039210286
0 0.5565818875793556 0.9339943968865337 0.564595839513847 0.9339943968865337 0.564595839513847 0.9415971365121688 0.5565818875793556 0.9415971365121688
0 0.5876036370031933 0.9291562898520389 0.5945835306235568 0.9291562898520389 0.5945835306235568 0.9415971365121686 0.5876036370031933 0.9415971365121686
0 0.4663602996716941 0.9765006229753104 0.47204762039939757 0.9765006229753104 0.47204762039939757 0.9858312579704076 0.4663602996716941 0.9858312579704076
0 0.4978990782525958 0.979610834640343 0.5064300593441512 0.979610834640343 0.5064300593441512 0.9896326277832254 0.4978990782525958 0.9896326277832254
0 0.5338326046685412 0.9830666253792677 0.5415880420245007 0.9830666253792677 0.5415880420245007 0.9941251557438275 0.5338326046685412 0.9941251557438275
0 0.5658884124065069 0.9934339975960423 0.5710587039771465 0.9934339975960423 0.5710587039771465 0.9996544209261073 0.5658884124065069 0.9996544209261073
0 0.5801067142257658 0.9858312579704076 0.5878621515817252 0.9858312579704076 0.5878621515817252 0.9920516813004726 0.5801067142257658 0.9920516813004726
