0 0.14197204703019556 0.016529789062549594 0.15113153393536946 0.016529789062549594 0.15113153393536946 0.031222934895927014 0.14197204703019556 0.031222934895927014
0 0.16349684125735425 0.016529789062549594 0.1731143025077869 0.016529789062549594 0.1731143025077869 0.028161862847306717 0.16349684125735425 0.028161862847306717
0 0.19418112238968685 0.022651933159790184 0.2001347888780499 0.022651933159790184 0.2001347888780499 0.031835149305651074 0.19418112238968685 0.031835149305651074
0 0.21570591661684552 0.018366432291721774 0.22440742917676074 0.018366432291721774 0.22440742917676074 0.026937434027858604 0.21570591661684552 0.026937434027858604
0 0.2491380438207303 0.016529789062549594 0.25509171030909333 0.016529789062549594 0.25509171030909333 0.02632521961813454 0.2491380438207303 0.02632521961813454
0 0.14517786744700645 0.07101687152799085 0.15250545697114556 0.07101687152799085 0.15250545697114556 0.07958787326412768 0.14517786744700645 0.07958787326412768
0 0.169908482090976 0.07407794357661115 0.17632012292459773 0.07407794357661115 0.17632012292459773 0.0808123020835758 0.169908482090976 0.0808123020835758
0 0.19326517369916946 0.07407794357661115 0.20013478887804992 0.07407794357661115 0.20013478887804992 0.08509780295164421 0.19326517369916946 0.08509780295164421
0 0.21845376268839772 0.07285351475716303 0.22440742917676076 0.07285351475716303 0.22440742917676076 0.08264894531274798 0.21845376268839772 0.08264894531274798
0 0.24684817209443685 0.06856801388909461 0.2518858898922825 0.06856801388909461 0.2518858898922825 0.08020008767385174 0.24684817209443685 0.08020008767385174
0 0.1396821753039021 0.16101238975742752 0.14609381613752387 0.16101238975742752 0.14609381613752387 0.1714200347227365 0.1396821753039021 0.1714200347227365
0 0.13922420095864338 0.21794832986176504 0.14792571351855863 0.21794832986176504 0.14792571351855863 0.2252949027784537 0.13922420095864338 0.2252949027784537
0 0.1685345590551999 0.15917574652825536 0.17677809726985644 0.15917574652825536 0.17677809726985644 0.1750933211810809 0.1685345590551999 0.1750933211810809
0 0.16441278994787165 0.21611168663259284 0.17311430250778687 0.21611168663259284 0.17311430250778687 0.228355974827074 0.16441278994787165 0.228355974827074
0 0.19372314804442817 0.16040017534770348 0.20105073756856728 0.16040017534770348 0.20105073756856728 0.16958339149356436 0.19372314804442817 0.16958339149356436
0 0.20425655798537815 0.2259071171881778 0.21112617316425858 0.2259071171881778 0.21112617316425858 0.23570254774376276 0.20425655798537815 0.23570254774376276
0 0.22028566006943248 0.1646856762157719 0.22761324959357163 0.1646856762157719 0.22761324959357163 0.17631775000052904 0.22028566006943248 0.17631775000052904
0 0.2321929930461586 0.21672390104231692 0.2395205825702977 0.21672390104231692 0.2395205825702977 0.22958040364652219 0.2321929930461586 0.22958040364652219
0 0.26333524852374984 0.22407047395900567 0.2683729663215956 0.22407047395900567 0.2683729663215956 0.2338659045145906 0.26333524852374984 0.2338659045145906
0 0.24730614643969553 0.1634612473963238 0.2532598129280586 0.1634612473963238 0.2532598129280586 0.1744811067713569 0.24730614643969553 0.1744811067713569
0 0.13820189368319719 0.31868168383982204 0.1444579464836711 0.31868168383982204 0.1444579464836711 0.33008579327827436 0.13820189368319719 0.33008579327827436
0 0.16123554263039672 0.3221029166713577 0.16777596146725585 0.3221029166713577 0.16777596146725585 0.3316063412034014 0.16123554263039672 0.3316063412034014
0 0.18398482554121107 0.3190618208211038 0.1913783424872257 0.3190618208211038 0.1913783424872257 0.32742483440930215 0.18398482554121107 0.32742483440930215
0 0.13877062575596755 0.36885976536901205 0.14502667855644147 0.36885976536901205 0.14502667855644147 0.3783631899010556 0.13877062575596755 0.3783631899010556
0 0.16208864073955226 0.3715207242379842 0.16749159543087067 0.3715207242379842 0.16749159543087067 0.38216455971387303 0.16208864073955226 0.38216455971387303
0 0.18426919157759625 0.37228099820054766 0.19280017266915161 0.37228099820054766 0.19280017266915161 0.38216455971387303 0.18426919157759625 0.38216455971387303
0 0.2084403046703365 0.3654385325374763 0.21441199143442527 0.3654385325374763 0.21441199143442527 0.3787433268823372 0.2084403046703365 0.3787433268823372
0 0.2192462140529733 0.32476387554033 0.2260709989262176 0.32476387554033 0.2260709989262176 0.3361679849787822 0.2192462140529733 0.3361679849787822
0 0.23090522154476567 0.370380313294139 0.23687690830885444 0.370380313294139 0.23687690830885444 0.38216455971387303 0.23090522154476567 0.38216455971387303
0 0.2528014063464245 0.3236234645964846 0.25877309311051316 0.3236234645964846 0.25877309311051316 0.3354077110162187 0.2528014063464245 0.3354077110162187
0 0.129955278628027 0.47301729824020944 0.13734879557404167 0.47301729824020944 0.13734879557404167 0.4832809967348165 0.129955278628027 0.4832809967348165
0 0.15099836532053026 0.4711166133338007 0.15924498037570048 0.4711166133338007 0.15924498037570048 0.4798597639032808 0.15099836532053026 0.4798597639032808
0 0.1740320142677298 0.470736476352519 0.18085679914097408 0.470736476352519 0.18085679914097408 0.48100017484712604 0.1740320142677298 0.48100017484712604
0 0.1959281990693886 0.47301729824020944 0.20332171601540328 0.47301729824020944 0.20332171601540328 0.4832809967348165 0.1959281990693886 0.4832809967348165
0 0.22237424045321028 0.47453784616533634 0.23005212343561013 0.47453784616533634 0.23005212343561013 0.4840412706973799 0.22237424045321028 0.4840412706973799
0 0.13308330502826396 0.5250960646758082 0.14019245593789345 0.5250960646758082 0.14019245593789345 0.5345994892078516 0.13308330502826396 0.5345994892078516
0 0.15725441812100419 0.5300378454324708 0.16351047092147816 0.5300378454324708 0.16351047092147816 0.5422022288334865 0.15725441812100419 0.5422022288334865
0 0.18028806706820372 0.5235755167506811 0.18540665572313694 0.5235755167506811 0.18540665572313694 0.5376405850581054 0.18028806706820372 0.5376405850581054
0 0.20076242168793665 0.5247159276945264 0.2084403046703365 0.5247159276945264 0.2084403046703365 0.5376405850581055 0.20076242168793665 0.5376405850581055
0 0.22777719514452868 0.5277570235447803 0.2360238101996989 0.5277570235447803 0.2360238101996989 0.5391611329832325 0.22777719514452868 0.5391611329832325
0 0.13080837673718249 0.6212707209400888 0.13791752764681198 0.6212707209400888 0.13791752764681198 0.6288734605657238 0.13080837673718249 0.6288734605657238
0 0.15526385586630792 0.6178494881085532 0.16009807848485597 0.6178494881085532 0.16009807848485597 0.6284933235844419 0.15526385586630792 0.6284933235844419
0 0.17346328219495943 0.6212707209400888 0.18057243310458887 0.6212707209400888 0.18057243310458887 0.6296337345282872 0.17346328219495943 0.6296337345282872
0 0.20559664430648467 0.6246919537716246 0.21384325936165488 0.6246919537716246 0.21384325936165488 0.6338152413223864 0.20559664430648467 0.6338152413223864
0 0.23801437245439516 0.6243118167903429 0.2451235233640246 0.6243118167903429 0.2451235233640246 0.6357159262287951 0.23801437245439516 0.6357159262287951
0 0.13478950124657502 0.6744898983195325 0.1436048483745156 0.6744898983195325 0.1436048483745156 0.6847535968141398 0.13478950124657502 0.6847535968141398
0 0.152135829466071 0.6585241451056997 0.1583918822665449 0.6585241451056997 0.1583918822665449 0.6680275696377432 0.152135829466071 0.6680275696377432
0 0.18142553121374444 0.6710686654879972 0.19052524437807017 0.6710686654879972 0.19052524437807017 0.6786714051136321 0.18142553121374444 0.6786714051136321
0 0.21071523296141792 0.6718289394505607 0.2181087499074326 0.6718289394505607 0.2181087499074326 0.6851337337954216 0.21071523296141792 0.6851337337954216
0 0.23090522154476567 0.6710686654879972 0.24028930074547655 0.6710686654879972 0.24028930074547655 0.6809522270013226 0.23090522154476567 0.6809522270013226
0 0.13223020691910842 0.7707774002871095 0.137917527646812 0.7707774002871095 0.137917527646812 0.7829417836881252 0.13223020691910842 0.7829417836881252
0 0.14872343702944882 0.7806609618004345 0.1535576596479969 0.7806609618004345 0.1535576596479969 0.7890239753886329 0.14872343702944882 0.7890239753886329
0 0.1697665237219521 0.7776198659501807 0.17630694255881127 0.7776198659501807 0.17630694255881127 0.7878835644447877 0.1697665237219521 0.7878835644447877
0 0.19820312736047 0.7764794550063355 0.20531227827009946 0.7764794550063355 0.20531227827009946 0.7848424685945339 0.19820312736047 0.7848424685945339
0 0.220383678198514 0.7791404138753076 0.22578663288983242 0.7791404138753076 0.22578663288983242 0.7897842493511964 0.220383678198514 0.7897842493511964
0 0.2454078894004098 0.837681508992696 0.2533701384191949 0.837681508992696 0.2533701384191949 0.8460445225808944 0.2454078894004098 0.8460445225808944
0 0.2070184744884106 0.8395821938991048 0.21355889332526973 0.8395821938991048 0.21355889332526973 0.8468047965434579 0.2070184744884106 0.8468047965434579
0 0.1339364031374195 0.8243767146478351 0.1404768219742786 0.8243767146478351 0.1404768219742786 0.8323595912547517 0.1339364031374195 0.8323595912547517
0 0.15384202568438204 0.8270376735168075 0.1603824445212412 0.8270376735168075 0.1603824445212412 0.837681508992696 0.15384202568438204 0.837681508992696
0 0.17460074634050013 0.8300787693670612 0.1817098972501296 0.8300787693670612 0.1817098972501296 0.84072260484295 0.17460074634050013 0.84072260484295
0 0.19280017266915161 0.8327397282360335 0.20161551979709216 0.8327397282360335 0.20161551979709216 0.8430034267306403 0.19280017266915161 0.8430034267306403
