0 0.44151260787861646 0.30054212592146967 0.4515222923593748 0.30054212592146967 0.4515222923593748 0.3109958929067176 0.44151260787861646 0.3109958929067176
0 0.4421382131586638 0.35322911152711917 0.4496454765192326 0.35322911152711917 0.4496454765192326 0.3632647278329571 0.4421382131586638 0.3632647278329571
0 0.48092574052160225 0.29886952320383003 0.4890586091622184 0.29886952320383003 0.4890586091622184 0.30848698883025816 0.48092574052160225 0.30848698883025816
0 0.5012579121231426 0.3009602766008796 0.5097035834037824 0.3009602766008796 0.5097035834037824 0.3109958929067176 0.5012579121231426 0.3109958929067176
0 0.48092574052160225 0.35197465948888945 0.48874580652219474 0.35197465948888945 0.48874580652219474 0.3653554812300068 0.48092574052160225 0.3653554812300068
0 0.511267596603901 0.354065412885939 0.5181492546844223 0.354065412885939 0.5181492546844223 0.36535548123000683 0.511267596603901 0.36535548123000683
0 0.5469270975666024 0.35657431696239855 0.5538087556471238 0.35657431696239855 0.5538087556471238 0.36577363190941664 0.5469270975666024 0.36577363190941664
0 0.5428606632462945 0.3043054820361589 0.5503679266068632 0.3043054820361589 0.5503679266068632 0.313922947662587 0.5428606632462945 0.313922947662587
0 0.5757049404487826 0.3026328793185193 0.5800841774091143 0.3026328793185193 0.5800841774091143 0.3126684956243573 0.5757049404487826 0.3126684956243573
0 0.5822737958892803 0.3561561662829887 0.5885298486897541 0.3561561662829887 0.5885298486897541 0.364519179871187 0.5822737958892803 0.364519179871187
0 0.4383845814783795 0.4661297949677966 0.4437022263587823 0.4661297949677966 0.4437022263587823 0.47658356195304447 0.4383845814783795 0.47658356195304447
0 0.45777834515984867 0.5351246570704328 0.4659112138004649 0.5351246570704328 0.4659112138004649 0.5426513692998113 0.45777834515984867 0.5426513692998113
0 0.48436656956186297 0.5108719176646577 0.4918738329224317 0.5108719176646577 0.4918738329224317 0.5200712326116759 0.48436656956186297 0.5200712326116759
0 0.48843300388217104 0.46487534292956695 0.4962530698827636 0.46487534292956695 0.4962530698827636 0.47491095923540494 0.48843300388217104 0.47491095923540494
0 0.5262821233250384 0.47365650719717517 0.5341021893256308 0.47365650719717517 0.5341021893256308 0.4845284248618329 0.5262821233250384 0.4845284248618329
0 0.5175236494043749 0.5158897258175767 0.5234668995648252 0.5158897258175767 0.5234668995648252 0.5271797941616444 0.5175236494043749 0.5271797941616444
0 0.5603776110876214 0.519653081932266 0.5685104797282375 0.519653081932266 0.5685104797282375 0.5309431502763338 0.5603776110876214 0.5309431502763338
0 0.5685104797282375 0.4560941786619586 0.5763305457288298 0.4560941786619586 0.5763305457288298 0.46696609632661645 0.5685104797282375 0.46696609632661645
0 0.6098004282113657 0.46696609632661645 0.6163692836518633 0.46696609632661645 0.6163692836518633 0.4761654112736346 0.6098004282113657 0.4761654112736346
0 0.6029187701308442 0.5125445203822974 0.611364441411484 0.5125445203822974 0.611364441411484 0.5234164380469551 0.6029187701308442 0.5234164380469551
