0 0.7653282165527344 0.8347725677490234 0.7733293223381043 0.8347725677490234 0.7733293223381043 0.8435474783182144 0.7653282165527344 0.8435474783182144
0 0.5939377975463868 0.6367672348022461 0.6024562233686448 0.6367672348022461 0.6024562233686448 0.6462493467330932 0.5939377975463868 0.6462493467330932
0 0.4901839065551758 0.635124282836914 0.4987551468610763 0.635124282836914 0.4987551468610763 0.6453175091743469 0.4901839065551758 0.6453175091743469
0 0.7974345397949218 0.8343319702148437 0.8050505089759826 0.8343319702148437 0.8050505089759826 0.8435167336463927 0.7974345397949218 0.8435167336463927
0 0.5609157943725586 0.6898659515380859 0.5689781719446182 0.6898659515380859 0.5689781719446182 0.6998338145017624 0.5609157943725586 0.6998338145017624
0 0.5838542175292969 0.3202382278442383 0.5917296451330185 0.3202382278442383 0.5917296451330185 0.33118789196014403 0.5838542175292969 0.33118789196014403
0 0.5373480224609375 0.4700739669799805 0.5455606222152709 0.4700739669799805 0.5455606222152709 0.47872992992401125 0.5373480224609375 0.47872992992401125
0 0.4850115585327148 0.6894136047363282 0.49380378544330594 0.6894136047363282 0.49380378544330594 0.6997422242164612 0.4850115585327148 0.6997422242164612
0 0.5239273452758789 0.8354363250732422 0.5319086384773255 0.8354363250732422 0.5319086384773255 0.8450796425342559 0.5239273452758789 0.8450796425342559
0 0.5167464447021485 0.5319145584106445 0.5244343906641007 0.5319145584106445 0.5244343906641007 0.5415396130084992 0.5167464447021485 0.5415396130084992
0 0.5611068725585937 0.6369644927978516 0.5696108084917069 0.6369644927978516 0.5696108084917069 0.6462270522117615 0.5611068725585937 0.6462270522117615
0 0.5940290832519531 0.5304361724853516 0.6024274498224258 0.5304361724853516 0.6024274498224258 0.5401511585712433 0.5940290832519531 0.5401511585712433
0 0.5530850982666016 0.5349306106567383 0.5614926910400391 0.5349306106567383 0.5614926910400391 0.545034419298172 0.5530850982666016 0.545034419298172
0 0.4632501220703125 0.8361572265625001 0.4711484676599503 0.8361572265625001 0.4711484676599503 0.8458509850502015 0.4632501220703125 0.8458509850502015
0 0.5678522872924805 0.37749267578125 0.5760742312669754 0.37749267578125 0.5760742312669754 0.38717398226261146 0.5678522872924805 0.38717398226261146
0 0.20994787216186522 0.8326875305175782 0.21603395521640778 0.8326875305175782 0.21603395521640778 0.8408765983581542 0.20994787216186522 0.8408765983581542
0 0.4949358367919922 0.3818359375 0.5022186851501466 0.3818359375 0.5022186851501466 0.39214285373687746 0.4949358367919922 0.39214285373687746
0 0.5254877853393555 0.6393915557861328 0.5344646847248077 0.6393915557861328 0.5344646847248077 0.6500268924236297 0.5254877853393555 0.6500268924236297
0 0.5532604217529297 0.8350300598144531 0.5608726650476455 0.8350300598144531 0.5608726650476455 0.844788174033165 0.5532604217529297 0.844788174033165
0 0.5997660446166992 0.6906939697265625 0.6071045166254044 0.6906939697265625 0.6071045166254044 0.6998235481977463 0.5997660446166992 0.6998235481977463
0 0.45055953979492186 0.6868635559082031 0.4582057309150696 0.6868635559082031 0.4582057309150696 0.6968683409690858 0.45055953979492186 0.6968683409690858
0 0.5500126647949218 0.3198720932006836 0.5576658940315246 0.3198720932006836 0.5576658940315246 0.32965481519699097 0.5500126647949218 0.32965481519699097
0 0.2473655891418457 0.7831082153320312 0.25461465239524844 0.7831082153320312 0.25461465239524844 0.7928471964597702 0.2473655891418457 0.7928471964597702
0 0.5860054397583008 0.83290771484375 0.5932450252771376 0.83290771484375 0.5932450252771376 0.8413405281305314 0.5860054397583008 0.8413405281305314
0 0.4951548385620117 0.7828851318359376 0.5032411688566207 0.7828851318359376 0.5032411688566207 0.7930309617519379 0.4951548385620117 0.7930309617519379
0 0.57534912109375 0.46691875457763665 0.5828401219844819 0.46691875457763665 0.5828401219844819 0.4774647128582 0.57534912109375 0.4774647128582
0 0.5199783325195313 0.690899887084961 0.5275692254304887 0.690899887084961 0.5275692254304887 0.7002324944734574 0.5199783325195313 0.7002324944734574
0 0.5252648544311523 0.7859236145019531 0.5334919440746309 0.7859236145019531 0.5334919440746309 0.7950822085142136 0.5252648544311523 0.7950822085142136
0 0.23241744995117186 0.8278311920166016 0.2395925998687744 0.8278311920166016 0.2395925998687744 0.8364017295837401 0.23241744995117186 0.8364017295837401
0 0.45100013732910155 0.6340461730957031 0.4579574352502823 0.6340461730957031 0.4579574352502823 0.6442952561378479 0.45100013732910155 0.6442952561378479
0 0.47080551147460936 0.37845233917236326 0.4787009882926941 0.37845233917236326 0.4787009882926941 0.3880327242612839 0.47080551147460936 0.3880327242612839
0 0.4580376434326172 0.3158895111083984 0.46515492200851444 0.3158895111083984 0.46515492200851444 0.32450712978839874 0.4580376434326172 0.32450712978839874
0 0.47888973236083987 0.5247143173217773 0.48734245121479036 0.5247143173217773 0.48734245121479036 0.5346792554855346 0.47888973236083987 0.5346792554855346
0 0.5827497863769531 0.7856980895996094 0.591128990650177 0.7856980895996094 0.591128990650177 0.7949968588352204 0.5827497863769531 0.7949968588352204
0 0.44168720245361326 0.38317935943603515 0.4482244992256164 0.38317935943603515 0.4482244992256164 0.39123880684375756 0.44168720245361326 0.39123880684375756
0 0.4586795806884766 0.7956549835205079 0.4664805185794831 0.7956549835205079 0.4664805185794831 0.8047995835542678 0.4586795806884766 0.8047995835542678
0 0.5265093231201172 0.38108844757080085 0.5348544019460679 0.38108844757080085 0.5348544019460679 0.39237927913665777 0.5265093231201172 0.39237927913665777
0 0.5057226943969727 0.4728906631469726 0.5141576111316682 0.4728906631469726 0.5141576111316682 0.48235546052455897 0.5057226943969727 0.48235546052455897
0 0.9098161315917969 0.7797406005859374 0.9150616067647934 0.7797406005859374 0.9150616067647934 0.7861789399385453 0.9098161315917969 0.7861789399385453
0 0.20624526977539062 0.7835980987548828 0.21321228206157683 0.7835980987548828 0.21321228206157683 0.79322773873806 0.20624526977539062 0.79322773873806
0 0.5225882720947266 0.317823486328125 0.5304815608263016 0.317823486328125 0.5304815608263016 0.3274676930904388 0.5225882720947266 0.3274676930904388
0 0.18642215728759765 0.830433120727539 0.1931253492832184 0.830433120727539 0.1931253492832184 0.8399034523963929 0.18642215728759765 0.8399034523963929
0 0.14010456085205078 0.8278357696533204 0.1471466100215912 0.8278357696533204 0.1471466100215912 0.8368396413326263 0.14010456085205078 0.8368396413326263
0 0.4962090682983398 0.8363792419433593 0.5045348078012466 0.8363792419433593 0.5045348078012466 0.84620376765728 0.4962090682983398 0.84620376765728
0 0.4756766128540039 0.462833595275879 0.4837507003545761 0.462833595275879 0.4837507003545761 0.4726364582777024 0.4756766128540039 0.4726364582777024
0 0.4945414733886719 0.31641733169555664 0.5024984884262085 0.31641733169555664 0.5024984884262085 0.32693065762519835 0.4945414733886719 0.32693065762519835
0 0.9057703399658203 0.8267681121826171 0.912965095639229 0.8267681121826171 0.912965095639229 0.8341998541355133 0.9057703399658203 0.8341998541355133
0 0.4426485824584961 0.5351931762695312 0.4501098346710205 0.5351931762695312 0.4501098346710205 0.5452410888671875 0.4426485824584961 0.5452410888671875
0 0.4443321990966797 0.4624637603759766 0.4525191897153854 0.4624637603759766 0.4525191897153854 0.47271197438240053 0.4443321990966797 0.47271197438240053
0 0.7983489990234375 0.7883310699462891 0.8061760479211806 0.7883310699462891 0.8061760479211806 0.7982008975744247 0.7983489990234375 0.7982008975744247
0 0.18194334030151368 0.7776377868652343 0.18882931232452393 0.7776377868652343 0.18882931232452393 0.7880435693264007 0.18194334030151368 0.7880435693264007
0 0.16220577239990233 0.7718194580078125 0.16863204419612882 0.7718194580078125 0.16863204419612882 0.7803903120756149 0.16220577239990233 0.7803903120756149
0 0.814180679321289 0.8205801391601563 0.8206202429533004 0.8205801391601563 0.8206202429533004 0.8293182075023652 0.814180679321289 0.8293182075023652
0 0.7697125244140625 0.786176528930664 0.7780594366788863 0.786176528930664 0.7780594366788863 0.7956792759895325 0.7697125244140625 0.7956792759895325
0 0.3775666427612305 0.8878179931640625 0.38318240940570836 0.8878179931640625 0.38318240940570836 0.89617467045784 0.3775666427612305 0.89617467045784
0 0.1643392562866211 0.829841537475586 0.17104995906352996 0.829841537475586 0.17104995906352996 0.8398190462589264 0.1643392562866211 0.8398190462589264
0 0.5505138778686524 0.7863468170166017 0.5594836801290513 0.7863468170166017 0.5594836801290513 0.7973791587352753 0.5505138778686524 0.7973791587352753
0 0.14105609833967817 0.77225623958265 0.1483836878638173 0.77225623958265 0.1483836878638173 0.7845005277771311 0.14105609833967817 0.7845005277771311
0 0.8355872100521283 0.7845005277771311 0.8429147995762675 0.7845005277771311 0.8429147995762675 0.7924593151035437 0.8355872100521283 0.7924593151035437
0 0.8607757990413565 0.7832760989576829 0.8713092089823065 0.7832760989576829 0.8713092089823065 0.794295958332716 0.8607757990413565 0.794295958332716
0 0.8566540299340282 0.8291921796869876 0.866271491184461 0.8291921796869876 0.866271491184461 0.8408242534717446 0.8566540299340282 0.8408242534717446
