0 0.4763165283203125 0.36485942840576174 0.48391324639320377 0.36485942840576174 0.48391324639320377 0.3736984968185425 0.4763165283203125 0.3736984968185425
0 0.2805624771118164 0.9816905975341796 0.287029926776886 0.9816905975341796 0.287029926776886 0.9909573471546173 0.2805624771118164 0.9909573471546173
0 0.5393948745727539 0.5314710998535156 0.5483611875772476 0.5314710998535156 0.5483611875772476 0.5410627114772796 0.5393948745727539 0.5410627114772796
0 0.2041310691833496 0.8242076110839843 0.21180014848709108 0.8242076110839843 0.21180014848709108 0.8337924236059189 0.2041310691833496 0.8337924236059189
0 0.21305013656616212 0.9688116455078125 0.22017532587051394 0.9688116455078125 0.22017532587051394 0.9771380424499512 0.21305013656616212 0.9771380424499512
0 0.5071382904052735 0.36430335998535157 0.5145341306924821 0.36430335998535157 0.5145341306924821 0.3737701338529587 0.5071382904052735 0.3737701338529587
0 0.49870632171630863 0.9796788024902344 0.5055546790361405 0.9796788024902344 0.5055546790361405 0.9895082294940949 0.49870632171630863 0.9895082294940949
0 0.17193742752075195 0.4716165924072266 0.17888708114624025 0.4716165924072266 0.17888708114624025 0.47990081012249 0.17193742752075195 0.47990081012249
0 0.44597084045410157 0.3631301498413086 0.45387654900550845 0.3631301498413086 0.45387654900550845 0.3720162200927734 0.44597084045410157 0.3720162200927734
0 0.23531244277954103 0.2091344833374023 0.2412000584602356 0.2091344833374023 0.2412000584602356 0.216410573720932 0.23531244277954103 0.216410573720932
0 0.5414563751220703 0.7737033081054688 0.5481844365596771 0.7737033081054688 0.5481844365596771 0.782697771191597 0.5414563751220703 0.782697771191597
0 0.49107917785644534 0.9263068389892578 0.4989969515800477 0.9263068389892578 0.4989969515800477 0.9350629329681397 0.49107917785644534 0.9350629329681397
0 0.22741626739501952 0.5227302932739257 0.23416303277015685 0.5227302932739257 0.23416303277015685 0.5321374160051345 0.22741626739501952 0.5321374160051345
0 0.5529907989501953 0.46660160064697265 0.5606325542926788 0.46660160064697265 0.5606325542926788 0.47743660569190977 0.5529907989501953 0.47743660569190977
0 0.15037842750549316 0.46776958465576174 0.15819638311862946 0.46776958465576174 0.15819638311862946 0.4771044850349426 0.15037842750549316 0.4771044850349426
0 0.24149681091308595 0.15754712104797364 0.24798954367637638 0.15754712104797364 0.24798954367637638 0.16558909595012666 0.24149681091308595 0.16558909595012666
0 0.48302669525146485 0.20950086593627928 0.49024909973144537 0.20950086593627928 0.49024909973144537 0.2192300832271576 0.48302669525146485 0.2192300832271576
0 0.5100258636474609 0.5206399917602539 0.5176444351673126 0.5206399917602539 0.5176444351673126 0.5306643438339234 0.5100258636474609 0.5306643438339234
0 0.20307836532592774 0.5205557632446289 0.20925589799880984 0.5205557632446289 0.20925589799880984 0.5277470803260803 0.20307836532592774 0.5277470803260803
0 0.4760608291625977 0.14842254638671876 0.4833015388250351 0.14842254638671876 0.4833015388250351 0.15641376376152039 0.4760608291625977 0.15641376376152039
0 0.5382267379760742 0.35575981140136725 0.545404697060585 0.35575981140136725 0.545404697060585 0.3652568656206131 0.5382267379760742 0.3652568656206131
0 0.14226505279541016 0.6239412689208984 0.14967360913753508 0.6239412689208984 0.14967360913753508 0.6324832260608673 0.14226505279541016 0.6324832260608673
0 0.5775486373901367 0.5309416961669922 0.5855289840698242 0.5309416961669922 0.5855289840698242 0.5412710666656494 0.5775486373901367 0.5412710666656494
0 0.5524869918823242 0.19883834838867187 0.5601519900560378 0.19883834838867187 0.5601519900560378 0.20775545060634612 0.5524869918823242 0.20775545060634612
0 0.1789417839050293 0.5240723037719727 0.1864061999320984 0.5240723037719727 0.1864061999320984 0.5322893196344376 0.1789417839050293 0.5322893196344376
0 0.2714394187927246 0.7716580963134766 0.2794411158561706 0.7716580963134766 0.2794411158561706 0.7810887396335602 0.2714394187927246 0.7810887396335602
0 0.2648384284973144 0.2081056022644043 0.27203682124614714 0.2081056022644043 0.27203682124614714 0.21705296456813813 0.2648384284973144 0.21705296456813813
0 0.44673065185546873 0.6183071517944336 0.4538622725009918 0.6183071517944336 0.4538622725009918 0.6277000826597214 0.44673065185546873 0.6277000826597214
0 0.166213436126709 0.6290259552001953 0.17219857811927797 0.6290259552001953 0.17219857811927797 0.6376660668849945 0.166213436126709 0.6376660668849945
0 0.4747845458984375 0.3008759689331055 0.48149353384971616 0.3008759689331055 0.48149353384971616 0.3104771667718887 0.4747845458984375 0.3104771667718887
0 0.5153936386108399 0.2065415573120117 0.5221561211347581 0.2065415573120117 0.5221561211347581 0.21469745934009554 0.5153936386108399 0.21469745934009554
0 0.24348434448242187 0.450415153503418 0.2503653782606125 0.450415153503418 0.2503653782606125 0.45994936645030976 0.24348434448242187 0.45994936645030976
0 0.5879281616210937 0.9308367919921875 0.5952468800544739 0.9308367919921875 0.5952468800544739 0.9406359386444091 0.5879281616210937 0.9406359386444091
0 0.17616905212402345 0.21310585021972658 0.1838042277097702 0.21310585021972658 0.1838042277097702 0.22270339131355288 0.17616905212402345 0.22270339131355288
0 0.4457979202270508 0.30484647750854493 0.4525488698482513 0.30484647750854493 0.4525488698482513 0.3139892590045929 0.4457979202270508 0.3139892590045929
0 0.5008331298828125 0.8169950866699218 0.5078209453821181 0.8169950866699218 0.5078209453821181 0.8255054587125779 0.5008331298828125 0.8255054587125779
0 0.5253288269042968 0.678719482421875 0.5332741022109986 0.678719482421875 0.5332741022109986 0.6875411969423294 0.5253288269042968 0.6875411969423294
0 0.4477474594116211 0.512854232788086 0.4557698857784271 0.512854232788086 0.4557698857784271 0.5222314703464508 0.4477474594116211 0.5222314703464508
0 0.14668599128723145 0.6682035827636719 0.15396502494812012 0.6682035827636719 0.15396502494812012 0.6764442777633667 0.14668599128723145 0.6764442777633667
0 0.15394930839538573 0.15638221740722658 0.16146547436714173 0.15638221740722658 0.16146547436714173 0.16546998202800753 0.15394930839538573 0.16546998202800753
0 0.2714674949645996 0.15466300010681153 0.2787511712312698 0.15466300010681153 0.2787511712312698 0.16412122607231142 0.2714674949645996 0.16412122607231142
0 0.45146785736083983 0.1481577491760254 0.45821460783481593 0.1481577491760254 0.45821460783481593 0.15685939013957975 0.45146785736083983 0.15685939013957975
0 0.45227909088134766 0.20472755432128903 0.4601200973987579 0.20472755432128903 0.4601200973987579 0.21393718242645263 0.45227909088134766 0.21393718242645263
0 0.5618310928344726 0.6709573364257813 0.5692504721879957 0.6709573364257813 0.5692504721879957 0.6791057670116425 0.5618310928344726 0.6791057670116425
0 0.5935174560546875 0.6150070190429687 0.6017988973855972 0.6150070190429687 0.6017988973855972 0.6251200783252716 0.5935174560546875 0.6251200783252716
0 0.17147045135498046 0.36804100036621096 0.17849812924861908 0.36804100036621096 0.17849812924861908 0.37645298123359683 0.17147045135498046 0.37645298123359683
0 0.12710583686828614 0.9172069549560546 0.13333207309246062 0.9172069549560546 0.13333207309246062 0.9247324633598327 0.12710583686828614 0.9247324633598327
0 0.18761346817016603 0.15916882514953612 0.1943223822116852 0.15916882514953612 0.1943223822116852 0.16870256423950192 0.18761346817016603 0.16870256423950192
0 0.5137211608886719 0.46499507904052734 0.5211893916130067 0.46499507904052734 0.5211893916130067 0.47512750744819643 0.5137211608886719 0.47512750744819643
0 0.5784829330444335 0.1528227996826172 0.5863172566890715 0.1528227996826172 0.5863172566890715 0.1621051734685898 0.5784829330444335 0.1621051734685898
0 0.5764378738403321 0.19867013931274413 0.5831865167617798 0.19867013931274413 0.5831865167617798 0.20740322649478912 0.5764378738403321 0.20740322649478912
0 0.1961301040649414 0.36834896087646485 0.20345611214637757 0.36834896087646485 0.20345611214637757 0.3765557384490967 0.1961301040649414 0.3765557384490967
0 0.44331024169921873 0.8214012145996092 0.4498936992883682 0.8214012145996092 0.4498936992883682 0.8292814701795577 0.44331024169921873 0.8292814701795577
0 0.5411268615722656 0.15221750259399414 0.549127198457718 0.15221750259399414 0.549127198457718 0.16187054455280303 0.5411268615722656 0.16187054455280303
0 0.22398174285888672 0.6265785217285156 0.23161548435688017 0.6265785217285156 0.23161548435688017 0.6357076257467269 0.22398174285888672 0.6357076257467269
0 0.195546875 0.9688790130615234 0.20074618935585023 0.9688790130615234 0.20074618935585023 0.975992534160614 0.195546875 0.975992534160614
0 0.5730072784423829 0.31484451293945315 0.5810604888200761 0.31484451293945315 0.5810604888200761 0.32431974649429324 0.5730072784423829 0.32431974649429324
0 0.26668148040771483 0.8254442596435547 0.27488713085651395 0.8254442596435547 0.27488713085651395 0.8342141896486281 0.26668148040771483 0.8342141896486281
0 0.4680160140991211 0.8173570251464843 0.4755210614204407 0.8173570251464843 0.4755210614204407 0.8259119880199433 0.4680160140991211 0.8259119880199433
0 0.4425312042236328 0.7746026611328125 0.4492786347866058 0.7746026611328125 0.4492786347866058 0.7833634990453721 0.4425312042236328 0.7833634990453721
0 0.20901473999023437 0.7728880310058593 0.2155492275953293 0.7728880310058593 0.2155492275953293 0.7813489109277725 0.20901473999023437 0.7813489109277725
0 0.25227779388427735 0.6290541076660157 0.25913561403751373 0.6290541076660157 0.25913561403751373 0.6377718967199326 0.25227779388427735 0.6377718967199326
0 0.14319220542907715 0.31545372009277345 0.1500629484653473 0.31545372009277345 0.1500629484653473 0.3246264660358429 0.14319220542907715 0.3246264660358429
0 0.2294476318359375 0.6748760986328125 0.23732515931129458 0.6748760986328125 0.23732515931129458 0.6844843918085098 0.2294476318359375 0.6844843918085098
0 0.14423686981201173 0.9670677185058594 0.15065098762512208 0.9670677185058594 0.15065098762512208 0.974859504699707 0.14423686981201173 0.974859504699707
0 0.23704948425292968 0.9731444549560547 0.24315669655799863 0.9731444549560547 0.24315669655799863 0.9819795310497283 0.23704948425292968 0.9819795310497283
0 0.5861004638671875 0.46446521759033205 0.5942670506238936 0.46446521759033205 0.5942670506238936 0.47489594340324404 0.5861004638671875 0.47489594340324404
0 0.5189319610595703 0.7771943664550781 0.5253747779130934 0.7771943664550781 0.5253747779130934 0.7861843234300613 0.5189319610595703 0.7861843234300613
0 0.5175000762939453 0.6231714630126953 0.5247165369987488 0.6231714630126953 0.5247165369987488 0.6315179812908172 0.5175000762939453 0.6315179812908172
0 0.234825496673584 0.775926513671875 0.24174914240837098 0.775926513671875 0.24174914240837098 0.785559948682785 0.234825496673584 0.785559948682785
0 0.47974666595458987 0.5306278991699219 0.48790766358375554 0.5306278991699219 0.48790766358375554 0.5419609498977662 0.47974666595458987 0.5419609498977662
0 0.2011304473876953 0.305858154296875 0.20854639649391174 0.305858154296875 0.20854639649391174 0.314981763958931 0.2011304473876953 0.314981763958931
0 0.48623367309570314 0.46342060089111325 0.4938743340969086 0.46342060089111325 0.4938743340969086 0.4736890935897827 0.48623367309570314 0.4736890935897827
0 0.20696178436279297 0.670234146118164 0.21380245327949524 0.670234146118164 0.21380245327949524 0.6791948503255844 0.20696178436279297 0.6791948503255844
0 0.2319573402404785 0.8200526428222656 0.2396848964691162 0.8200526428222656 0.2396848964691162 0.8296923238039017 0.2319573402404785 0.8296923238039017
0 0.5034918975830078 0.1525813388824463 0.5107586294412613 0.1525813388824463 0.5107586294412613 0.16174283862113953 0.5034918975830078 0.16174283862113953
0 0.5563669204711914 0.9326335906982421 0.5646782290935517 0.9326335906982421 0.5646782290935517 0.941973550915718 0.5563669204711914 0.941973550915718
0 0.21659378051757813 0.16288017272949218 0.22341012716293338 0.16288017272949218 0.22341012716293338 0.1723442095518112 0.21659378051757813 0.1723442095518112
0 0.17686910629272462 0.6710177612304687 0.18304582595825195 0.6710177612304687 0.18304582595825195 0.6792989355325699 0.17686910629272462 0.6792989355325699
0 0.17544599533081054 0.7746987915039063 0.18238386511802673 0.7746987915039063 0.18238386511802673 0.7842086541652681 0.17544599533081054 0.7842086541652681
0 0.22359027862548828 0.36275184631347657 0.23104353189468382 0.36275184631347657 0.23104353189468382 0.3717992013692856 0.22359027862548828 0.3717992013692856
0 0.20018754959106444 0.9191934204101563 0.20760233044624327 0.9191934204101563 0.20760233044624327 0.9291393840312958 0.20018754959106444 0.9291393840312958
0 0.15913795471191405 0.911120376586914 0.16561993837356564 0.911120376586914 0.16561993837356564 0.9195265460014342 0.15913795471191405 0.9195265460014342
0 0.20695663452148438 0.21052536010742187 0.21373570621013643 0.21052536010742187 0.21373570621013643 0.21964833736419676 0.20695663452148438 0.21964833736419676
0 0.5343425369262695 0.9840762329101563 0.5418954008817672 0.9840762329101563 0.5418954008817672 0.992974557876587 0.5343425369262695 0.992974557876587
0 0.16077272415161134 0.5251396942138672 0.16697500765323642 0.5251396942138672 0.16697500765323642 0.5331575947999955 0.16077272415161134 0.5331575947999955
0 0.5580844116210938 0.7709146881103516 0.5654386746883393 0.7709146881103516 0.5654386746883393 0.7791983920335771 0.5580844116210938 0.7791983920335771
0 0.21688913345336913 0.4621184921264649 0.22336131453514096 0.4621184921264649 0.22336131453514096 0.4710014003515244 0.21688913345336913 0.4710014003515244
0 0.13841821670532226 0.3728430938720703 0.14501391708850858 0.3728430938720703 0.14501391708850858 0.38167848587036135 0.13841821670532226 0.38167848587036135
0 0.45687347412109375 0.46069412231445306 0.464392124414444 0.46069412231445306 0.464392124414444 0.4702794086933135 0.45687347412109375 0.4702794086933135
0 0.17503515243530274 0.8318752288818361 0.18270251631736756 0.8318752288818361 0.18270251631736756 0.8410818129777909 0.17503515243530274 0.8410818129777909
0 0.24923503875732425 0.3583123779296875 0.2565731263160706 0.3583123779296875 0.2565731263160706 0.3684841787815094 0.24923503875732425 0.3684841787815094
0 0.16645204544067382 0.9665965270996094 0.1732693827152252 0.9665965270996094 0.1732693827152252 0.9758127564191819 0.16645204544067382 0.9758127564191819
0 0.46607059478759766 0.9273091125488281 0.47325133383274076 0.9273091125488281 0.47325133383274076 0.9353112012147904 0.46607059478759766 0.9353112012147904
0 0.17801301956176757 0.9138873291015625 0.184565412402153 0.9138873291015625 0.184565412402153 0.9237279832363128 0.17801301956176757 0.9237279832363128
0 0.25675254821777344 0.67403076171875 0.2641195565462112 0.67403076171875 0.2641195565462112 0.6827874094247817 0.25675254821777344 0.6827874094247817
0 0.17677677154541016 0.3100579071044922 0.18410212874412535 0.3100579071044922 0.18410212874412535 0.31937003791332247 0.17677677154541016 0.31937003791332247
0 0.23489091873168946 0.9223033905029296 0.24188614189624788 0.9223033905029296 0.24188614189624788 0.9318616384267806 0.23489091873168946 0.9318616384267806
0 0.47815834045410155 0.765683822631836 0.4856323081254959 0.765683822631836 0.4856323081254959 0.774515894651413 0.47815834045410155 0.774515894651413
0 0.5731563949584961 0.35800743103027344 0.581461434364319 0.35800743103027344 0.581461434364319 0.3672380495071411 0.5731563949584961 0.3672380495071411
0 0.5190235137939453 0.9279740905761719 0.5270253294706344 0.9279740905761719 0.5270253294706344 0.939106444120407 0.5190235137939453 0.939106444120407
0 0.5515726470947265 0.6193716430664062 0.5598155868053436 0.6193716430664062 0.5598155868053436 0.6296759116649627 0.5515726470947265 0.6296759116649627
0 0.15483481407165528 0.7773659515380859 0.161729376912117 0.7773659515380859 0.161729376912117 0.7875582695007324 0.15483481407165528 0.7875582695007324
0 0.5801645660400391 0.9847399139404297 0.5874231362342835 0.9847399139404297 0.5874231362342835 0.9935765713453293 0.5801645660400391 0.9935765713453293
0 0.15491391181945802 0.21156742095947265 0.1607888412475586 0.21156742095947265 0.1607888412475586 0.2192347055673599 0.15491391181945802 0.2192347055673599
0 0.5978833389282227 0.6669931793212891 0.6062928241491318 0.6669931793212891 0.6062928241491318 0.6784567201137542 0.5978833389282227 0.6784567201137542
0 0.4455453491210937 0.6718053436279297 0.4532648772001266 0.6718053436279297 0.4532648772001266 0.68259765625 0.4455453491210937 0.68259765625
0 0.19684486389160155 0.4628819274902344 0.20414810180664061 0.4628819274902344 0.20414810180664061 0.4739258909225464 0.19684486389160155 0.4739258909225464
0 0.2554288673400879 0.30627706527709964 0.26348527133464816 0.30627706527709964 0.26348527133464816 0.31736635088920595 0.2554288673400879 0.31736635088920595
0 0.5398061752319336 0.30634124755859377 0.548745637536049 0.30634124755859377 0.548745637536049 0.3165731155872345 0.5398061752319336 0.3165731155872345
0 0.564829216003418 0.9917240142822266 0.5713077545166015 0.9917240142822266 0.5713077545166015 1.0000000494718553 0.564829216003418 1.0000000494718553
0 0.5263377380371094 0.8192678833007813 0.5335615921020509 0.8192678833007813 0.5335615921020509 0.8298406434059143 0.5263377380371094 0.8298406434059143
0 0.24629581451416016 0.5194470977783203 0.25428659975528717 0.5194470977783203 0.25428659975528717 0.5295338690280915 0.24629581451416016 0.5295338690280915
0 0.5512299728393555 0.8246713256835938 0.5590334242582321 0.8246713256835938 0.5590334242582321 0.8345717495679856 0.5512299728393555 0.8345717495679856
0 0.18412126541137697 0.6238056945800782 0.19176334619522098 0.6238056945800782 0.19176334619522098 0.63285451233387 0.18412126541137697 0.63285451233387
0 0.4797640609741211 0.6187776947021484 0.4880381983518601 0.6187776947021484 0.4880381983518601 0.6298146617412567 0.4797640609741211 0.6298146617412567
0 0.5042604827880859 0.30746921539306643 0.5124397259950637 0.30746921539306643 0.5124397259950637 0.31801845431327824 0.5042604827880859 0.31801845431327824
0 0.15170472145080566 0.8277164459228514 0.1598191148042679 0.8277164459228514 0.1598191148042679 0.8377995800971983 0.15170472145080566 0.8377995800971983
0 0.23000436782836914 0.307823429107666 0.23815053582191464 0.307823429107666 0.23815053582191464 0.3190585422515869 0.23000436782836914 0.3190585422515869
0 0.2591932650171892 0.9762197708619581 0.26562761532247664 0.9762197708619581 0.26562761532247664 0.9848211303374201 0.2591932650171892 0.9848211303374201
0 0.48174608734124946 0.6726423776103584 0.4862879816743935 0.6726423776103584 0.4862879816743935 0.6812437370858205 0.48174608734124946 0.6812437370858205
0 0.4666064395641025 0.976725733184044 0.47304078986938997 0.976725733184044 0.47304078986938997 0.98482113033742 0.4666064395641025 0.98482113033742
