0 0.19728582382202148 0.216779842376709 0.20496188163757323 0.216779842376709 0.20496188163757323 0.22604097843170165 0.19728582382202148 0.22604097843170165
0 0.788934097290039 0.313651008605957 0.7968379133939743 0.313651008605957 0.7968379133939743 0.32251312375068664 0.788934097290039 0.32251312375068664
0 0.5615439224243164 0.6856890106201172 0.5696536141633988 0.6856890106201172 0.5696536141633988 0.6967436480522156 0.5615439224243164 0.6967436480522156
0 0.21046857833862304 0.8241231536865234 0.2164178943634033 0.8241231536865234 0.2164178943634033 0.8325133532285691 0.21046857833862304 0.8325133532285691
0 0.8195730590820313 0.3140694236755371 0.8275173878669739 0.3140694236755371 0.8275173878669739 0.32379605174064635 0.8195730590820313 0.32379605174064635
0 0.5543355941772461 0.8330187225341796 0.5621166300773621 0.8330187225341796 0.5621166300773621 0.8432443249225616 0.5543355941772461 0.8432443249225616
0 0.524875259399414 0.833661651611328 0.532429128885269 0.833661651611328 0.532429128885269 0.843527289032936 0.524875259399414 0.843527289032936
0 0.7730809020996093 0.21579332351684571 0.7807712137699127 0.21579332351684571 0.7807712137699127 0.22493470191955567 0.7730809020996093 0.22493470191955567
0 0.4780276870727539 0.5193255996704101 0.48636410176753997 0.5193255996704101 0.48636410176753997 0.5295987176895142 0.4780276870727539 0.5295987176895142
0 0.7651840209960937 0.31465791702270507 0.7731287640333175 0.31465791702270507 0.7731287640333175 0.3242596483230591 0.7651840209960937 0.3242596483230591
0 0.18713560104370117 0.8223757934570313 0.19339217782020568 0.8223757934570313 0.19339217782020568 0.8306990277767182 0.18713560104370117 0.8306990277767182
0 0.48459102630615236 0.14696558952331543 0.4917720609903336 0.14696558952331543 0.4917720609903336 0.15604147613048555 0.48459102630615236 0.15604147613048555
0 0.8306476593017578 0.5303664016723633 0.83779900431633 0.5303664016723633 0.83779900431633 0.5394868880510331 0.8306476593017578 0.5394868880510331
0 0.5799618530273437 0.20872913360595702 0.5884431964159011 0.20872913360595702 0.5884431964159011 0.21931584715843197 0.5799618530273437 0.21931584715843197
0 0.17078466415405275 0.21806808471679687 0.17709989547729493 0.21806808471679687 0.17709989547729493 0.22631348371505738 0.17078466415405275 0.22631348371505738
0 0.25566783905029294 0.312016658782959 0.2632550942897796 0.312016658782959 0.2632550942897796 0.3213801395893097 0.25566783905029294 0.3213801395893097
0 0.5618272018432617 0.6333254241943359 0.570048199892044 0.6333254241943359 0.570048199892044 0.6423605245351791 0.5618272018432617 0.6423605245351791
0 0.5262355422973632 0.6358854293823242 0.5345867133140563 0.6358854293823242 0.5345867133140563 0.6464332449436188 0.5262355422973632 0.6464332449436188
0 0.7993616485595703 0.7835453796386719 0.8069749563932418 0.7835453796386719 0.8069749563932418 0.7931198346614837 0.7993616485595703 0.7931198346614837
0 0.810558090209961 0.6266105270385742 0.8178486567735673 0.6266105270385742 0.8178486567735673 0.6359928637742996 0.810558090209961 0.6359928637742996
0 0.6005036926269531 0.6867659759521484 0.6077194440364838 0.6867659759521484 0.6077194440364838 0.6954117798805237 0.6005036926269531 0.6954117798805237
0 0.2799942779541016 0.3666332244873046 0.2877750182151795 0.3666332244873046 0.2877750182151795 0.37554336905479424 0.2799942779541016 0.37554336905479424
0 0.7712404632568359 0.7813932800292969 0.7782900238037109 0.7813932800292969 0.7782900238037109 0.791027347445488 0.7712404632568359 0.791027347445488
0 0.27417497634887694 0.5134085083007812 0.28173475980758667 0.5134085083007812 0.28173475980758667 0.5236783063411713 0.27417497634887694 0.5236783063411713
0 0.5839902877807617 0.7833205413818359 0.5922176140546799 0.7833205413818359 0.5922176140546799 0.7925502115488052 0.5839902877807617 0.7925502115488052
0 0.1647220230102539 0.8220837402343749 0.1711921340227127 0.8220837402343749 0.1711921340227127 0.8304956024885177 0.1647220230102539 0.8304956024885177
0 0.58379150390625 0.319709529876709 0.5912122434377671 0.319709529876709 0.5912122434377671 0.33032751202583316 0.58379150390625 0.33032751202583316
0 0.7952460479736329 0.5340883636474609 0.8024948006868363 0.5340883636474609 0.8024948006868363 0.5437893956899642 0.7952460479736329 0.5437893956899642
0 0.2514287376403809 0.5238070297241211 0.25972934126853947 0.5238070297241211 0.25972934126853947 0.5337499493360519 0.2514287376403809 0.5337499493360519
0 0.5525922393798828 0.20793855667114258 0.5599651324748992 0.20793855667114258 0.5599651324748992 0.21751028418540955 0.5525922393798828 0.21751028418540955
0 0.5932678604125976 0.5226368331909179 0.6015401351451873 0.5226368331909179 0.6015401351451873 0.5320430862903595 0.5932678604125976 0.5320430862903595
0 0.8133708190917969 0.6809874725341796 0.8218322908878327 0.6809874725341796 0.8218322908878327 0.6900481891632079 0.8133708190917969 0.6900481891632079
0 0.5678819274902344 0.3764126205444336 0.5761948919296264 0.3764126205444336 0.5761948919296264 0.38599462628364556 0.5678819274902344 0.38599462628364556
0 0.5262865447998046 0.7836028289794922 0.5343073451519011 0.7836028289794922 0.5343073451519011 0.793132773041725 0.5262865447998046 0.793132773041725
0 0.22676959991455078 0.1513033103942871 0.2352385824918747 0.1513033103942871 0.2352385824918747 0.16144375443458556 0.22676959991455078 0.16144375443458556
0 0.497249870300293 0.7809274291992188 0.5050740212202073 0.7809274291992188 0.5050740212202073 0.7907569354772568 0.497249870300293 0.7907569354772568
0 0.49446117401123046 0.3821460723876954 0.5023520970344543 0.3821460723876954 0.5023520970344543 0.3917199349403382 0.49446117401123046 0.3917199349403382
0 0.552882080078125 0.5281325912475586 0.5607115542888641 0.5281325912475586 0.5607115542888641 0.5381024706363678 0.552882080078125 0.5381024706363678
0 0.4598846435546875 0.792523193359375 0.4669861906766891 0.792523193359375 0.4669861906766891 0.8014561468362809 0.4598846435546875 0.8014561468362809
0 0.773255844116211 0.5145077896118164 0.7810220944881439 0.5145077896118164 0.7810220944881439 0.5239366537332535 0.773255844116211 0.5239366537332535
0 0.49725830078125005 0.8337190246582031 0.5048717266321182 0.8337190246582031 0.5048717266321182 0.8432610648870468 0.49725830078125005 0.8432610648870468
0 0.20870433807373046 0.36619140625 0.216306734085083 0.36619140625 0.216306734085083 0.37555524289608 0.20870433807373046 0.37555524289608
0 0.7708231353759766 0.6805646514892578 0.7784945213794708 0.6805646514892578 0.7784945213794708 0.6902383285760879 0.7708231353759766 0.6902383285760879
0 0.22339900970458984 0.2133769416809082 0.23073930025100708 0.2133769416809082 0.23073930025100708 0.2227565705776215 0.22339900970458984 0.2227565705776215
0 0.2608227920532227 0.1514756202697754 0.2694102668762207 0.1514756202697754 0.2694102668762207 0.1624249076843262 0.2608227920532227 0.1624249076843262
0 0.8265770721435547 0.472951545715332 0.8346184539794922 0.472951545715332 0.8346184539794922 0.4824962741136551 0.8265770721435547 0.4824962741136551
0 0.5362549591064453 0.463372688293457 0.5435925441980362 0.463372688293457 0.5435925441980362 0.4724886685609817 0.5362549591064453 0.4724886685609817
0 0.24796146392822266 0.7747017669677735 0.25542027652263644 0.7747017669677735 0.25542027652263644 0.7841834837198257 0.24796146392822266 0.7841834837198257
0 0.5211573791503906 0.21251977920532228 0.5284642100334167 0.21251977920532228 0.5284642100334167 0.22222597002983097 0.5211573791503906 0.22222597002983097
0 0.4665523910522461 0.14572677612304688 0.47348310470581056 0.14572677612304688 0.47348310470581056 0.15560036838054656 0.4665523910522461 0.15560036838054656
0 0.55214111328125 0.7859377288818359 0.5599445647001267 0.7859377288818359 0.5599445647001267 0.7948952704668044 0.55214111328125 0.7948952704668044
0 0.5628274917602539 0.14768730163574217 0.5707698094844819 0.14768730163574217 0.5707698094844819 0.15713158309459685 0.5628274917602539 0.15713158309459685
0 0.47456863403320315 0.45873905181884767 0.48145774066448216 0.45873905181884767 0.48145774066448216 0.46758092701435094 0.47456863403320315 0.46758092701435094
0 0.47071834564208986 0.37846153259277343 0.4786473858356476 0.37846153259277343 0.4786473858356476 0.3878043389320373 0.47071834564208986 0.3878043389320373
0 0.8158533477783203 0.16964441299438476 0.8228637558221816 0.16964441299438476 0.8228637558221816 0.17970906734466552 0.8158533477783203 0.17970906734466552
0 0.5939235687255859 0.6322118759155273 0.6025571453571319 0.6322118759155273 0.6025571453571319 0.6418328982591629 0.5939235687255859 0.6418328982591629
0 0.5050860595703125 0.4670169830322265 0.5123484152555466 0.4670169830322265 0.5123484152555466 0.47635852456092825 0.5050860595703125 0.47635852456092825
0 0.536446533203125 0.14926281929016114 0.5431437224149703 0.14926281929016114 0.5431437224149703 0.15801349759101868 0.536446533203125 0.15801349759101868
0 0.2746375274658203 0.4594369888305664 0.28248613417148594 0.4594369888305664 0.28248613417148594 0.470308164358139 0.2746375274658203 0.470308164358139
0 0.4435185623168945 0.4591230773925781 0.4505397343635559 0.4591230773925781 0.4505397343635559 0.46821937143802644 0.4435185623168945 0.46821937143802644
0 0.8671603393554688 0.22671831130981446 0.8752309376001358 0.22671831130981446 0.8752309376001358 0.23557914137840275 0.8671603393554688 0.23557914137840275
0 0.8469804382324219 0.17011251449584958 0.8538807821273804 0.17011251449584958 0.8538807821273804 0.17932848691940306 0.8469804382324219 0.17932848691940306
0 0.5500788116455078 0.31909387588500976 0.5568047440052032 0.31909387588500976 0.5568047440052032 0.32801684796810154 0.5500788116455078 0.32801684796810154
0 0.5733233642578125 0.4601858520507813 0.5811540800333024 0.4601858520507813 0.5811540800333024 0.4699657082557679 0.5733233642578125 0.4699657082557679
0 0.4450490951538086 0.2119465637207031 0.4535053324699402 0.2119465637207031 0.4535053324699402 0.22132795214653014 0.4450490951538086 0.22132795214653014
0 0.49047122955322264 0.6323884963989258 0.49876059651374816 0.6323884963989258 0.49876059651374816 0.6418568915128707 0.49047122955322264 0.6418568915128707
0 0.8514996337890625 0.30921417236328125 0.8593890190124511 0.30921417236328125 0.8593890190124511 0.3184384268522263 0.8514996337890625 0.3184384268522263
0 0.19892833709716798 0.15192320823669433 0.20779786288738253 0.15192320823669433 0.20779786288738253 0.16262571692466735 0.19892833709716798 0.16262571692466735
0 0.20761894226074218 0.7752700805664061 0.2135186672210693 0.7752700805664061 0.2135186672210693 0.7832816565036773 0.20761894226074218 0.7832816565036773
0 0.7983737182617188 0.8276762390136718 0.8058462667465209 0.8276762390136718 0.8058462667465209 0.8376698762178421 0.7983737182617188 0.8376698762178421
0 0.7659520721435547 0.8281565093994141 0.7741097873449325 0.8281565093994141 0.7741097873449325 0.8371123909950255 0.7659520721435547 0.8371123909950255
0 0.4577383041381836 0.31584749221801756 0.46448319137096405 0.31584749221801756 0.46448319137096405 0.3241146922111511 0.4577383041381836 0.3241146922111511
0 0.5208330154418945 0.6870591735839844 0.5279676818847656 0.6870591735839844 0.5279676818847656 0.6978569412231446 0.5208330154418945 0.6978569412231446
0 0.44170021057128905 0.3829249572753906 0.44798189342021943 0.3829249572753906 0.44798189342021943 0.3907539415359497 0.44170021057128905 0.3907539415359497
0 0.7785826873779297 0.62558837890625 0.7856692123413087 0.62558837890625 0.7856692123413087 0.6352220904827117 0.7785826873779297 0.6352220904827117
0 0.8149100494384766 0.8151411437988281 0.8219815516471863 0.8151411437988281 0.8219815516471863 0.8234995603561401 0.8149100494384766 0.8234995603561401
0 0.16290241241455078 0.36441051483154296 0.16935967445373534 0.36441051483154296 0.16935967445373534 0.3730429178476334 0.16290241241455078 0.3730429178476334
0 0.2577951431274414 0.21178577423095704 0.26517732143402095 0.21178577423095704 0.26517732143402095 0.22206812262535094 0.2577951431274414 0.22206812262535094
0 0.5160036849975586 0.5249725723266602 0.5239433413743972 0.5249725723266602 0.5239433413743972 0.5342655307054519 0.5160036849975586 0.5342655307054519
0 0.20898431777954102 0.46967182159423826 0.21595362186431885 0.46967182159423826 0.21595362186431885 0.47961754798889156 0.20898431777954102 0.47961754798889156
0 0.8923171234130859 0.4809775924682617 0.8999152904748915 0.4809775924682617 0.8999152904748915 0.49058604419231416 0.8923171234130859 0.49058604419231416
0 0.49425209045410157 0.31606349945068357 0.501634476184845 0.31606349945068357 0.501634476184845 0.32599282026290893 0.49425209045410157 0.32599282026290893
0 0.7969208526611328 0.17027748107910157 0.804853767156601 0.17027748107910157 0.804853767156601 0.17996289849281313 0.7969208526611328 0.17996289849281313
0 0.8339205169677735 0.6797415924072266 0.8408251190185547 0.6797415924072266 0.8408251190185547 0.6887646758556366 0.8339205169677735 0.6887646758556366
0 0.258796329498291 0.6109648895263672 0.2665928608179092 0.6109648895263672 0.2665928608179092 0.6207052940130234 0.258796329498291 0.6207052940130234
0 0.20777721405029298 0.5188177871704102 0.2152863276004791 0.5188177871704102 0.2152863276004791 0.5298722660541534 0.20777721405029298 0.5298722660541534
0 0.5106249237060547 0.14911784172058107 0.51859858751297 0.14911784172058107 0.51859858751297 0.15979985475540162 0.5106249237060547 0.15979985475540162
0 0.7991816711425781 0.4732912063598632 0.8075822257995605 0.4732912063598632 0.8075822257995605 0.48291752576827995 0.7991816711425781 0.48291752576827995
0 0.18273834228515626 0.7704792022705078 0.18905049800872803 0.7704792022705078 0.18905049800872803 0.7787654364109039 0.18273834228515626 0.7787654364109039
0 0.7686061096191407 0.1619713020324707 0.7760092246532441 0.1619713020324707 0.7760092246532441 0.17216868877410887 0.7686061096191407 0.17216868877410887
0 0.4417704391479492 0.5299474334716797 0.44927936017513276 0.5299474334716797 0.44927936017513276 0.5398856091499329 0.4417704391479492 0.5398856091499329
0 0.75966796875 0.3597369384765625 0.7666374504566192 0.3597369384765625 0.7666374504566192 0.370003889799118 0.75966796875 0.370003889799118
0 0.5221279525756836 0.3164315032958984 0.5303355252742767 0.3164315032958984 0.5303355252742767 0.32764214754104615 0.5221279525756836 0.32764214754104615
0 0.2106788444519043 0.6654641723632813 0.2178962218761444 0.6654641723632813 0.2178962218761444 0.6735975813865662 0.2106788444519043 0.6735975813865662
0 0.7647872161865235 0.5981619262695312 0.7724020618200302 0.5981619262695312 0.7724020618200302 0.6074138122797011 0.7647872161865235 0.6074138122797011
0 0.8386962127685547 0.22246320724487303 0.8470000696182252 0.22246320724487303 0.8470000696182252 0.2324580305814743 0.8386962127685547 0.2324580305814743
0 0.1868181800842285 0.6587281036376953 0.19305025696754455 0.6587281036376953 0.19305025696754455 0.6669555556774139 0.1868181800842285 0.6669555556774139
0 0.17026092529296874 0.15233951568603515 0.17686205208301542 0.15233951568603515 0.17686205208301542 0.16125891983509064 0.17026092529296874 0.16125891983509064
0 0.13351324081420898 0.5194742584228516 0.14077738523483277 0.5194742584228516 0.14077738523483277 0.5275607842206954 0.13351324081420898 0.5275607842206954
0 0.15740569114685057 0.5125964736938476 0.1652034348249435 0.5125964736938476 0.1652034348249435 0.52110107421875 0.15740569114685057 0.52110107421875
0 0.4978797149658203 0.21395381927490234 0.5047744399309159 0.21395381927490234 0.5047744399309159 0.22395146906375885 0.4978797149658203 0.22395146906375885
0 0.469511833190918 0.21215866088867188 0.4764139807224274 0.21215866088867188 0.4764139807224274 0.2219859927892685 0.469511833190918 0.2219859927892685
0 0.8393769836425782 0.3718094253540039 0.8470759892463685 0.3718094253540039 0.8470759892463685 0.3823622214794159 0.8393769836425782 0.3823622214794159
0 0.18021377563476562 0.3153374671936035 0.18789020359516145 0.3153374671936035 0.18789020359516145 0.32381485104560853 0.18021377563476562 0.32381485104560853
0 0.22270502090454103 0.3034385871887207 0.23105282068252567 0.3034385871887207 0.23105282068252567 0.3146486580371856 0.22270502090454103 0.3146486580371856
0 0.9123686981201172 0.5323314666748047 0.9190514564514161 0.5323314666748047 0.9190514564514161 0.5411634594202042 0.9123686981201172 0.5411634594202042
0 0.14778420448303223 0.36806900024414063 0.1537752455472946 0.36806900024414063 0.1537752455472946 0.3761560791730881 0.14778420448303223 0.3761560791730881
0 0.8619913482666015 0.47885025024414063 0.8704565459489821 0.47885025024414063 0.8704565459489821 0.4889416861534119 0.8619913482666015 0.4889416861534119
0 0.8895490264892578 0.18050384521484375 0.8964622044563294 0.18050384521484375 0.8964622044563294 0.18931949198246 0.8895490264892578 0.18931949198246
0 0.770719985961914 0.4733141326904297 0.778573471903801 0.4733141326904297 0.778573471903801 0.4845273268222809 0.770719985961914 0.4845273268222809
0 0.8820559692382812 0.31859575271606444 0.8882870554924011 0.31859575271606444 0.8882870554924011 0.32635391771793365 0.8820559692382812 0.32635391771793365
0 0.7843033599853516 0.3680476379394531 0.7927421802282335 0.3680476379394531 0.7927421802282335 0.3804616117477417 0.7843033599853516 0.3804616117477417
0 0.5867827224731446 0.8305972290039062 0.5948779833316803 0.8305972290039062 0.5948779833316803 0.840033564567566 0.5867827224731446 0.840033564567566
0 0.8366354370117187 0.6298781585693359 0.8442619335651398 0.6298781585693359 0.8442619335651398 0.6384663265943528 0.8366354370117187 0.6384663265943528
0 0.1459284782409668 0.32071155548095703 0.15226384758949282 0.32071155548095703 0.15226384758949282 0.32984759747982023 0.1459284782409668 0.32984759747982023
0 0.9071825408935547 0.8221828460693359 0.9141487693786622 0.8221828460693359 0.9141487693786622 0.8299692559242248 0.9071825408935547 0.8299692559242248
0 0.15812700271606445 0.607516860961914 0.16519616901874543 0.607516860961914 0.16519616901874543 0.6162909412384033 0.15812700271606445 0.6162909412384033
0 0.4651236343383789 0.8338097381591797 0.47310889005661005 0.8338097381591797 0.47310889005661005 0.844678897857666 0.4651236343383789 0.844678897857666
0 0.5271854019165039 0.3788118743896484 0.5358831483125687 0.3788118743896484 0.5358831483125687 0.3909204351902008 0.5271854019165039 0.3909204351902008
0 0.9116961669921875 0.7747260284423828 0.9171802824735641 0.7747260284423828 0.9171802824735641 0.7828761982917786 0.9116961669921875 0.7828761982917786
0 0.2328175735473633 0.8179863739013672 0.2411956542730332 0.8179863739013672 0.2411956542730332 0.8288398790359498 0.2328175735473633 0.8288398790359498
0 0.8636041259765626 0.7805951690673828 0.8703061056137086 0.7805951690673828 0.8703061056137086 0.7894100844860077 0.8636041259765626 0.7894100844860077
0 0.13227535621803327 0.15237832993708922 0.1432475055817411 0.15237832993708922 0.1432475055817411 0.1629714758685446 0.13227535621803327 0.1629714758685446
0 0.1383709947534265 0.211862918629108 0.14751445255651635 0.211862918629108 0.14751445255651635 0.22816006621596244 0.1383709947534265 0.22816006621596244
0 0.11947451529370748 0.31372009104694837 0.13227535621803327 0.31372009104694837 0.13227535621803327 0.3283875238751174 0.11947451529370748 0.3283875238751174
0 0.12130320685432545 0.3715749649802816 0.13105622851095464 0.3715749649802816 0.13105622851095464 0.3789086813943661 0.12130320685432545 0.3789086813943661
0 0.1359327393392692 0.4595795619492959 0.14690488870297702 0.4595795619492959 0.14690488870297702 0.470987565260094 0.1359327393392692 0.470987565260094
0 0.18347871991533649 0.6119578918863849 0.1895743584507297 0.6119578918863849 0.1895743584507297 0.6249956099558686 0.18347871991533649 0.6249956099558686
0 0.21090909332460606 0.6062538902309859 0.21822385956707793 0.6062538902309859 0.21822385956707793 0.6192916083004695 0.21090909332460606 0.6192916083004695
0 0.23102470049140375 0.6070687476103286 0.2383394667338756 0.6070687476103286 0.2383394667338756 0.6201064656798122 0.23102470049140375 0.6201064656798122
0 0.15604834650606692 0.6584047625089202 0.1627535488949995 0.6584047625089202 0.1627535488949995 0.6681830510610328 0.15604834650606692 0.6681830510610328
0 0.13959012246050514 0.7659659365821596 0.1493431441171343 0.7659659365821596 0.1493431441171343 0.7757442251342724 0.13959012246050514 0.7757442251342724
0 0.15970572962730284 0.7627065070647886 0.16945875128393204 0.7627065070647886 0.16945875128393204 0.7724847956169013 0.15970572962730284 0.7724847956169013
0 0.13959012246050514 0.818116808860094 0.14690488870297702 0.818116808860094 0.14690488870297702 0.829524812170892 0.13959012246050514 0.829524812170892
0 0.449858123912021 0.6836653412685447 0.4602207094221895 0.6836653412685447 0.4602207094221895 0.6975179167173707 0.449858123912021 0.6975179167173707
0 0.449858123912021 0.629884754231925 0.4583920178615716 0.629884754231925 0.4583920178615716 0.6412927575427232 0.449858123912021 0.6412927575427232
0 0.8887440984603342 0.22327092193990614 0.8972779924098848 0.22327092193990614 0.8972779924098848 0.23630864000938967 0.8887440984603342 0.23630864000938967
0 0.8710667467076938 0.367500678083568 0.8802102045107837 0.367500678083568 0.8802102045107837 0.3780938240150234 0.8710667467076938 0.3780938240150234
0 0.8966684285563454 0.36587096332488256 0.9064214502129746 0.36587096332488256 0.9064214502129746 0.3772789666356807 0.8966684285563454 0.3772789666356807
0 0.8643615443187612 0.5337315834694836 0.8735050021218511 0.5337315834694836 0.8735050021218511 0.5467693015389672 0.8643615443187612 0.5467693015389672
0 0.8649711081723006 0.6282550394732395 0.8735050021218511 0.6282550394732395 0.8735050021218511 0.6429224723014085 0.8649711081723006 0.6429224723014085
0 0.8667997997329185 0.6804059117511738 0.8741145659753905 0.6804059117511738 0.8741145659753905 0.6901842003032865 0.8667997997329185 0.6901842003032865
0 0.8930110454351095 0.6795910543718309 0.905202322505896 0.6795910543718309 0.905202322505896 0.6909990576826291 0.8930110454351095 0.6909990576826291
0 0.9045927586523566 0.6192916083004695 0.9131266526019072 0.6192916083004695 0.9131266526019072 0.6364036132666666 0.9045927586523566 0.6364036132666666
0 0.833883351641795 0.775914220680751 0.8448555010055029 0.775914220680751 0.8448555010055029 0.7897667961295775 0.833883351641795 0.7897667961295775
0 0.8594850334904467 0.823175948682629 0.8686284912935366 0.823175948682629 0.8686284912935366 0.8370285241314553 0.8594850334904467 0.8370285241314553
