0 0.8296202850341797 0.6155806350708007 0.8369394767284394 0.6155806350708007 0.8369394767284394 0.624888733625412 0.8296202850341797 0.624888733625412
0 0.5169052505493164 0.4570412826538086 0.5253928041458129 0.4570412826538086 0.5253928041458129 0.4675287353992462 0.5169052505493164 0.4675287353992462
0 0.7810140991210938 0.6787169647216796 0.7878741073608398 0.6787169647216796 0.7878741073608398 0.6866931211948394 0.7810140991210938 0.6866931211948394
0 0.790712890625 0.6165843963623047 0.798144630789757 0.6165843963623047 0.798144630789757 0.6272457444667816 0.790712890625 0.6272457444667816
0 0.8352719879150391 0.6781793212890626 0.8431419152021409 0.6781793212890626 0.8431419152021409 0.6869037908315659 0.8352719879150391 0.6869037908315659
0 0.8145046234130859 0.519455451965332 0.8225987011194229 0.519455451965332 0.8225987011194229 0.5304529666900635 0.8145046234130859 0.5304529666900635
0 0.7659423065185547 0.7835466766357422 0.7741658473014831 0.7835466766357422 0.7741658473014831 0.7930468934774398 0.7659423065185547 0.7930468934774398
0 0.5793511962890625 0.4673814010620117 0.5873212522268296 0.4673814010620117 0.5873212522268296 0.477509046792984 0.5793511962890625 0.477509046792984
0 0.5474596786499023 0.4603721237182617 0.5554202127456664 0.4603721237182617 0.5554202127456664 0.4693786829710006 0.5474596786499023 0.4693786829710006
0 0.4601413345336914 0.8260089874267578 0.46760057568550106 0.8260089874267578 0.46760057568550106 0.8344971436262131 0.4601413345336914 0.8344971436262131
0 0.5534183120727539 0.7291842651367187 0.5616442185640336 0.7291842651367187 0.5616442185640336 0.7386118251085282 0.5534183120727539 0.7386118251085282
0 0.5805858612060547 0.5209531021118164 0.5882426387071611 0.5209531021118164 0.5882426387071611 0.5304970002174377 0.5805858612060547 0.5304970002174377
0 0.5071055221557618 0.8341838073730469 0.5141667932271959 0.8341838073730469 0.5141667932271959 0.843530250787735 0.5071055221557618 0.843530250787735
0 0.5377756500244141 0.8246661376953125 0.5444208526611328 0.8246661376953125 0.5444208526611328 0.833903397321701 0.5377756500244141 0.833903397321701
0 0.7944468688964844 0.45475666046142577 0.8034911316633225 0.45475666046142577 0.8034911316633225 0.4660141289234162 0.7944468688964844 0.4660141289234162
0 0.47556289672851565 0.5194050979614258 0.48268458187580116 0.5194050979614258 0.48268458187580116 0.52982262134552 0.47556289672851565 0.52982262134552
0 0.5233406829833984 0.5237674713134766 0.5316564863920211 0.5237674713134766 0.5316564863920211 0.5339962363243103 0.5233406829833984 0.5339962363243103
0 0.4536983871459961 0.7823675537109375 0.46097112238407134 0.7823675537109375 0.46097112238407134 0.7914767342805863 0.4536983871459961 0.7914767342805863
0 0.5177607727050781 0.6789584350585938 0.5257344365119934 0.6789584350585938 0.5257344365119934 0.6899129807949067 0.5177607727050781 0.6899129807949067
0 0.5784293746948242 0.8239842987060547 0.5867358928918839 0.8239842987060547 0.5867358928918839 0.8340347802639008 0.5784293746948242 0.8340347802639008
0 0.7997532653808593 0.7818106079101562 0.8078433215618133 0.7818106079101562 0.8078433215618133 0.7920801687240601 0.7997532653808593 0.7920801687240601
0 0.5871759796142578 0.688615951538086 0.5953428030014039 0.688615951538086 0.5953428030014039 0.6993304681777953 0.5871759796142578 0.6993304681777953
0 0.7716941070556641 0.8482935333251953 0.7792724615335465 0.8482935333251953 0.7792724615335465 0.8578275883197783 0.7716941070556641 0.8578275883197783
0 0.5136136627197265 0.6320004272460937 0.5211729735136031 0.6320004272460937 0.5211729735136031 0.6426166701316833 0.5136136627197265 0.6426166701316833
0 0.8462516021728516 0.5206876373291016 0.8544811165332794 0.5206876373291016 0.8544811165332794 0.5311116826534272 0.8462516021728516 0.5311116826534272
0 0.5416845321655274 0.6286118698120117 0.5492019695043565 0.6286118698120117 0.5492019695043565 0.6385898923873902 0.5416845321655274 0.6385898923873902
0 0.5455513381958008 0.7712252807617187 0.5529320383071901 0.7712252807617187 0.5529320383071901 0.7800399589538574 0.5455513381958008 0.7800399589538574
0 0.9009012603759765 0.4689490509033203 0.90847316801548 0.4689490509033203 0.90847316801548 0.47808167338371277 0.9009012603759765 0.47808167338371277
0 0.89865966796875 0.616810302734375 0.9053397053480148 0.616810302734375 0.9053397053480148 0.6248993581533432 0.89865966796875 0.6248993581533432
0 0.9130609893798828 0.7719387817382812 0.9196491783857346 0.7719387817382812 0.9196491783857346 0.7801329094171523 0.9130609893798828 0.7801329094171523
0 0.8080333709716797 0.6149612426757812 0.8155586743354798 0.6149612426757812 0.8155586743354798 0.6248659360408783 0.8080333709716797 0.6248659360408783
0 0.4509213256835938 0.4598292922973633 0.4585221248865128 0.4598292922973633 0.4585221248865128 0.4694098353385925 0.4509213256835938 0.4694098353385925
0 0.9155122375488282 0.6786361694335936 0.9221441924571991 0.6786361694335936 0.9221441924571991 0.6870232063531875 0.9155122375488282 0.6870232063531875
0 0.5978838729858399 0.6290506744384765 0.6045673406124117 0.6290506744384765 0.6045673406124117 0.6375213181972503 0.5978838729858399 0.6375213181972503
0 0.7687722778320313 0.6787823486328125 0.7750714963674545 0.6787823486328125 0.7750714963674545 0.6875970268249512 0.7687722778320313 0.6875970268249512
0 0.4997787857055664 0.5169202423095703 0.5071144783496856 0.5169202423095703 0.5071144783496856 0.5272802484035493 0.4997787857055664 0.5272802484035493
0 0.8180081939697266 0.83871826171875 0.8254482728242875 0.83871826171875 0.8254482728242875 0.8482089912891388 0.8180081939697266 0.8482089912891388
0 0.8095832061767578 0.6812349700927735 0.8173835229873657 0.6812349700927735 0.8173835229873657 0.6910288989543916 0.8095832061767578 0.6910288989543916
0 0.48867618560791015 0.4605765151977539 0.49585722029209134 0.4605765151977539 0.49585722029209134 0.47003439486026766 0.48867618560791015 0.47003439486026766
0 0.8489828491210938 0.6099695205688477 0.8551731270551682 0.6099695205688477 0.8551731270551682 0.6186075764894485 0.8489828491210938 0.6186075764894485
0 0.9089475250244141 0.5237715911865234 0.9162796097993852 0.5237715911865234 0.9162796097993852 0.5333108645677566 0.9089475250244141 0.5333108645677566
0 0.9171295166015625 0.8224531555175781 0.9243905711174011 0.8224531555175781 0.9243905711174011 0.8314418470859528 0.9171295166015625 0.8314418470859528
0 0.48930946350097654 0.7793767547607422 0.4967733472585678 0.7793767547607422 0.4967733472585678 0.7879634207487107 0.48930946350097654 0.7879634207487107
0 0.5481227111816406 0.5148545455932617 0.5562522745132445 0.5148545455932617 0.5562522745132445 0.5252526199817658 0.5481227111816406 0.5252526199817658
0 0.7761271667480468 0.5146482467651368 0.7846670615673065 0.5146482467651368 0.7846670615673065 0.5248722684383393 0.7761271667480468 0.5248722684383393
0 0.8908306121826172 0.657284164428711 0.8979471814632416 0.657284164428711 0.8979471814632416 0.6657113641500474 0.8908306121826172 0.6657113641500474
0 0.8507402038574219 0.77763427734375 0.8573757660388946 0.77763427734375 0.8573757660388946 0.7860131710767746 0.8507402038574219 0.7860131710767746
0 0.43685394287109375 0.8283147430419922 0.44558197021484375 0.8283147430419922 0.44558197021484375 0.8376604747772217 0.43685394287109375 0.8376604747772217
0 0.8342498779296875 0.47178871154785157 0.8421601408720018 0.47178871154785157 0.8421601408720018 0.48126568436622624 0.8342498779296875 0.48126568436622624
0 0.4812083435058594 0.6296276092529297 0.4894077837467194 0.6296276092529297 0.4894077837467194 0.6386610889434815 0.4812083435058594 0.6386610889434815
0 0.6031142044067382 0.515013198852539 0.6112824469804763 0.515013198852539 0.6112824469804763 0.5261782836914063 0.6031142044067382 0.5261782836914063
0 0.444112663269043 0.6186021041870117 0.4519076865911484 0.6186021041870117 0.4519076865911484 0.6278748625516891 0.444112663269043 0.6278748625516891
0 0.8787997436523437 0.7765039825439453 0.8844145047664641 0.7765039825439453 0.8844145047664641 0.7839316922426223 0.8787997436523437 0.7839316922426223
0 0.883598861694336 0.5146783828735352 0.8908312910795212 0.5146783828735352 0.8908312910795212 0.5236663234233857 0.883598861694336 0.5236663234233857
0 0.44801921844482423 0.5187111282348633 0.4555924570560456 0.5187111282348633 0.4555924570560456 0.5274852877855302 0.44801921844482423 0.5274852877855302
0 0.4829403305053711 0.8300149536132813 0.4904456144571305 0.8300149536132813 0.4904456144571305 0.8398165512084962 0.4829403305053711 0.8398165512084962
0 0.5528973770141602 0.8282186126708985 0.5603860121965408 0.8282186126708985 0.5603860121965408 0.8391538667678833 0.5528973770141602 0.8391538667678833
0 0.6162174986732131 0.46020606336793596 0.6258349599236458 0.46020606336793596 0.6258349599236458 0.47122592274296904 0.6162174986732131 0.47122592274296904
0 0.4747034259882763 0.6616246041671513 0.4870687333102611 0.6616246041671513 0.4870687333102611 0.6744811067713566 0.4747034259882763 0.6744811067713566
0 0.47607734902405235 0.6824398940977695 0.4852368359292264 0.6824398940977695 0.4852368359292264 0.6922353246533545 0.47607734902405235 0.6922353246533545
0 0.8539061838624761 0.823861422744027 0.8630656707676501 0.823861422744027 0.8630656707676501 0.8342690677093361 0.8539061838624761 0.8342690677093361
0 0.7623113148107369 0.6285650260420522 0.7705548530253936 0.6285650260420522 0.7705548530253936 0.6408093142365333 0.7623113148107369 0.6408093142365333
0 0.861691747731874 0.6671345338546679 0.8681033885654956 0.6671345338546679 0.8681033885654956 0.679378822049149 0.861691747731874 0.679378822049149
0 0.8754309780896348 0.6903986814241821 0.8827585676137739 0.6903986814241821 0.8827585676137739 0.7001941119797672 0.8754309780896348 0.7001941119797672
0 0.8758889524348935 0.6181573810767432 0.88413249064955 0.6181573810767432 0.88413249064955 0.62672838281288 0.8758889524348935 0.62672838281288
0 0.921686386960763 0.6077497361114341 0.9285560021396435 0.6077497361114341 0.9285560021396435 0.6230550963545357 0.921686386960763 0.6230550963545357
0 0.8726831320180826 0.4546961336804195 0.8845904649948085 0.4546961336804195 0.8845904649948085 0.4681648506943487 0.8726831320180826 0.4681648506943487
