0 0.554385757446289 0.6865329742431641 0.5630801916122435 0.6865329742431641 0.5630801916122435 0.6969775760173798 0.554385757446289 0.6969775760173798
0 0.49245628356933596 0.6887712097167968 0.5005907261371613 0.6887712097167968 0.5005907261371613 0.6978968352079391 0.49245628356933596 0.6978968352079391
0 0.5850229644775391 0.4495265579223633 0.5928948438167574 0.4495265579223633 0.5928948438167574 0.45935748755931854 0.5850229644775391 0.45935748755931854
0 0.4671216583251953 0.6875041198730468 0.47439539909362793 0.6875041198730468 0.47439539909362793 0.6970802354812622 0.4671216583251953 0.6970802354812622
0 0.5457080078125 0.37450763702392575 0.5540153539180754 0.37450763702392575 0.5540153539180754 0.38490634322166434 0.5457080078125 0.38490634322166434
0 0.529294776916504 0.28829959869384764 0.5376681262254716 0.28829959869384764 0.5376681262254716 0.29979668140411375 0.529294776916504 0.29979668140411375
0 0.4547213363647461 0.7708445739746094 0.4620295572280884 0.7708445739746094 0.4620295572280884 0.7802114939689636 0.4547213363647461 0.7802114939689636
0 0.5628235244750976 0.6064324569702149 0.5713856565952301 0.6064324569702149 0.5713856565952301 0.6173347437381744 0.5628235244750976 0.6173347437381744
0 0.4449056625366211 0.8472566223144531 0.45146099805831913 0.8472566223144531 0.45146099805831913 0.8554491686820983 0.4449056625366211 0.8554491686820983
0 0.4832575225830078 0.7714490509033203 0.4904120022058487 0.7714490509033203 0.4904120022058487 0.7813113677501679 0.4832575225830078 0.7813113677501679
0 0.5550761032104492 0.45023426055908206 0.5640632933378219 0.45023426055908206 0.5640632933378219 0.4605249297618866 0.5550761032104492 0.4605249297618866
0 0.5397521209716797 0.7683123779296875 0.5473901504278184 0.7683123779296875 0.5473901504278184 0.7786591804027557 0.5397521209716797 0.7786591804027557
0 0.44581291198730466 0.6847219848632813 0.45354959130287165 0.6847219848632813 0.45354959130287165 0.6945246893167495 0.44581291198730466 0.6945246893167495
0 0.4923966598510742 0.3522378540039062 0.5004905897378922 0.3522378540039062 0.5004905897378922 0.3621409660577774 0.4923966598510742 0.3621409660577774
0 0.44573753356933593 0.37835289001464845 0.45275663554668427 0.37835289001464845 0.45275663554668427 0.3878318792581559 0.44573753356933593 0.3878318792581559
0 0.593689079284668 0.6838463592529297 0.6018205946683884 0.6838463592529297 0.6018205946683884 0.6945870447158814 0.593689079284668 0.6945870447158814
0 0.5059506607055664 0.2946636390686035 0.5147912365198135 0.2946636390686035 0.5147912365198135 0.3051370978355407 0.5059506607055664 0.3051370978355407
0 0.5065843200683594 0.8488230895996094 0.5151211392879487 0.8488230895996094 0.5151211392879487 0.8580215305089951 0.5065843200683594 0.8580215305089951
0 0.4757840347290039 0.2942979431152344 0.48511765241622923 0.2942979431152344 0.48511765241622923 0.30447059392929077 0.4757840347290039 0.30447059392929077
0 0.5375289916992188 0.6099785614013672 0.5445082318782807 0.6099785614013672 0.5445082318782807 0.6195436877012254 0.5375289916992188 0.6195436877012254
0 0.44623302459716796 0.45115531921386715 0.45351040244102475 0.45115531921386715 0.45351040244102475 0.461218569278717 0.44623302459716796 0.461218569278717
0 0.5534386444091797 0.5214022445678711 0.560778358578682 0.5214022445678711 0.560778358578682 0.5308838427066803 0.5534386444091797 0.5308838427066803
0 0.473648796081543 0.6074285125732422 0.48228491604328155 0.6074285125732422 0.48228491604328155 0.617486742734909 0.473648796081543 0.617486742734909
0 0.46326972961425783 0.37631248474121093 0.4706449884176255 0.37631248474121093 0.4706449884176255 0.3865363872051239 0.46326972961425783 0.3865363872051239
0 0.44333805084228517 0.5247640228271484 0.4494887918233872 0.5247640228271484 0.4494887918233872 0.5329058516025542 0.44333805084228517 0.5329058516025542
0 0.6038248825073242 0.2875511360168457 0.6109256607294083 0.2875511360168457 0.6109256607294083 0.2987258267402649 0.6038248825073242 0.2987258267402649
0 0.5292926406860352 0.5265952301025391 0.5372101777791978 0.5265952301025391 0.5372101777791978 0.5373106944561005 0.5292926406860352 0.5373106944561005
0 0.8289815521240235 0.0 0.8369367629289628 0.0 0.8369367629289628 0.009306533336639404 0.8289815521240235 0.009306533336639404
0 0.5132287979125977 0.6945755767822265 0.5205460971593858 0.6945755767822265 0.5205460971593858 0.7046520698070525 0.5132287979125977 0.7046520698070525
0 0.5381707000732422 0.8483104705810547 0.5464321517944336 0.8483104705810547 0.5464321517944336 0.8590974068641662 0.5381707000732422 0.8590974068641662
0 0.5642404556274414 0.7656892395019531 0.5721280670166016 0.7656892395019531 0.5721280670166016 0.7749933058023453 0.5642404556274414 0.7749933058023453
0 0.4799245834350586 0.8522084808349609 0.4873219615221024 0.8522084808349609 0.4873219615221024 0.8624922716617585 0.4799245834350586 0.8624922716617585
0 0.5626844024658203 0.28644720077514646 0.5706542807817458 0.28644720077514646 0.5706542807817458 0.29684175610542296 0.5626844024658203 0.29684175610542296
0 0.5144318389892578 0.6102419662475586 0.522602447271347 0.6102419662475586 0.522602447271347 0.6205832350254058 0.5144318389892578 0.6205832350254058
0 0.6126343917846679 0.3676109313964844 0.620759933590889 0.3676109313964844 0.620759933590889 0.3771545922756195 0.6126343917846679 0.3771545922756195
0 0.4620375061035156 0.8494308471679688 0.4691339373588562 0.8494308471679688 0.4691339373588562 0.8588023525476456 0.4620375061035156 0.8588023525476456
0 0.4687952541414833 0.45446339101226 0.4793930075854863 0.45446339101226 0.4793930075854863 0.465594562098152 0.4687952541414833 0.465594562098152
0 0.5827211036645142 0.28648390007970825 0.589912436358659 0.28648390007970825 0.589912436358659 0.2966031465214283 0.5827211036645142 0.2966031465214283
0 0.5096723031397801 0.7676540683834935 0.519134583000497 0.7676540683834935 0.519134583000497 0.7757494655368695 0.5096723031397801 0.7757494655368695
