0 0.4924262237548828 0.6336328125 0.50010438144207 0.6336328125 0.50010438144207 0.6433889502286911 0.4924262237548828 0.6433889502286911
0 0.4670372772216797 0.6347565078735351 0.4745461392402649 0.6347565078735351 0.4745461392402649 0.6445035928487777 0.4670372772216797 0.6445035928487777
0 0.5156995391845703 0.6332137680053711 0.5232127183675767 0.6332137680053711 0.5232127183675767 0.6430924898386001 0.5156995391845703 0.6430924898386001
0 0.47005672454833985 0.5309082412719727 0.4775260198116303 0.5309082412719727 0.4775260198116303 0.5399138522148133 0.47005672454833985 0.5399138522148133
0 0.5169676971435547 0.3125967788696289 0.5242723399400712 0.3125967788696289 0.5242723399400712 0.32187582254409786 0.5169676971435547 0.32187582254409786
0 0.5395998764038086 0.22796518325805662 0.5472991776466369 0.22796518325805662 0.5472991776466369 0.23755859375 0.5395998764038086 0.23755859375
0 0.4937800979614258 0.16294189453125 0.5012945193052292 0.16294189453125 0.5012945193052292 0.1731076967716217 0.4937800979614258 0.1731076967716217
0 0.490784912109375 0.3141421127319336 0.49797529101371774 0.3141421127319336 0.49797529101371774 0.32262429952621463 0.490784912109375 0.32262429952621463
0 0.4927583312988281 0.534361572265625 0.4995195126533508 0.534361572265625 0.4995195126533508 0.5437236696481704 0.4927583312988281 0.5437236696481704
0 0.5163779449462891 0.35195442199707033 0.5232162481546402 0.35195442199707033 0.5232162481546402 0.3609410977363587 0.5163779449462891 0.3609410977363587
0 0.47654960632324217 0.35708194732666015 0.48341777682304377 0.35708194732666015 0.48341777682304377 0.3653239071369171 0.47654960632324217 0.3653239071369171
0 0.5451582717895508 0.3103133583068848 0.5526088780164718 0.3103133583068848 0.5526088780164718 0.3206434988975525 0.5451582717895508 0.3206434988975525
0 0.4511875534057617 0.21856210708618165 0.4580133777856827 0.21856210708618165 0.4580133777856827 0.22738963305950166 0.4511875534057617 0.22738963305950166
0 0.4678384017944336 0.3094828224182129 0.47519236922264096 0.3094828224182129 0.47519236922264096 0.31846329152584074 0.4678384017944336 0.31846329152584074
0 0.4452175521850586 0.6331400299072265 0.4529456555843353 0.6331400299072265 0.4529456555843353 0.6421636271476745 0.4452175521850586 0.6421636271476745
0 0.5263818740844727 0.47095378875732424 0.5327119058370591 0.47095378875732424 0.5327119058370591 0.47931900501251223 0.5263818740844727 0.47931900501251223
0 0.4470925521850586 0.31240751266479494 0.4547859978675843 0.31240751266479494 0.4547859978675843 0.3210978871583939 0.4470925521850586 0.3210978871583939
0 0.4980462646484375 0.35579021453857423 0.5049537056684493 0.35579021453857423 0.5049537056684493 0.36443759977817536 0.4980462646484375 0.36443759977817536
0 0.5084433364868164 0.22478261947631836 0.5158719420433044 0.22478261947631836 0.5158719420433044 0.23469731390476228 0.5084433364868164 0.23469731390476228
0 0.4521855163574219 0.35783432006835936 0.4588993835449219 0.35783432006835936 0.4588993835449219 0.36650992989540104 0.4521855163574219 0.36650992989540104
0 0.5030299758911133 0.4701436996459961 0.5107638162374497 0.4701436996459961 0.5107638162374497 0.48010409176349644 0.5030299758911133 0.48010409176349644
0 0.5457773971557617 0.4657232284545899 0.5533789354562758 0.4657232284545899 0.5533789354562758 0.4746701365709305 0.5457773971557617 0.4746701365709305
0 0.518626937866211 0.5282130432128906 0.5259277361631394 0.5282130432128906 0.5259277361631394 0.5384278535842896 0.518626937866211 0.5384278535842896
0 0.5444743728637695 0.5272655868530274 0.5526521372795106 0.5272655868530274 0.5526521372795106 0.5373487603664399 0.5444743728637695 0.5373487603664399
0 0.4546832656860352 0.4725863647460937 0.4629259687662125 0.4725863647460937 0.4629259687662125 0.48100237727165224 0.4546832656860352 0.48100237727165224
0 0.5406565856933594 0.3477116775512695 0.5477775311470031 0.3477116775512695 0.5477775311470031 0.3563313513994216 0.5406565856933594 0.3563313513994216
0 0.4486661911010742 0.530345344543457 0.4562266844511032 0.530345344543457 0.4562266844511032 0.5403209555149079 0.4486661911010742 0.5403209555149079
0 0.44858226776123045 0.16496046066284178 0.45636986851692196 0.16496046066284178 0.45636986851692196 0.1747709435224533 0.44858226776123045 0.1747709435224533
0 0.4902854156494141 0.22115087509155273 0.49682084977626806 0.22115087509155273 0.49682084977626806 0.23084783554077148 0.4902854156494141 0.23084783554077148
0 0.4708698272705078 0.16176139831542968 0.4783844262361526 0.16176139831542968 0.4783844262361526 0.1717206835746765 0.4708698272705078 0.1717206835746765
0 0.5445514678955078 0.6296707153320312 0.5518351739645003 0.6296707153320312 0.5518351739645003 0.639794408082962 0.5445514678955078 0.639794408082962
0 0.47971435546875 0.4724324417114258 0.48804340660572054 0.4724324417114258 0.48804340660572054 0.4820085573196411 0.47971435546875 0.4820085573196411
0 0.47210060119628905 0.2175913619995117 0.4794721633195877 0.2175913619995117 0.4794721633195877 0.22568444967269896 0.47210060119628905 0.22568444967269896
0 0.6416378784179687 0.5917658615112305 0.6526933443546294 0.5917658615112305 0.6526933443546294 0.6048296773433686 0.6416378784179687 0.6048296773433686
0 0.5420918655395508 0.15948888778686524 0.5507037961483002 0.15948888778686524 0.5507037961483002 0.17013461112976072 0.5420918655395508 0.17013461112976072
