0 0.4925034713745117 0.6336847305297851 0.5000968778133393 0.6336847305297851 0.5000968778133393 0.643346232175827 0.4925034713745117 0.643346232175827
0 0.5156717681884766 0.6332074356079102 0.5232003247737886 0.6332074356079102 0.5232003247737886 0.6431486159563065 0.5156717681884766 0.6431486159563065
0 0.46705596923828124 0.6347599411010743 0.47454815268516537 0.6347599411010743 0.47454815268516537 0.6444883280992508 0.46705596923828124 0.6444883280992508
0 0.4700004577636719 0.5308211898803711 0.47755104482173927 0.5308211898803711 0.47755104482173927 0.5399120682477951 0.4700004577636719 0.5399120682477951
0 0.5169700241088867 0.31258737564086914 0.5242828285694122 0.31258737564086914 0.5242828285694122 0.32187545180320737 0.5169700241088867 0.32187545180320737
0 0.5395980834960937 0.22794448852539062 0.547301406264305 0.22794448852539062 0.547301406264305 0.23755341470241545 0.5395980834960937 0.23755341470241545
0 0.49378562927246095 0.16285158157348634 0.5013218444585801 0.16285158157348634 0.5013218444585801 0.17310654520988467 0.49378562927246095 0.17310654520988467
0 0.49075946807861326 0.3141351890563965 0.49796998500823975 0.3141351890563965 0.49796998500823975 0.3226596933603287 0.49075946807861326 0.3226596933603287
0 0.4927988052368164 0.5343469619750977 0.4995314204692841 0.5343469619750977 0.4995314204692841 0.5437207996845246 0.4927988052368164 0.5437207996845246
0 0.5164194107055664 0.3520016860961914 0.5232005232572555 0.3520016860961914 0.5232005232572555 0.36091198861598967 0.5164194107055664 0.36091198861598967
0 0.47656688690185545 0.35706600189208987 0.4834812772274017 0.35706600189208987 0.4834812772274017 0.365353382229805 0.47656688690185545 0.365353382229805
0 0.5451427078247071 0.31030855178833006 0.5526037824153901 0.31030855178833006 0.5526037824153901 0.320646835565567 0.5451427078247071 0.320646835565567
0 0.4511920166015625 0.21856733322143554 0.45800852596759795 0.21856733322143554 0.45800852596759795 0.22738586544990538 0.4511920166015625 0.22738586544990538
0 0.4678513717651367 0.30947620391845704 0.4751878333091736 0.30947620391845704 0.4751878333091736 0.31845121800899506 0.4678513717651367 0.31845121800899506
0 0.44522193908691404 0.6331437683105469 0.4529355525970459 0.6331437683105469 0.4529355525970459 0.6421504861116409 0.44522193908691404 0.6421504861116409
0 0.44709369659423825 0.312409496307373 0.4547790104150771 0.312409496307373 0.4547790104150771 0.3211009383201599 0.44709369659423825 0.3211009383201599
0 0.5263946914672851 0.4708196640014649 0.5327335947751999 0.4708196640014649 0.5327335947751999 0.4791938138008118 0.5263946914672851 0.4791938138008118
0 0.4980424880981446 0.35580432891845704 0.5049827533960343 0.35580432891845704 0.5049827533960343 0.3644815200567246 0.4980424880981446 0.3644815200567246
0 0.5084572219848633 0.2246890640258789 0.515971406698227 0.2246890640258789 0.515971406698227 0.23462417602539062 0.5084572219848633 0.23462417602539062
0 0.5443649291992188 0.5273254013061524 0.552707701921463 0.5273254013061524 0.552707701921463 0.5376079273223877 0.5443649291992188 0.5376079273223877
0 0.45216659545898436 0.3578464889526367 0.4588840997219086 0.3578464889526367 0.4588840997219086 0.36653130948543544 0.45216659545898436 0.36653130948543544
0 0.5457712936401368 0.46576404571533203 0.5533257544040681 0.46576404571533203 0.5533257544040681 0.47466920912265775 0.5457712936401368 0.47466920912265775
0 0.5030509185791016 0.47014560699462893 0.5108324277400971 0.47014560699462893 0.5108324277400971 0.4801160395145416 0.5030509185791016 0.4801160395145416
0 0.5186272048950196 0.5281965637207031 0.5259440308809282 0.5281965637207031 0.5259440308809282 0.5384329974651336 0.5186272048950196 0.5384329974651336
0 0.4546736526489258 0.47259532928466796 0.4629317623376847 0.47259532928466796 0.4629317623376847 0.48102213382720943 0.4546736526489258 0.48102213382720943
0 0.5406571578979492 0.34771133422851563 0.5478051906824112 0.34771133422851563 0.5478051906824112 0.3563365823030472 0.5406571578979492 0.3563365823030472
0 0.4485763168334961 0.16496068954467774 0.45636078298091887 0.16496068954467774 0.45636078298091887 0.17476425409317017 0.4485763168334961 0.17476425409317017
0 0.4902758026123047 0.2211457633972168 0.49682939350605015 0.2211457633972168 0.49682939350605015 0.23080467581748965 0.4902758026123047 0.23080467581748965
0 0.4486830139160156 0.5303625869750976 0.4562542712688446 0.5303625869750976 0.4562542712688446 0.5403638529777527 0.4486830139160156 0.5403638529777527
0 0.47088626861572264 0.16174907684326173 0.4783726269006729 0.16174907684326173 0.4783726269006729 0.17171601116657256 0.47088626861572264 0.17171601116657256
0 0.544552001953125 0.6296744537353516 0.5518292021751404 0.6296744537353516 0.5518292021751404 0.6398134839534759 0.544552001953125 0.6398134839534759
0 0.47971424102783206 0.472437744140625 0.48804346978664404 0.472437744140625 0.48804346978664404 0.4820090764760971 0.47971424102783206 0.4820090764760971
0 0.47209285736083983 0.21764247894287111 0.47947633683681484 0.21764247894287111 0.47947633683681484 0.2258022350072861 0.47209285736083983 0.2258022350072861
0 0.6416441345214844 0.5917781448364258 0.6526823902130127 0.5917781448364258 0.6526823902130127 0.6048295092582703 0.6416441345214844 0.6048295092582703
0 0.5420967483520508 0.15947847366333007 0.5507062536478042 0.15947847366333007 0.5507062536478042 0.1701137614250183 0.5420967483520508 0.1701137614250183
