0 0.19726173400878907 0.2167982864379883 0.20507053732872013 0.2167982864379883 0.20507053732872013 0.22619862973690033 0.19726173400878907 0.22619862973690033
0 0.7889838409423828 0.3136317443847656 0.7968874204158782 0.3136317443847656 0.7968874204158782 0.3225011134147644 0.7889838409423828 0.3225011134147644
0 0.5615633773803711 0.6855760955810547 0.5695787954330443 0.6855760955810547 0.5695787954330443 0.6967037057876588 0.5615633773803711 0.6967037057876588
0 0.210509033203125 0.8241394805908203 0.216456486582756 0.8241394805908203 0.216456486582756 0.8325079381465912 0.210509033203125 0.8325079381465912
0 0.524906005859375 0.8337494659423829 0.5324670904874801 0.8337494659423829 0.5324670904874801 0.8435066312551499 0.524906005859375 0.8435066312551499
0 0.773161392211914 0.21587799072265626 0.7808738821744919 0.21587799072265626 0.7808738821744919 0.22503555715084078 0.773161392211914 0.22503555715084078
0 0.554370002746582 0.8330583953857422 0.5621036064624786 0.8330583953857422 0.5621036064624786 0.843231817483902 0.554370002746582 0.843231817483902
0 0.819652099609375 0.3141876983642578 0.8275265216827392 0.3141876983642578 0.8275265216827392 0.3237134522199631 0.819652099609375 0.3237134522199631
0 0.1871529769897461 0.8224140167236327 0.1934131908416748 0.8224140167236327 0.1934131908416748 0.8308143359422683 0.1871529769897461 0.8308143359422683
0 0.48468231201171874 0.14695989608764648 0.49183081805706025 0.14695989608764648 0.49183081805706025 0.15594248056411744 0.48468231201171874 0.15594248056411744
0 0.4780582427978516 0.5192987060546875 0.4863665354251862 0.5192987060546875 0.4863665354251862 0.5295319771766663 0.4780582427978516 0.5295319771766663
0 0.7651871490478516 0.31473852157592774 0.7731317144632339 0.31473852157592774 0.7731317144632339 0.3243542468547821 0.7651871490478516 0.3243542468547821
0 0.17080892562866212 0.21809072494506837 0.1770991545915604 0.21809072494506837 0.1770991545915604 0.2262974035739899 0.17080892562866212 0.2262974035739899
0 0.5800076293945312 0.2086812019348145 0.5883806234598159 0.2086812019348145 0.5883806234598159 0.21914110183715824 0.5800076293945312 0.21914110183715824
0 0.8306355285644531 0.5304039764404297 0.8377773517370225 0.5304039764404297 0.8377773517370225 0.5395085716247559 0.8306355285644531 0.5395085716247559
0 0.5617750549316406 0.6333603286743164 0.5700448453426361 0.6333603286743164 0.5700448453426361 0.6424140483140944 0.5617750549316406 0.6424140483140944
0 0.5261813735961914 0.6358955001831055 0.534552120566368 0.6358955001831055 0.534552120566368 0.6463624370098114 0.5261813735961914 0.6463624370098114
0 0.8105403137207031 0.6266190719604492 0.8178974747657777 0.6266190719604492 0.8178974747657777 0.636106441617012 0.8105403137207031 0.636106441617012
0 0.25563079833984376 0.31201877593994143 0.26328331768512725 0.31201877593994143 0.26328331768512725 0.32139397740364073 0.25563079833984376 0.32139397740364073
0 0.6005404281616211 0.6867810821533203 0.6077635723352433 0.6867810821533203 0.6077635723352433 0.6954214304685593 0.6005404281616211 0.6954214304685593
0 0.27991064071655275 0.3665678024291993 0.2877556693553925 0.3665678024291993 0.2877556693553925 0.3755689460039139 0.27991064071655275 0.3755689460039139
0 0.7993309020996093 0.7836002349853517 0.8069869697093963 0.7836002349853517 0.8069869697093963 0.7931317603588106 0.7993309020996093 0.7931317603588106
0 0.16466222763061522 0.8220349884033203 0.171193950176239 0.8220349884033203 0.171193950176239 0.8305194282531738 0.16466222763061522 0.8305194282531738
0 0.25143831253051757 0.5237870407104492 0.2597470778226852 0.5237870407104492 0.2597470778226852 0.5335955566167832 0.25143831253051757 0.5335955566167832
0 0.27423864364624023 0.5132927703857422 0.2817760711908341 0.5132927703857422 0.2817760711908341 0.5235574686527252 0.27423864364624023 0.5235574686527252
0 0.5931494140625 0.5226255798339844 0.60151318192482 0.5226255798339844 0.60151318192482 0.5320432966947556 0.5931494140625 0.5320432966947556
0 0.7952821350097656 0.5341484069824218 0.8025527113676071 0.5341484069824218 0.8025527113676071 0.5437353539466857 0.7952821350097656 0.5437353539466857
0 0.5525755310058593 0.2078430938720703 0.5599971574544906 0.2078430938720703 0.5599971574544906 0.21750087976455687 0.5525755310058593 0.21750087976455687
0 0.567850456237793 0.37644653320312493 0.5761638939380646 0.37644653320312493 0.5761638939380646 0.38597501456737515 0.567850456237793 0.38597501456737515
0 0.5838212966918945 0.3196915245056152 0.5911448055505752 0.3196915245056152 0.5911448055505752 0.3301173686981201 0.5838212966918945 0.3301173686981201
0 0.7712141418457031 0.781374282836914 0.7781992959976196 0.781374282836914 0.7781992959976196 0.7908055585622787 0.7712141418457031 0.7908055585622787
0 0.5839825820922852 0.7832889556884766 0.5921753692626954 0.7832889556884766 0.5921753692626954 0.7925724661350251 0.5839825820922852 0.7925724661350251
0 0.8134139251708984 0.6809908294677735 0.8218461805582045 0.6809908294677735 0.8218461805582045 0.69006372153759 0.8134139251708984 0.69006372153759
0 0.494378662109375 0.38200965881347654 0.5023513793945313 0.38200965881347654 0.5023513793945313 0.3917495888471603 0.494378662109375 0.3917495888471603
0 0.4973619461059571 0.7809806823730467 0.5050678712129594 0.7809806823730467 0.5050678712129594 0.7906492203474044 0.4973619461059571 0.7906492203474044
0 0.5263337326049805 0.7836006164550782 0.5343352520465852 0.7836006164550782 0.5343352520465852 0.79323666036129 0.5263337326049805 0.79323666036129
0 0.22671684265136718 0.15133106231689453 0.23522666335105893 0.15133106231689453 0.23522666335105893 0.1614121413230896 0.22671684265136718 0.1614121413230896
0 0.5528900146484375 0.5280692291259765 0.5606695133447647 0.5280692291259765 0.5606695133447647 0.5381116473674774 0.5528900146484375 0.5381116473674774
0 0.45990337371826173 0.7924659729003907 0.4669686663150788 0.7924659729003907 0.4669686663150788 0.8014503955841066 0.45990337371826173 0.8014503955841066
0 0.4972030258178711 0.833698501586914 0.5048855304718018 0.833698501586914 0.5048855304718018 0.8433414238691329 0.4972030258178711 0.8433414238691329
0 0.7707797241210937 0.6804896545410156 0.7785592818260193 0.6804896545410156 0.7785592818260193 0.6903235882520675 0.7707797241210937 0.6903235882520675
0 0.2233767318725586 0.21337205886840818 0.23076704263687137 0.21337205886840818 0.23076704263687137 0.22277931988239288 0.2233767318725586 0.22277931988239288
0 0.20868152618408203 0.3661259841918945 0.21630156159400943 0.3661259841918945 0.21630156159400943 0.37547997772693636 0.20868152618408203 0.37547997772693636
0 0.8266667938232422 0.47292518615722656 0.8346342474222183 0.47292518615722656 0.8346342474222183 0.48251960456371307 0.8266667938232422 0.48251960456371307
0 0.7732470703125 0.5145753097534179 0.7809043800830839 0.5145753097534179 0.7809043800830839 0.5239780443906783 0.7732470703125 0.5239780443906783
0 0.5362578201293945 0.463296012878418 0.5436580961942672 0.463296012878418 0.5436580961942672 0.4724695891141891 0.5362578201293945 0.4724695891141891
0 0.26087011337280275 0.15154844284057617 0.2694781994819641 0.15154844284057617 0.2694781994819641 0.1625023555755615 0.26087011337280275 0.1625023555755615
0 0.2479342269897461 0.7747985076904297 0.2554077661037445 0.7747985076904297 0.2554077661037445 0.7842519205808639 0.2479342269897461 0.7842519205808639
0 0.2745709991455078 0.459417839050293 0.28246124207973483 0.459417839050293 0.28246124207973483 0.47038210868835445 0.2745709991455078 0.47038210868835445
0 0.5211573791503906 0.21262393951416014 0.5284801787137986 0.21262393951416014 0.5284801787137986 0.22232370674610136 0.5211573791503906 0.22232370674610136
0 0.5627006149291992 0.14776379585266114 0.5707843428850173 0.14776379585266114 0.5707843428850173 0.15723385095596315 0.5627006149291992 0.15723385095596315
0 0.47456214904785154 0.458731575012207 0.4814681702852249 0.458731575012207 0.4814681702852249 0.4676119530200958 0.47456214904785154 0.4676119530200958
0 0.5051628494262695 0.4670132827758789 0.5123679548501969 0.4670132827758789 0.5123679548501969 0.4762604254484177 0.5051628494262695 0.4762604254484177
0 0.8158909606933594 0.16971899032592774 0.8228939759731294 0.16971899032592774 0.8228939759731294 0.17980870604515076 0.8158909606933594 0.17980870604515076
0 0.5521313095092774 0.7859381103515625 0.5600038981437684 0.7859381103515625 0.5600038981437684 0.7949201607704163 0.5521313095092774 0.7949201607704163
0 0.5939770126342774 0.6321941757202149 0.6025434035062791 0.6321941757202149 0.6025434035062791 0.6418672597408295 0.5939770126342774 0.6418672597408295
0 0.44349365234375 0.45905059814453125 0.4505539470911026 0.45905059814453125 0.4505539470911026 0.46826544404029846 0.44349365234375 0.46826544404029846
0 0.5363730621337891 0.14943766593933105 0.5430103397369386 0.14943766593933105 0.5430103397369386 0.15810380816459654 0.5363730621337891 0.15810380816459654
0 0.573251953125 0.46010215759277345 0.5811200469732284 0.46010215759277345 0.5811200469732284 0.4700154685974121 0.573251953125 0.4700154685974121
0 0.8469635009765625 0.17006248474121094 0.8539198529720307 0.17006248474121094 0.8539198529720307 0.17936469316482545 0.8469635009765625 0.17936469316482545
0 0.4708319091796875 0.3784117889404297 0.4787315559387207 0.3784117889404297 0.4787315559387207 0.3877829384803772 0.4708319091796875 0.3877829384803772
0 0.44505126953125 0.21188615798950194 0.45355724573135375 0.21188615798950194 0.45355724573135375 0.22132856130599976 0.44505126953125 0.22132856130599976
0 0.4665483856201172 0.14565221786499025 0.4734575122594833 0.14565221786499025 0.4734575122594833 0.15558179557323457 0.4665483856201172 0.15558179557323457
0 0.5501186752319336 0.3190710830688477 0.5568208914995193 0.3190710830688477 0.5568208914995193 0.32798745393753054 0.5501186752319336 0.32798745393753054
0 0.8671246337890625 0.22688404083251953 0.8751557248830795 0.22688404083251953 0.8751557248830795 0.23561256229877475 0.8671246337890625 0.23561256229877475
0 0.8514398956298828 0.30924116134643553 0.8593973541259765 0.30924116134643553 0.8593973541259765 0.318554418683052 0.8514398956298828 0.318554418683052
0 0.7786390686035156 0.6256281280517578 0.7857155388593674 0.6256281280517578 0.7857155388593674 0.6353785735368729 0.7786390686035156 0.6353785735368729
0 0.19895856857299804 0.15197510719299318 0.20780970096588133 0.15197510719299318 0.20780970096588133 0.16261879444122315 0.19895856857299804 0.16261879444122315
0 0.20763765335083006 0.7752665710449219 0.21347473144531248 0.7752665710449219 0.21347473144531248 0.783256721496582 0.20763765335083006 0.783256721496582
0 0.49049427032470705 0.6324386215209961 0.4986901915073395 0.6324386215209961 0.4986901915073395 0.6418145942687987 0.49049427032470705 0.6418145942687987
0 0.7659352874755859 0.8281872558593749 0.7740885668992996 0.8281872558593749 0.7740885668992996 0.8371108013391494 0.7659352874755859 0.8371108013391494
0 0.7983709716796875 0.8277206420898438 0.8057288426160812 0.8277206420898438 0.8057288426160812 0.8376126068830491 0.7983709716796875 0.8376126068830491
0 0.8148842620849609 0.8151570129394531 0.8220162671804427 0.8151570129394531 0.8220162671804427 0.823687150478363 0.8148842620849609 0.823687150478363
0 0.45770355224609377 0.3158212471008301 0.46441922307014466 0.3158212471008301 0.46441922307014466 0.3240735048055649 0.45770355224609377 0.3240735048055649
0 0.4416560745239258 0.3829576873779297 0.44797271072864536 0.3829576873779297 0.44797271072864536 0.39086008012294765 0.4416560745239258 0.39086008012294765
0 0.5207409286499023 0.6870447540283203 0.5279360389709472 0.6870447540283203 0.5279360389709472 0.6979376316070558 0.5207409286499023 0.6979376316070558
0 0.2578517150878906 0.2117902946472168 0.26517868399620054 0.2117902946472168 0.26517868399620054 0.22204639434814452 0.2578517150878906 0.22204639434814452
0 0.5159923553466796 0.5249692916870117 0.5239447277784348 0.5249692916870117 0.5239447277784348 0.5343273961544037 0.5159923553466796 0.5343273961544037
0 0.20901363372802734 0.46968204498291016 0.21589947283267974 0.46968204498291016 0.21589947283267974 0.4796155959367753 0.20901363372802734 0.4796155959367753
0 0.1628376579284668 0.36424716949462893 0.16935101687908174 0.36424716949462893 0.16935101687908174 0.3730625987052918 0.1628376579284668 0.3730625987052918
0 0.20775983810424806 0.5188569259643555 0.21531126797199251 0.5188569259643555 0.21531126797199251 0.5296687662601471 0.20775983810424806 0.5296687662601471
0 0.4942836380004883 0.31606401443481447 0.501590291261673 0.31606401443481447 0.501590291261673 0.32589263141155245 0.4942836380004883 0.32589263141155245
0 0.18271163940429688 0.7704130554199219 0.18907564878463745 0.7704130554199219 0.18907564878463745 0.7787917906045915 0.18271163940429688 0.7787917906045915
0 0.8922411346435547 0.48096561431884766 0.8999686467647552 0.48096561431884766 0.8999686467647552 0.4906497669219971 0.8922411346435547 0.4906497669219971
0 0.7968717956542969 0.17031686782836916 0.8048411417007446 0.17031686782836916 0.8048411417007446 0.1800158441066742 0.7968717956542969 0.1800158441066742
0 0.5222163391113281 0.3164021301269531 0.5303233098983764 0.3164021301269531 0.5303233098983764 0.3274617874622345 0.5222163391113281 0.3274617874622345
0 0.7991462707519531 0.47325763702392576 0.8076732724905014 0.47325763702392576 0.8076732724905014 0.48300033450126645 0.7991462707519531 0.48300033450126645
0 0.7647880554199219 0.5980252075195313 0.7725498110055924 0.5980252075195313 0.7725498110055924 0.6073657608032227 0.7647880554199219 0.6073657608032227
0 0.7686143493652344 0.16209184646606445 0.7759259116649629 0.16209184646606445 0.7759259116649629 0.1721791410446167 0.7686143493652344 0.1721791410446167
0 0.8339277648925781 0.679736099243164 0.840824146270752 0.679736099243164 0.840824146270752 0.6887225770950317 0.8339277648925781 0.6887225770950317
0 0.5106768798828125 0.14913015365600585 0.5186163592338562 0.14913015365600585 0.5186163592338562 0.15975283980369567 0.5106768798828125 0.15975283980369567
0 0.1868004608154297 0.6586671447753907 0.1930059677362442 0.6586671447753907 0.1930059677362442 0.6669257467985155 0.1868004608154297 0.6669257467985155
0 0.21065156936645507 0.6653756713867187 0.2179460543394089 0.6653756713867187 0.2179460543394089 0.6735305058956146 0.21065156936645507 0.6735305058956146
0 0.44183372497558593 0.5300113296508789 0.4493383580446243 0.5300113296508789 0.4493383580446243 0.5399108052253724 0.44183372497558593 0.5399108052253724
0 0.7596886444091797 0.35975311279296873 0.7666321033239365 0.35975311279296873 0.7666321033239365 0.3700137388706207 0.7596886444091797 0.3700137388706207
0 0.25881113052368165 0.6108156967163086 0.26658870697021486 0.6108156967163086 0.26658870697021486 0.6206000989675522 0.25881113052368165 0.6206000989675522
0 0.15741374969482422 0.5125957870483399 0.1653419476747513 0.5125957870483399 0.1653419476747513 0.5211505913734437 0.15741374969482422 0.5211505913734437
0 0.13350527763366699 0.5194737243652344 0.14081329107284546 0.5194737243652344 0.14081329107284546 0.5276012039184571 0.13350527763366699 0.5276012039184571
0 0.8386761474609375 0.22243732452392578 0.8469734984636308 0.22243732452392578 0.8469734984636308 0.23240330994129182 0.8386761474609375 0.23240330994129182
0 0.4695595169067383 0.21217521667480468 0.47641568124294287 0.21217521667480468 0.47641568124294287 0.22195204854011535 0.4695595169067383 0.22195204854011535
0 0.17029165267944335 0.15243764877319335 0.17687784552574157 0.15243764877319335 0.17687784552574157 0.161297510266304 0.17029165267944335 0.161297510266304
0 0.49793079376220706 0.21397850036621094 0.5047917485237122 0.21397850036621094 0.5047917485237122 0.22395555436611175 0.49793079376220706 0.22395555436611175
0 0.9123622894287109 0.5323601913452148 0.9190411442518234 0.5323601913452148 0.9190411442518234 0.5412397390604019 0.9123622894287109 0.5412397390604019
0 0.83936767578125 0.3717903900146484 0.8471150594949722 0.3717903900146484 0.8471150594949722 0.38251182436943054 0.83936767578125 0.38251182436943054
0 0.1802113914489746 0.3153482437133789 0.18788295447826384 0.3153482437133789 0.18788295447826384 0.32386913120746613 0.1802113914489746 0.32386913120746613
0 0.22264387130737304 0.30344137191772463 0.23103113353252408 0.30344137191772463 0.23103113353252408 0.31473526716232303 0.22264387130737304 0.31473526716232303
0 0.8895893096923828 0.18051387786865233 0.8965261447429657 0.18051387786865233 0.8965261447429657 0.18932634234428405 0.8895893096923828 0.18932634234428405
0 0.7706442260742188 0.4732962417602539 0.778515986800194 0.4732962417602539 0.778515986800194 0.48451168894767765 0.7706442260742188 0.48451168894767765
0 0.8365916442871094 0.6299116897583008 0.8443204575777055 0.6299116897583008 0.8443204575777055 0.6385889202356339 0.8365916442871094 0.6385889202356339
0 0.14777973175048828 0.36811367034912107 0.15376534640789033 0.36811367034912107 0.15376534640789033 0.3762071138620376 0.14777973175048828 0.3762071138620376
0 0.8820702362060547 0.318608455657959 0.8883270496129991 0.318608455657959 0.8883270496129991 0.3263978499174118 0.8820702362060547 0.3263978499174118
0 0.9071866607666016 0.8221832275390624 0.9142009133100509 0.8221832275390624 0.9142009133100509 0.8299707442522049 0.9071866607666016 0.8299707442522049
0 0.8620098114013672 0.47882484436035155 0.8704680895805359 0.47882484436035155 0.8704680895805359 0.48891533136367793 0.8620098114013672 0.48891533136367793
0 0.4643251037597656 0.8338829040527342 0.47227253735065455 0.8338829040527342 0.47227253735065455 0.8444604074954986 0.4643251037597656 0.8444604074954986
0 0.7843498229980469 0.36805263519287107 0.7927461194992066 0.36805263519287107 0.7927461194992066 0.3804114639759063 0.7843498229980469 0.3804114639759063
0 0.5867681121826172 0.8306673431396484 0.5948009181022643 0.8306673431396484 0.5948009181022643 0.8400518935918808 0.5867681121826172 0.8400518935918808
0 0.14598185539245606 0.3207251739501953 0.15230220258235933 0.3207251739501953 0.15230220258235933 0.329913495182991 0.14598185539245606 0.329913495182991
0 0.9115464782714844 0.7746802520751953 0.9171288293600083 0.7746802520751953 0.9171288293600083 0.7828785699605941 0.9115464782714844 0.7828785699605941
0 0.5272726821899414 0.37882270812988283 0.5358879244327545 0.37882270812988283 0.5358879244327545 0.3909359729290009 0.5272726821899414 0.3909359729290009
0 0.15813241004943848 0.6074504470825195 0.1652095603942871 0.6074504470825195 0.1652095603942871 0.6161678010225295 0.15813241004943848 0.6161678010225295
0 0.21179477691650392 0.6090287399291993 0.21903709769248966 0.6090287399291993 0.21903709769248966 0.6177394527196884 0.21179477691650392 0.6177394527196884
0 0.232806396484375 0.8179722595214843 0.24131531536579132 0.8179722595214843 0.24131531536579132 0.8289771664142608 0.232806396484375 0.8289771664142608
0 0.863568344116211 0.7805411529541016 0.8703377461433413 0.7805411529541016 0.8703377461433413 0.7894103831052781 0.863568344116211 0.7894103831052781
0 0.1340615810666363 0.15215090356587538 0.14155570671632403 0.15215090356587538 0.14155570671632403 0.1643951917603566 0.1340615810666363 0.1643951917603566
0 0.14155570671632403 0.21559857875545968 0.14738447111052558 0.21559857875545968 0.14738447111052558 0.22895598405853002 0.14155570671632403 0.22895598405853002
0 0.12240405227823313 0.31466600141989837 0.12948183761404933 0.31466600141989837 0.12948183761404933 0.3269102896143795 0.12240405227823313 0.3269102896143795
0 0.12157137165049005 0.3719915325122421 0.13156353918340705 0.3719915325122421 0.13156353918340705 0.37922679371807194 0.12157137165049005 0.37922679371807194
0 0.1365596229498655 0.45992778409078877 0.14530276954116791 0.45992778409078877 0.14530276954116791 0.4710589551766807 0.1365596229498655 0.4710589551766807
0 0.15487859676021334 0.6586191879739606 0.16112370146828645 0.6586191879739606 0.16112370146828645 0.669193800505558 0.15487859676021334 0.669193800505558
0 0.18318973810347816 0.6135379450760982 0.19026752343929437 0.6135379450760982 0.19026752343929437 0.6268953503791684 0.18318973810347816 0.6268953503791684
0 0.23148521451257692 0.6068592424245629 0.23856299984839313 0.6068592424245629 0.23856299984839313 0.6196600891733386 0.23148521451257692 0.6196600891733386
0 0.14072302608858095 0.7638087547356398 0.1490498323660118 0.7638087547356398 0.1490498323660118 0.7760530429301211 0.14072302608858095 0.7760530429301211
0 0.16070736115441495 0.7632521961813452 0.1686178271179742 0.7632521961813452 0.1686178271179742 0.7727136916043534 0.16070736115441495 0.7727136916043534
0 0.14113936640245248 0.8172383759479215 0.14780081142439716 0.8172383759479215 0.14780081142439716 0.831708898359581 0.14113936640245248 0.831708898359581
0 0.8355455760207411 0.7779331368364549 0.8447050629259151 0.7779331368364549 0.8447050629259151 0.7879511908137575 0.8355455760207411 0.7879511908137575
0 0.8580279529698044 0.8252406139514957 0.8671874398749784 0.8252406139514957 0.8671874398749784 0.8341455508202094 0.8580279529698044 0.8341455508202094
0 0.4500144453756939 0.6304451199483861 0.4583412516531247 0.6304451199483861 0.4583412516531247 0.6421328495885725 0.4500144453756939 0.6421328495885725
0 0.4491817647479508 0.6844312997149622 0.4595902725947393 0.6844312997149622 0.4595902725947393 0.6961190293551488 0.4491817647479508 0.6961190293551488
0 0.8651057383056205 0.6321147956112698 0.8725998639553083 0.6321147956112698 0.8725998639553083 0.6415762910342782 0.8651057383056205 0.6415762910342782
0 0.8663547592472353 0.6783091556177215 0.874681565524666 0.6783091556177215 0.874681565524666 0.691666560920792 0.8663547592472353 0.691666560920792
0 0.8942495602766285 0.6810919483891947 0.9025763665540594 0.6810919483891947 0.9025763665540594 0.6888837681493191 0.8942495602766285 0.6888837681493191
0 0.9063234293789033 0.6209836245253779 0.9129848744008477 0.6209836245253779 0.9129848744008477 0.6348975883827429 0.9063234293789033 0.6348975883827429
0 0.8680201205027213 0.5341604900554205 0.874681565524666 0.5341604900554205 0.874681565524666 0.5464047782499016 0.8680201205027213 0.5464047782499016
0 0.8713508430136936 0.36886259942992455 0.8800939896049959 0.36886259942992455 0.8800939896049959 0.37943721196152186 0.8713508430136936 0.37943721196152186
0 0.8984129634153439 0.36607980665845147 0.9054907487511599 0.36607980665845147 0.9054907487511599 0.3783240948529327 0.8984129634153439 0.3783240948529327
0 0.8884207958824268 0.22137458254185574 0.8963312618459862 0.22137458254185574 0.8963312618459862 0.23528854639922075 0.8884207958824268 0.23528854639922075
