0 0.14357641177087707 0.01839862989403633 0.14983246457135102 0.01839862989403633 0.14983246457135102 0.02927054755869416 0.14357641177087707 0.02927054755869416
0 0.1651597939325122 0.01965308193226608 0.17141584673298613 0.01965308193226608 0.17141584673298613 0.02927054755869416 0.1651597939325122 0.02927054755869416
0 0.19518884737478714 0.02299828736754541 0.19988088697514259 0.02299828736754541 0.19988088697514259 0.03261575299397349 0.19518884737478714 0.03261575299397349
0 0.21614662425637485 0.017980479214626414 0.22553070345708578 0.017980479214626414 0.22553070345708578 0.02717979416164458 0.21614662425637485 0.02717979416164458
0 0.24867809881883937 0.018816780573446247 0.2558725595393844 0.018816780573446247 0.2558725595393844 0.02717979416164458 0.24867809881883937 0.02717979416164458
0 0.14514042497099558 0.07192191685850566 0.15233488569154058 0.07192191685850566 0.15233488569154058 0.08153938248493374 0.14514042497099558 0.08153938248493374
0 0.16922622825282022 0.07275821821732549 0.17642068897336527 0.07275821821732549 0.17642068897336527 0.08195753316434365 0.16922622825282022 0.08195753316434365
0 0.19237362361457386 0.07526712229378499 0.20019368961516631 0.07526712229378499 0.20019368961516631 0.08446643724080316 0.19237362361457386 0.08446643724080316
0 0.21677222953642225 0.07401267025555525 0.22553070345708576 0.07401267025555525 0.22553070345708576 0.08153938248493374 0.21677222953642225 0.08153938248493374
0 0.24711408561872092 0.06941301278204615 0.25211892785910006 0.06941301278204615 0.25211892785910006 0.07986677976729409 0.24711408561872092 0.07986677976729409
0 0.139509977450569 0.16140616225222781 0.14576603025104296 0.16140616225222781 0.14576603025104296 0.17018732651983604 0.139509977450569 0.17018732651983604
0 0.17016463617289135 0.16056986089340797 0.1754822810532942 0.16056986089340797 0.1754822810532942 0.1710236278786559 0.17016463617289135 0.1710236278786559
0 0.19331203153464493 0.1588972581757683 0.2017577028152848 0.1588972581757683 0.2017577028152848 0.16935102516101622 0.19331203153464493 0.16935102516101622
0 0.21990025593665924 0.16642397040514684 0.22772032193725164 0.16642397040514684 0.22772032193725164 0.17729588806980465 0.21990025593665924 0.17729588806980465
0 0.2477396908987683 0.16349691564927737 0.25337013841919487 0.16349691564927737 0.25337013841919487 0.17562328535216493 0.2477396908987683 0.17562328535216493
0 0.1410739906506875 0.21869280533138638 0.14795564873120887 0.21869280533138638 0.14795564873120887 0.22580136688135494 0.1410739906506875 0.22580136688135494
0 0.16484699129248848 0.21702020261374674 0.1720414520130335 0.21702020261374674 0.1720414520130335 0.22663766824017484 0.16484699129248848 0.22663766824017484
0 0.20332171601540328 0.22663766824017478 0.2105161767359483 0.22663766824017478 0.2105161767359483 0.2341643804695533 0.20332171601540328 0.2341643804695533
0 0.2327251641776308 0.21785650397256656 0.23898121697810476 0.21785650397256656 0.23898121697810476 0.22789212027840453 0.2327251641776308 0.22789212027840453
0 0.261503007059811 0.22287431212548559 0.269635875700427 0.22287431212548559 0.269635875700427 0.23583698318719298 0.261503007059811 0.23583698318719298
0 0.13763316161042682 0.31946711906917624 0.14388921441090077 0.31946711906917624 0.14388921441090077 0.3295027353750143 0.13763316161042682 0.3295027353750143
0 0.16078055697218044 0.3219760231456357 0.16828782033274914 0.3219760231456357 0.16828782033274914 0.3311753380926539 0.16078055697218044 0.3311753380926539
0 0.18330234705388665 0.3182126670309465 0.19112241305447905 0.3182126670309465 0.19112241305447905 0.3274119819779646 0.18330234705388665 0.3274119819779646
0 0.21833624273654073 0.3253212285809151 0.22740751929722797 0.3253212285809151 0.22740751929722797 0.3353568448867531 0.21833624273654073 0.3353568448867531
0 0.25149332257905266 0.3244849272220953 0.2590005859396214 0.3244849272220953 0.2590005859396214 0.33493869420734323 0.25149332257905266 0.33493869420734323
0 0.13763316161042682 0.36797259788072656 0.14514042497099558 0.36797259788072656 0.14514042497099558 0.3780082141865646 0.13763316161042682 0.3780082141865646
0 0.16109335961220414 0.3721541046748257 0.16766221505270176 0.3721541046748257 0.16766221505270176 0.3821897209806638 0.16109335961220414 0.3821897209806638
0 0.18330234705388665 0.3717359539954159 0.19174801833452643 0.3717359539954159 0.19174801833452643 0.38135341962184394 0.18330234705388665 0.38135341962184394
0 0.20832655825578242 0.36546369380426713 0.21395700577620894 0.36546369380426713 0.21395700577620894 0.3775900635071547 0.20832655825578242 0.3775900635071547
0 0.22990994041741752 0.370899652636596 0.23679159849793888 0.370899652636596 0.23679159849793888 0.3826078716600737 0.22990994041741752 0.3826078716600737
0 0.129187490329787 0.47251026773320576 0.13669475369035572 0.47251026773320576 0.13669475369035572 0.4812914320008139 0.129187490329787 0.4812914320008139
0 0.1517092804114932 0.47083766501556606 0.1589037411320382 0.47083766501556606 0.1589037411320382 0.4787825279243545 0.1517092804114932 0.4787825279243545
0 0.1729798599331046 0.4695832129773363 0.1817383338537681 0.4695832129773363 0.1817383338537681 0.48045513064199413 0.1729798599331046 0.48045513064199413
0 0.19550165001481085 0.4720921170537958 0.20207050545530855 0.4720921170537958 0.20207050545530855 0.4821277333596337 0.19550165001481085 0.4821277333596337
0 0.22208987441682512 0.47418287045084545 0.23084834833748863 0.47418287045084545 0.23084834833748863 0.48338218539786354 0.22208987441682512 0.48338218539786354
0 0.13262831937004768 0.5235246506212156 0.14044838537064014 0.5235246506212156 0.14044838537064014 0.5343965682858735 0.13262831937004768 0.5343965682858735
0 0.15765253057194345 0.5293787601329544 0.16328297809237005 0.5293787601329544 0.16328297809237005 0.541505129835842 0.15765253057194345 0.541505129835842
0 0.17954871537360226 0.526033554697675 0.18580476817407623 0.526033554697675 0.18580476817407623 0.5364873216829229 0.17954871537360226 0.5364873216829229
0 0.20113209753523742 0.5256154040182651 0.2080137556157587 0.5256154040182651 0.2080137556157587 0.536069171003513 0.20113209753523742 0.536069171003513
0 0.22772032193725164 0.5281243080947247 0.2355403879378441 0.5281243080947247 0.2355403879378441 0.5373236230417427 0.22772032193725164 0.5373236230417427
0 0.1298130956098344 0.6196993068854965 0.1379459642504505 0.6196993068854965 0.1379459642504505 0.6297349231913344 0.1298130956098344 0.6297349231913344
0 0.15515010945175386 0.6167722521296269 0.16109335961220414 0.6167722521296269 0.16109335961220414 0.6280623204736947 0.15515010945175386 0.6280623204736947
0 0.1729798599331046 0.6201174575649063 0.18079992593369704 0.6201174575649063 0.18079992593369704 0.6297349231913344 0.1729798599331046 0.6297349231913344
0 0.20457292657549808 0.6242989643590054 0.2133314004961616 0.6242989643590054 0.2133314004961616 0.6339164299854336 0.20457292657549808 0.6339164299854336
0 0.23835561169805738 0.6238808136795956 0.2446116644985313 0.6238808136795956 0.2446116644985313 0.6347527313442535 0.23835561169805738 0.6347527313442535
0 0.13419233257016613 0.6757314979264253 0.1420123985707586 0.6757314979264253 0.1420123985707586 0.6840945115146236 0.13419233257016613 0.6840945115146236
0 0.15202208305151688 0.6577510187117989 0.15827813585199085 0.6577510187117989 0.15827813585199085 0.6682047856970468 0.15202208305151688 0.6682047856970468
0 0.18236393913381554 0.671968141811736 0.18955839985436057 0.671968141811736 0.18955839985436057 0.6778222513234748 0.18236393913381554 0.6778222513234748
0 0.210828979375972 0.671549991132326 0.21802344009651706 0.671549991132326 0.21802344009651706 0.6861852649116732 0.210828979375972 0.6861852649116732
0 0.2327251641776308 0.671968141811736 0.23929401961812843 0.671968141811736 0.23929401961812843 0.6799130047205244 0.2327251641776308 0.6799130047205244
0 0.13231551673002398 0.7725260304010053 0.13763316161042682 0.7725260304010053 0.13763316161042682 0.7842342494244828 0.13231551673002398 0.7842342494244828
0 0.14858125401125624 0.7787982905921538 0.15452450417170643 0.7787982905921538 0.15452450417170643 0.7896702082568116 0.14858125401125624 0.7896702082568116
0 0.17016463617289135 0.7771256878745142 0.17579508369331795 0.7771256878745142 0.17579508369331795 0.7892520575774017 0.17016463617289135 0.7892520575774017
0 0.1980040711350004 0.7754530851568744 0.20488572921552173 0.7754530851568744 0.20488572921552173 0.7850705507833026 0.1980040711350004 0.7850705507833026
0 0.22115146649675402 0.779634591950974 0.22553070345708576 0.779634591950974 0.22553070345708576 0.7896702082568118 0.22115146649675402 0.7896702082568118
0 0.13387952993014243 0.8235404132890151 0.1413867932907112 0.8235404132890151 0.1413867932907112 0.8344123309536727 0.13387952993014243 0.8344123309536727
0 0.1542117015316828 0.8277219200831141 0.16015495169213304 0.8277219200831141 0.16015495169213304 0.8377575363889522 0.1542117015316828 0.8377575363889522
0 0.1751694784132705 0.8314852761978034 0.18205113649379184 0.8314852761978034 0.18205113649379184 0.8415208925036416 0.1751694784132705 0.8415208925036416
0 0.1929992288946213 0.8335760295948529 0.2008192948952137 0.8335760295948529 0.2008192948952137 0.8423571938624611 0.1929992288946213 0.8423571938624611
0 0.20488572921552173 0.8402664404654117 0.2136442031361853 0.8402664404654117 0.2136442031361853 0.8473750020153803 0.20488572921552173 0.8473750020153803
0 0.2455500724186024 0.8373393857095422 0.25274453313914746 0.8373393857095422 0.25274453313914746 0.8465387006565604 0.2455500724186024 0.8465387006565604
