0 0.5006352996826172 0.53138427734375 0.5082766407728195 0.53138427734375 0.5082766407728195 0.5405997955799103 0.5006352996826172 0.5405997955799103
0 0.5167545318603516 0.6871788787841796 0.524713882803917 0.6871788787841796 0.524713882803917 0.696923552751541 0.5167545318603516 0.696923552751541
0 0.5401320266723633 0.2267469024658203 0.5478596568107605 0.2267469024658203 0.5478596568107605 0.23730402827262878 0.5401320266723633 0.23730402827262878
0 0.46956298828125 0.3739412307739257 0.47701321005821223 0.3739412307739257 0.47701321005821223 0.38452288508415217 0.46956298828125 0.38452288508415217
0 0.5216664886474609 0.3734899139404297 0.5303501588106154 0.3734899139404297 0.5303501588106154 0.38383509635925295 0.5216664886474609 0.38383509635925295
0 0.5480722427368164 0.8443112182617187 0.5562320870161058 0.8443112182617187 0.5562320870161058 0.8550776779651641 0.5480722427368164 0.8550776779651641
0 0.4692129898071289 0.8435044860839844 0.4768268889188766 0.8435044860839844 0.4768268889188766 0.853439617753029 0.4692129898071289 0.853439617753029
0 0.507537956237793 0.22750341415405273 0.5153566664457322 0.22750341415405273 0.5153566664457322 0.2377383458614349 0.507537956237793 0.2377383458614349
0 0.5782139587402344 0.8444918060302734 0.5868630307912828 0.8444918060302734 0.5868630307912828 0.8542896085977555 0.5782139587402344 0.8542896085977555
0 0.5791504669189453 0.7706874084472656 0.587129157781601 0.7706874084472656 0.587129157781601 0.7806611222028731 0.5791504669189453 0.7806611222028731
0 0.44617488861083987 0.37312446594238285 0.4541268765926361 0.37312446594238285 0.4541268765926361 0.38228808045387275 0.44617488861083987 0.38228808045387275
0 0.4534661483764648 0.14454873085021971 0.4616532278060913 0.14454873085021971 0.4616532278060913 0.155025372505188 0.4534661483764648 0.155025372505188
0 0.5621782684326172 0.5330245971679688 0.5706001734733582 0.5330245971679688 0.5706001734733582 0.5437829923629761 0.5621782684326172 0.5437829923629761
0 0.5073113250732422 0.8448777770996094 0.5150797641277313 0.8448777770996094 0.5150797641277313 0.8547589105367661 0.5073113250732422 0.8547589105367661
0 0.5481155014038086 0.6223785781860351 0.5561856853961945 0.6223785781860351 0.5561856853961945 0.6321491050720214 0.5481155014038086 0.6321491050720214
0 0.7739561462402343 0.7632798767089843 0.7825803190469742 0.7632798767089843 0.7825803190469742 0.7731591916084289 0.7739561462402343 0.7731591916084289
0 0.43773468017578127 0.22714876174926757 0.4460300797224045 0.22714876174926757 0.4460300797224045 0.23744441270828248 0.43773468017578127 0.23744441270828248
0 0.5845615005493164 0.6250690078735351 0.5925792843103408 0.6250690078735351 0.5925792843103408 0.6344354140758515 0.5845615005493164 0.6344354140758515
0 0.4851573944091797 0.7736862945556641 0.4931008952856064 0.7736862945556641 0.4931008952856064 0.7848350930213929 0.4851573944091797 0.7848350930213929
0 0.4984781646728515 0.37450859069824216 0.5055583018064499 0.37450859069824216 0.5055583018064499 0.3843326812982559 0.4984781646728515 0.3843326812982559
0 0.5800619125366211 0.6862215423583984 0.5872716903686523 0.6862215423583984 0.5872716903686523 0.697034568786621 0.5800619125366211 0.697034568786621
0 0.569766616821289 0.4703639602661133 0.5783075171709059 0.4703639602661133 0.5783075171709059 0.47944511413574226 0.569766616821289 0.47944511413574226
0 0.46220539093017576 0.47140628814697266 0.4693385201692581 0.47140628814697266 0.4693385201692581 0.48114349067211154 0.46220539093017576 0.48114349067211154
0 0.5290713119506836 0.46805343627929685 0.5369692140817642 0.46805343627929685 0.5369692140817642 0.4778359407186508 0.5290713119506836 0.4778359407186508
0 0.6017930984497071 0.7693477630615233 0.6094977223873138 0.7693477630615233 0.6094977223873138 0.7780655121803283 0.6017930984497071 0.7780655121803283
0 0.5375820541381836 0.3083072853088379 0.5450951153039932 0.3083072853088379 0.5450951153039932 0.3185637021064758 0.5375820541381836 0.3185637021064758
0 0.21777111053466797 0.7737728881835938 0.22554880499839783 0.7737728881835938 0.22554880499839783 0.7828785902261735 0.21777111053466797 0.7828785902261735
0 0.5246086502075196 0.1466800308227539 0.5323837131261827 0.1466800308227539 0.5323837131261827 0.15789114952087402 0.5246086502075196 0.15789114952087402
0 0.5284315490722656 0.5338130569458008 0.5371080631017685 0.5338130569458008 0.5371080631017685 0.5440009474754335 0.5284315490722656 0.5440009474754335
0 0.46671485900878906 0.30391374588012693 0.4743850028514862 0.30391374588012693 0.4743850028514862 0.31419330716133115 0.46671485900878906 0.31419330716133115
0 0.5446537780761719 0.6859230041503908 0.5516685038805007 0.6859230041503908 0.5516685038805007 0.6953298497200012 0.5446537780761719 0.6953298497200012
0 0.5127854537963867 0.309093017578125 0.5203200429677963 0.309093017578125 0.5203200429677963 0.3200838327407837 0.5127854537963867 0.3200838327407837
0 0.18885644912719726 0.7714903259277344 0.1961171633005142 0.7714903259277344 0.1961171633005142 0.7806227505207062 0.18885644912719726 0.7806227505207062
0 0.4360548782348633 0.4716637420654297 0.4436829715967178 0.4716637420654297 0.4436829715967178 0.4803332644701004 0.4360548782348633 0.4803332644701004
0 0.8197457885742188 0.8381796264648438 0.8278560715913773 0.8381796264648438 0.8278560715913773 0.8480164062976837 0.8197457885742188 0.8480164062976837
0 0.5103470611572266 0.7702491760253907 0.5183682161569596 0.7702491760253907 0.5183682161569596 0.7804314529895783 0.5103470611572266 0.7804314529895783
0 0.1275281810760498 0.833182373046875 0.13545284509658811 0.833182373046875 0.13545284509658811 0.8424547362327576 0.1275281810760498 0.8424547362327576
0 0.5677311706542969 0.2253452301025391 0.5754624676704407 0.2253452301025391 0.5754624676704407 0.23533878803253175 0.5677311706542969 0.23533878803253175
0 0.7696559143066406 0.8373330688476562 0.7783505851030349 0.8373330688476562 0.7783505851030349 0.8473572230339049 0.7696559143066406 0.8473572230339049
0 0.485853271484375 0.3057178688049316 0.49321980655193326 0.3057178688049316 0.49321980655193326 0.31496787726879116 0.485853271484375 0.31496787726879116
0 0.2589516067504883 0.773887252807617 0.2674958485364914 0.773887252807617 0.2674958485364914 0.7840767240524292 0.2589516067504883 0.7840767240524292
0 0.5530624008178711 0.36847412109375 0.5616148340702055 0.36847412109375 0.5616148340702055 0.37839110851287844 0.5530624008178711 0.37839110851287844
0 0.2248821449279785 0.84252197265625 0.2323786753416061 0.84252197265625 0.2323786753416061 0.852332820892334 0.2248821449279785 0.852332820892334
0 0.43621177673339845 0.8411113739013671 0.4435029941797257 0.8411113739013671 0.4435029941797257 0.8507448875904082 0.43621177673339845 0.8507448875904082
0 0.4563227081298828 0.7710888671874999 0.46404288649559017 0.7710888671874999 0.46404288649559017 0.7815140199661254 0.4563227081298828 0.7815140199661254
0 0.8030275726318359 0.7670191192626953 0.811537600159645 0.7670191192626953 0.811537600159645 0.7774456155300141 0.8030275726318359 0.7774456155300141
0 0.4859344100952148 0.14789690017700197 0.4941250973939895 0.14789690017700197 0.4941250973939895 0.15846919536590579 0.4859344100952148 0.15846919536590579
0 0.2843368148803711 0.8522173309326172 0.29299499511718746 0.8522173309326172 0.29299499511718746 0.862665411233902 0.2843368148803711 0.862665411233902
0 0.1630370330810547 0.8380404663085937 0.1700785207748413 0.8380404663085937 0.1700785207748413 0.8473743385076523 0.1630370330810547 0.8473743385076523
0 0.5187136459350586 0.621117935180664 0.5278145670890809 0.621117935180664 0.5278145670890809 0.6322602903842925 0.5187136459350586 0.6322602903842925
0 0.4876443481445312 0.6860924530029296 0.49538161873817443 0.6860924530029296 0.49538161873817443 0.6960660088062286 0.4876443481445312 0.6960660088062286
0 0.479583740234375 0.5348380661010742 0.48677098453044887 0.5348380661010742 0.48677098453044887 0.5441756939888001 0.479583740234375 0.5441756939888001
0 0.47325668334960935 0.2238423728942871 0.48179900288581845 0.2238423728942871 0.48179900288581845 0.23478721380233764 0.47325668334960935 0.23478721380233764
0 0.4980189514160156 0.4641798782348633 0.505654319524765 0.4641798782348633 0.505654319524765 0.474507509469986 0.4980189514160156 0.474507509469986
0 0.8365801239013672 0.7739697265625 0.8448466026782989 0.7739697265625 0.8448466026782989 0.7830272805690764 0.8365801239013672 0.7830272805690764
0 0.8479327392578125 0.8403635406494141 0.8538154757022858 0.8403635406494141 0.8538154757022858 0.8479342716932297 0.8479327392578125 0.8479342716932297
0 0.450463752746582 0.6179061126708985 0.458064551949501 0.6179061126708985 0.458064551949501 0.6275227075815201 0.450463752746582 0.6275227075815201
0 0.5642348480224609 0.30729667663574217 0.5728121209144592 0.30729667663574217 0.5728121209144592 0.31797648549079893 0.5642348480224609 0.31797648549079893
0 0.4871873092651367 0.6188222122192383 0.4959964209794998 0.6188222122192383 0.4959964209794998 0.6291294455528259 0.4871873092651367 0.6291294455528259
0 0.4559812164306641 0.6838519287109376 0.46389564871788025 0.6838519287109376 0.46389564871788025 0.6943952775001526 0.4559812164306641 0.6943952775001526
0 0.45028594970703123 0.5355445098876953 0.45850984573364256 0.5355445098876953 0.45850984573364256 0.5445737993717193 0.45028594970703123 0.5445737993717193
0 0.6060200119018555 0.15610831260681152 0.6143411976099015 0.15610831260681152 0.6143411976099015 0.16686141967773435 0.6060200119018555 0.16686141967773435
0 0.581926498413086 0.37016441345214846 0.5907150876522065 0.37016441345214846 0.5907150876522065 0.3806278312206268 0.581926498413086 0.3806278312206268
0 0.12313189841494342 0.7693953616460094 0.1328849200715726 0.7693953616460094 0.1328849200715726 0.7791736501981221 0.12313189841494342 0.7791736501981221
0 0.1810404645011792 0.8402879536488264 0.1914030500113477 0.8402879536488264 0.1914030500113477 0.8500662422009392 0.1810404645011792 0.8500662422009392
0 0.8814293322178622 0.7669507895079813 0.8887440984603342 0.7669507895079813 0.8887440984603342 0.779988507577465 0.8814293322178622 0.779988507577465
0 0.8966684285563454 0.8288799503380282 0.9045927586523566 0.8288799503380282 0.9045927586523566 0.8386582388901409 0.8966684285563454 0.8386582388901409
