0 0.4924085235595703 0.6336264419555664 0.5000886034965515 0.6336264419555664 0.5000886034965515 0.6433419817686081 0.4924085235595703 0.6433419817686081
0 0.4700197219848633 0.5308629608154297 0.47753432095050813 0.5308629608154297 0.47753432095050813 0.5399360501766205 0.4700197219848633 0.5399360501766205
0 0.4670481491088867 0.6347391510009766 0.474548612833023 0.6347391510009766 0.474548612833023 0.6444833898544311 0.4670481491088867 0.6444833898544311
0 0.515716552734375 0.6332268524169922 0.5232124626636505 0.6332268524169922 0.5232124626636505 0.6431028860807418 0.515716552734375 0.6431028860807418
0 0.5169617462158204 0.3125754928588867 0.5242839539051056 0.3125754928588867 0.5242839539051056 0.3218677592277527 0.5169617462158204 0.3218677592277527
0 0.49378334045410155 0.16289955139160156 0.5013139075040817 0.16289955139160156 0.5013139075040817 0.17311963915824888 0.49378334045410155 0.17311963915824888
0 0.5395930099487305 0.2279650115966797 0.5472554057836533 0.2279650115966797 0.5472554057836533 0.23754820287227632 0.5395930099487305 0.23754820287227632
0 0.49080265045166016 0.3142085838317871 0.49801967322826385 0.3142085838317871 0.49801967322826385 0.3228114968538285 0.49080265045166016 0.3228114968538285
0 0.4928110885620117 0.5343259048461914 0.499542698264122 0.5343259048461914 0.499542698264122 0.5436599749326705 0.4928110885620117 0.5436599749326705
0 0.5163377380371094 0.3519526672363281 0.5231749176979065 0.3519526672363281 0.5231749176979065 0.3608859372138977 0.5163377380371094 0.3608859372138977
0 0.4765626907348633 0.35705696105957035 0.48349857926368717 0.35705696105957035 0.48349857926368717 0.3654033207893372 0.4765626907348633 0.3654033207893372
0 0.5451459503173828 0.3102581596374512 0.5526157188415527 0.3102581596374512 0.5526157188415527 0.32065186619758607 0.5451459503173828 0.32065186619758607
0 0.45117313385009766 0.2185383605957031 0.4580014419555664 0.2185383605957031 0.4580014419555664 0.22739719450473783 0.45117313385009766 0.22739719450473783
0 0.4678524398803711 0.30946523666381837 0.47521311998367316 0.30946523666381837 0.47521311998367316 0.3184566760063171 0.4678524398803711 0.3184566760063171
0 0.447086181640625 0.3123955345153809 0.4547481340169907 0.3123955345153809 0.4547481340169907 0.3210934990644455 0.447086181640625 0.3210934990644455
0 0.4452355194091797 0.6331196212768555 0.45295013844966897 0.6331196212768555 0.45295013844966897 0.6421304893493653 0.4452355194091797 0.6421304893493653
0 0.4980529785156251 0.3557874298095703 0.5049691134691239 0.3557874298095703 0.5049691134691239 0.3643981701135635 0.4980529785156251 0.3643981701135635
0 0.5263961029052734 0.4709977722167969 0.5328101760149001 0.4709977722167969 0.5328101760149001 0.4794221258163452 0.5263961029052734 0.4794221258163452
0 0.5442508316040039 0.5273821640014649 0.5527484393119811 0.5273821640014649 0.5527484393119811 0.5376905035972596 0.5442508316040039 0.5376905035972596
0 0.452180290222168 0.35783382415771486 0.4589131128787995 0.35783382415771486 0.4589131128787995 0.36651259660720825 0.452180290222168 0.36651259660720825
0 0.5084517288208008 0.22470659255981446 0.5159089595079422 0.22470659255981446 0.5159089595079422 0.2346272760629654 0.5084517288208008 0.2346272760629654
0 0.5030362701416016 0.4702328109741211 0.5107999181747437 0.4702328109741211 0.5107999181747437 0.48012465715408326 0.5030362701416016 0.48012465715408326
0 0.545794677734375 0.4658595275878906 0.5533477783203125 0.4658595275878906 0.5533477783203125 0.47468389093875885 0.545794677734375 0.47468389093875885
0 0.518620719909668 0.5281705474853515 0.5259432232379914 0.5281705474853515 0.5259432232379914 0.5384230697154998 0.518620719909668 0.5384230697154998
0 0.45472087860107424 0.4726692199707031 0.46290026962757114 0.4726692199707031 0.46290026962757114 0.48107503414154057 0.45472087860107424 0.48107503414154057
0 0.4486264419555664 0.5302915573120117 0.45624241113662717 0.5302915573120117 0.45624241113662717 0.5403747701644898 0.4486264419555664 0.5403747701644898
0 0.5406697082519532 0.3477096939086914 0.5478086334466935 0.3477096939086914 0.5478086334466935 0.35632679879665374 0.5406697082519532 0.35632679879665374
0 0.4485771560668945 0.16496101379394532 0.4563903659582138 0.16496101379394532 0.4563903659582138 0.1748330247402191 0.4485771560668945 0.1748330247402191
0 0.49032943725585937 0.221145076751709 0.4968311601877212 0.221145076751709 0.4968311601877212 0.23078234612941742 0.49032943725585937 0.23078234612941742
0 0.47087093353271486 0.16176048278808594 0.4783847045898438 0.16176048278808594 0.4783847045898438 0.1717196887731552 0.47087093353271486 0.1717196887731552
0 0.5445481872558594 0.6296667861938476 0.551834495663643 0.6296667861938476 0.551834495663643 0.6398379158973694 0.5445481872558594 0.6398379158973694
0 0.47971435546875 0.47242748260498046 0.4880403017997742 0.47242748260498046 0.4880403017997742 0.48200359821319577 0.47971435546875 0.48200359821319577
0 0.4720880889892578 0.21760976791381836 0.4794556885957718 0.21760976791381836 0.4794556885957718 0.22574001431465152 0.4720880889892578 0.22574001431465152
0 0.6416510772705079 0.5917633819580078 0.6526821768283845 0.5917633819580078 0.6526821768283845 0.6047933995723724 0.6416510772705079 0.6047933995723724
0 0.5420917510986328 0.1594817352294922 0.5507120203971864 0.1594817352294922 0.5507120203971864 0.17013808250427245 0.5420917510986328 0.17013808250427245
