0 0.1968061637878418 0.21594703674316407 0.2047440755367279 0.21594703674316407 0.2047440755367279 0.22546650528907777 0.1968061637878418 0.22546650528907777
0 0.7885540008544922 0.31316553115844725 0.7964155298471451 0.31316553115844725 0.7964155298471451 0.3218679624795914 0.7885540008544922 0.3218679624795914
0 0.8291774749755859 0.5307899856567383 0.8369466823339462 0.5307899856567383 0.8369466823339462 0.5403172415494919 0.8291774749755859 0.5403172415494919
0 0.8190239715576172 0.3132821655273437 0.8269669991731643 0.3132821655273437 0.8269669991731643 0.3225986051559448 0.8190239715576172 0.3225986051559448
0 0.21058258056640625 0.8231523895263672 0.21662071406841277 0.8231523895263672 0.21662071406841277 0.8316538280248642 0.21058258056640625 0.8316538280248642
0 0.2515875434875488 0.5227746200561524 0.2599070435762405 0.5227746200561524 0.2599070435762405 0.5334415411949157 0.2515875434875488 0.5334415411949157
0 0.2741241455078125 0.5125095748901367 0.28187084913253785 0.5125095748901367 0.28187084913253785 0.5232268583774566 0.2741241455078125 0.5232268583774566
0 0.8129583740234375 0.6797649383544921 0.8213120877742768 0.6797649383544921 0.8213120877742768 0.6891929727792739 0.8129583740234375 0.6891929727792739
0 0.7647601318359375 0.3141787338256836 0.7725895464420318 0.3141787338256836 0.7725895464420318 0.32387156307697296 0.7647601318359375 0.32387156307697296
0 0.4844379425048828 0.1467135429382324 0.4916373407840729 0.1467135429382324 0.4916373407840729 0.15565977871418 0.4844379425048828 0.15565977871418
0 0.5797821426391602 0.20834636688232422 0.5880243134498596 0.20834636688232422 0.5880243134498596 0.21860143899917603 0.5797821426391602 0.21860143899917603
0 0.7989553070068359 0.7826374053955079 0.8067814099788666 0.7826374053955079 0.8067814099788666 0.7920560312271119 0.7989553070068359 0.7920560312271119
0 0.5249171447753906 0.8324383544921875 0.5324232864379883 0.8324383544921875 0.5324232864379883 0.8423498469591141 0.5249171447753906 0.8423498469591141
0 0.5929130172729492 0.5218387603759765 0.6013722413778305 0.5218387603759765 0.6013722413778305 0.5311157482862472 0.5929130172729492 0.5311157482862472
0 0.5259680938720703 0.6350183486938477 0.5345361405611039 0.6350183486938477 0.5345361405611039 0.6456706047058105 0.5259680938720703 0.6456706047058105
0 0.25553274154663086 0.311452579498291 0.2632539254426956 0.311452579498291 0.2632539254426956 0.3211567741632462 0.25553274154663086 0.3211567741632462
0 0.5614232254028321 0.6843327331542969 0.5695709455013276 0.6843327331542969 0.5695709455013276 0.6951482892036438 0.5614232254028321 0.6951482892036438
0 0.5541432952880859 0.8316931915283203 0.5618365639448165 0.8316931915283203 0.5618365639448165 0.8422132968902589 0.5541432952880859 0.8422132968902589
0 0.18709171295166016 0.8213372802734376 0.1937418985366821 0.8213372802734376 0.1937418985366821 0.8299509060382844 0.18709171295166016 0.8299509060382844
0 0.5523968887329102 0.2069792366027832 0.5596387219429017 0.2069792366027832 0.5596387219429017 0.21707071185112 0.5523968887329102 0.21707071185112
0 0.2796191215515137 0.36628948211669926 0.28771580159664156 0.36628948211669926 0.28771580159664156 0.3752445727586746 0.2796191215515137 0.3752445727586746
0 0.7725151062011719 0.21509159088134766 0.7802362900972367 0.21509159088134766 0.7802362900972367 0.22439045906066896 0.7725151062011719 0.22439045906066896
0 0.17018213272094726 0.21663785934448243 0.17678907036781308 0.21663785934448243 0.17678907036781308 0.22548619806766512 0.17018213272094726 0.22548619806766512
0 0.5262088394165039 0.7828547668457032 0.5339659225940704 0.7828547668457032 0.5339659225940704 0.7918704181909562 0.5262088394165039 0.7918704181909562
0 0.7948017883300781 0.5332307052612305 0.8023582601547241 0.5332307052612305 0.8023582601547241 0.5434394681453705 0.7948017883300781 0.5434394681453705
0 0.24797685623168944 0.7736788177490235 0.25542444646358486 0.7736788177490235 0.25542444646358486 0.7833834075927735 0.24797685623168944 0.7833834075927735
0 0.8101052093505859 0.6255231857299804 0.8173436123132706 0.6255231857299804 0.8173436123132706 0.6353947526216507 0.8101052093505859 0.6353947526216507
0 0.5678374862670899 0.37570346832275386 0.5759408497810364 0.37570346832275386 0.5759408497810364 0.3851495677232742 0.5678374862670899 0.3851495677232742
0 0.18697578430175782 0.6580638122558594 0.19343999564647676 0.6580638122558594 0.19343999564647676 0.6663392543792725 0.18697578430175782 0.6663392543792725
0 0.5839452362060547 0.7824249267578125 0.5922120106220244 0.7824249267578125 0.5922120106220244 0.7916379940509796 0.5839452362060547 0.7916379940509796
0 0.4776535797119141 0.5183385467529297 0.48609444022178655 0.5183385467529297 0.48609444022178655 0.5280159395933152 0.4776535797119141 0.5280159395933152
0 0.4704706954956055 0.3771436309814453 0.4784152311086655 0.3771436309814453 0.4784152311086655 0.38724372386932376 0.4704706954956055 0.38724372386932376
0 0.48970378875732423 0.6885364532470704 0.4979600059986114 0.6885364532470704 0.4979600059986114 0.6983334654569626 0.48970378875732423 0.6983334654569626
0 0.600225944519043 0.6856038665771484 0.6075525289773941 0.6856038665771484 0.6075525289773941 0.6945397454500198 0.600225944519043 0.6945397454500198
0 0.5625165939331055 0.14717334747314453 0.5705350875854492 0.14717334747314453 0.5705350875854492 0.1568559092283249 0.5625165939331055 0.1568559092283249
0 0.8263070678710938 0.47263946533203127 0.8341334074735642 0.47263946533203127 0.8341334074735642 0.48204144895076756 0.8263070678710938 0.48204144895076756
0 0.20858192443847656 0.3654883193969727 0.21647590816020965 0.3654883193969727 0.21647590816020965 0.3748810923099518 0.20858192443847656 0.3748810923099518
0 0.7725753784179688 0.5143286895751953 0.7804930341243744 0.5143286895751953 0.7804930341243744 0.5237067174911498 0.7725753784179688 0.5237067174911498
0 0.49669231414794923 0.7793372344970703 0.5051966643333435 0.7793372344970703 0.5051966643333435 0.7893233609199523 0.49669231414794923 0.7893233609199523
0 0.5519217300415039 0.7847319030761719 0.5599564290046691 0.7847319030761719 0.5599564290046691 0.7941126585006715 0.5519217300415039 0.7941126585006715
0 0.5835415267944336 0.31859554290771486 0.591187008023262 0.31859554290771486 0.591187008023262 0.32935830593109133 0.5835415267944336 0.32935830593109133
0 0.4970896911621094 0.8331912231445312 0.5048396772146225 0.8331912231445312 0.5048396772146225 0.8424208933115005 0.4970896911621094 0.8424208933115005
0 0.7978382873535156 0.8269436645507812 0.8055737835168838 0.8269436645507812 0.8055737835168838 0.8367645531892776 0.7978382873535156 0.8367645531892776
0 0.8672105407714844 0.2267720603942871 0.8752862846851349 0.2267720603942871 0.8752862846851349 0.23658338248729707 0.8672105407714844 0.23658338248729707
0 0.2744724082946777 0.45893814086914064 0.2825821000337601 0.45893814086914064 0.2825821000337601 0.469654198884964 0.2744724082946777 0.469654198884964
0 0.7709368896484375 0.7804551696777344 0.7781129562854767 0.7804551696777344 0.7781129562854767 0.7893861466646195 0.7709368896484375 0.7893861466646195
0 0.45988983154296875 0.7918014526367188 0.4668887364864349 0.7918014526367188 0.4668887364864349 0.8005241829156876 0.45988983154296875 0.8005241829156876
0 0.7986170196533203 0.47278308868408203 0.807079023718834 0.47278308868408203 0.807079023718834 0.4821062880754471 0.7986170196533203 0.4821062880754471
0 0.16462339401245119 0.8203246307373048 0.17163712918758395 0.8203246307373048 0.17163712918758395 0.8298364698886871 0.16462339401245119 0.8298364698886871
0 0.5731065368652344 0.45935794830322263 0.5809794807434082 0.45935794830322263 0.5809794807434082 0.4693001168966293 0.5731065368652344 0.4693001168966293
0 0.22315288543701173 0.21264787673950195 0.23019959211349492 0.21264787673950195 0.23019959211349492 0.22174296498298643 0.22315288543701173 0.22174296498298643
0 0.7654834747314453 0.8279142761230469 0.773648109436035 0.8279142761230469 0.773648109436035 0.836648628115654 0.7654834747314453 0.836648628115654
0 0.44350582122802734 0.45867362976074216 0.4505509757995606 0.45867362976074216 0.4505509757995606 0.4678115886449814 0.44350582122802734 0.4678115886449814
0 0.5045150375366211 0.4662094879150391 0.5121747130155563 0.4662094879150391 0.5121747130155563 0.4753032910823822 0.5045150375366211 0.4753032910823822
0 0.5361734008789063 0.4625030899047851 0.5434755593538285 0.4625030899047851 0.5434755593538285 0.4714600783586502 0.5361734008789063 0.4714600783586502
0 0.5495865249633789 0.3180988311767578 0.5565803140401839 0.3180988311767578 0.5565803140401839 0.32768647015094754 0.5495865249633789 0.32768647015094754
0 0.17996835708618164 0.3145615768432617 0.1878563231229782 0.3145615768432617 0.1878563231229782 0.3236592149734497 0.17996835708618164 0.3236592149734497
0 0.4745372009277344 0.4584518051147461 0.4814699548482895 0.4584518051147461 0.4814699548482895 0.467307476401329 0.4745372009277344 0.467307476401329
0 0.5209513854980469 0.2121759414672852 0.5282038640975952 0.2121759414672852 0.5282038640975952 0.22183449804782868 0.5209513854980469 0.22183449804782868
0 0.20873239517211914 0.4685486221313477 0.2161896550655365 0.4685486221313477 0.2161896550655365 0.47892032980918886 0.20873239517211914 0.47892032980918886
0 0.8389532470703125 0.3713491821289063 0.8462798905372619 0.3713491821289063 0.8462798905372619 0.38215837359428406 0.8389532470703125 0.38215837359428406
0 0.20784786224365234 0.5179536819458008 0.21549773514270784 0.5179536819458008 0.21549773514270784 0.5286323046684265 0.20784786224365234 0.5286323046684265
0 0.814613265991211 0.8140119171142578 0.8216939353942871 0.8140119171142578 0.8216939353942871 0.8223619532585144 0.814613265991211 0.8223619532585144
0 0.561367301940918 0.632296142578125 0.5699474728107453 0.632296142578125 0.5699474728107453 0.6417602288722992 0.561367301940918 0.6417602288722992
0 0.2577263832092285 0.21135440826416016 0.26484259724617004 0.21135440826416016 0.26484259724617004 0.22124653100967406 0.2577263832092285 0.22124653100967406
0 0.1982107925415039 0.15116144180297852 0.2070476275682449 0.15116144180297852 0.2070476275682449 0.16234822034835816 0.1982107925415039 0.16234822034835816
0 0.8510060119628906 0.3092079734802246 0.8590736532211304 0.3092079734802246 0.8590736532211304 0.318409161567688 0.8510060119628906 0.318409161567688
0 0.7705291748046875 0.6787321472167969 0.7780265039205552 0.6787321472167969 0.7780265039205552 0.6894492721557617 0.7705291748046875 0.6894492721557617
0 0.8149497985839844 0.1697699546813965 0.8227047526836396 0.1697699546813965 0.8227047526836396 0.17917006075382233 0.8149497985839844 0.17917006075382233
0 0.5158337020874023 0.5243303680419922 0.5238573414087295 0.5243303680419922 0.5238573414087295 0.5337378859519958 0.5158337020874023 0.5337378859519958
0 0.18256128311157227 0.7686305999755858 0.18911993026733398 0.7686305999755858 0.18911993026733398 0.7783698976039886 0.18256128311157227 0.7783698976039886
0 0.2607908821105957 0.15097357749938964 0.2693118512630463 0.15097357749938964 0.2693118512630463 0.161857293844223 0.2607908821105957 0.161857293844223
0 0.4453643798828125 0.21185237884521482 0.45343687057495113 0.21185237884521482 0.45343687057495113 0.2208891004323959 0.4453643798828125 0.2208891004323959
0 0.5360835266113281 0.14882243156433106 0.5428985869884491 0.14882243156433106 0.5428985869884491 0.15761166155338288 0.5360835266113281 0.15761166155338288
0 0.4942493057250977 0.315306396484375 0.5017875909805298 0.315306396484375 0.5017875909805298 0.3248177015781402 0.4942493057250977 0.3248177015781402
0 0.5525808334350586 0.527336769104004 0.5603485035896301 0.527336769104004 0.5603485035896301 0.5375494050979615 0.5525808334350586 0.5375494050979615
0 0.4412174987792969 0.38240039825439454 0.44753723978996274 0.38240039825439454 0.44753723978996274 0.39044110834598544 0.4412174987792969 0.39044110834598544
0 0.7965000915527344 0.17012073516845702 0.8042851495742798 0.17012073516845702 0.8042851495742798 0.17971151649951936 0.7965000915527344 0.17971151649951936
0 0.8383935546875 0.22216270446777345 0.8464530342817306 0.22216270446777345 0.8464530342817306 0.23177866697311403 0.8383935546875 0.23177866697311403
0 0.8460597229003907 0.16934207916259766 0.853399437069893 0.16934207916259766 0.853399437069893 0.1789256066083908 0.8460597229003907 0.1789256066083908
0 0.5210096740722656 0.68681884765625 0.5279774403572083 0.68681884765625 0.5279774403572083 0.6967808604240417 0.5210096740722656 0.6967808604240417
0 0.5217242050170898 0.31613739013671877 0.5295980358123779 0.31613739013671877 0.5295980358123779 0.3268423199653626 0.5217242050170898 0.3268423199653626
0 0.8893565368652344 0.18016740798950195 0.8966515392065049 0.18016740798950195 0.8966515392065049 0.1885978889465332 0.8893565368652344 0.1885978889465332
0 0.20747783660888672 0.7737467956542968 0.2138378095626831 0.7737467956542968 0.2138378095626831 0.782971801161766 0.20747783660888672 0.782971801161766
0 0.1626719856262207 0.36327266693115234 0.1692890805006027 0.36327266693115234 0.1692890805006027 0.37255194783210754 0.1626719856262207 0.37255194783210754
0 0.5951292800903321 0.6322082901000976 0.6024637305736542 0.6322082901000976 0.6024637305736542 0.6405479300022124 0.5951292800903321 0.6405479300022124
0 0.46639007568359375 0.14540212631225585 0.473315554857254 0.14540212631225585 0.473315554857254 0.1553422486782074 0.46639007568359375 0.1553422486782074
0 0.5103504180908203 0.1489224624633789 0.5182901930809021 0.1489224624633789 0.5182901930809021 0.15904345750808715 0.5103504180908203 0.15904345750808715
0 0.7588442993164063 0.35836387634277345 0.7666776764392853 0.35836387634277345 0.7666776764392853 0.36874107837677 0.7588442993164063 0.36874107837677
0 0.49062618255615237 0.631760139465332 0.4979827225208283 0.631760139465332 0.4979827225208283 0.6406530094146728 0.49062618255615237 0.6406530094146728
0 0.46944168090820315 0.2119773483276367 0.47630730807781224 0.2119773483276367 0.47630730807781224 0.221441256403923 0.46944168090820315 0.221441256403923
0 0.4572840881347656 0.3147585678100586 0.4639796209335327 0.3147585678100586 0.4639796209335327 0.3236319094896317 0.4572840881347656 0.3236319094896317
0 0.7778044891357422 0.6241549301147461 0.7855968809127808 0.6241549301147461 0.7855968809127808 0.6346079909801483 0.7778044891357422 0.6346079909801483
0 0.15750560760498047 0.5122594451904297 0.16504467666149142 0.5122594451904297 0.16504467666149142 0.5204732197523116 0.15750560760498047 0.5204732197523116
0 0.23289321899414062 0.8178473663330078 0.24099102258682248 0.8178473663330078 0.24099102258682248 0.8274400848150253 0.23289321899414062 0.8274400848150253
0 0.21203155517578126 0.6087772750854492 0.21959401488304137 0.6087772750854492 0.21959401488304137 0.6175126153230667 0.21203155517578126 0.6175126153230667
0 0.7683454895019531 0.16171468734741212 0.7755356913805008 0.16171468734741212 0.7755356913805008 0.1719916892051697 0.7683454895019531 0.1719916892051697
0 0.4415601348876953 0.5297921752929687 0.44893468379974366 0.5297921752929687 0.44893468379974366 0.539345679283142 0.4415601348876953 0.539345679283142
0 0.15831851959228516 0.6066091537475586 0.16546451210975646 0.6066091537475586 0.16546451210975646 0.6160539489984513 0.15831851959228516 0.6160539489984513
0 0.8917233276367188 0.4804670715332031 0.8996898347139359 0.4804670715332031 0.8996898347139359 0.4899134480953216 0.8917233276367188 0.4899134480953216
0 0.9119551086425781 0.531645278930664 0.9187621843814849 0.531645278930664 0.9187621843814849 0.5409352326393128 0.9119551086425781 0.5409352326393128
0 0.4947681427001953 0.3806346893310547 0.5018425136804581 0.3806346893310547 0.5018425136804581 0.3913581788539887 0.4947681427001953 0.3913581788539887
0 0.23189523696899414 0.6070830154418946 0.23891368865966797 0.6070830154418946 0.23891368865966797 0.6169560843706131 0.23189523696899414 0.6169560843706131
0 0.2256719207763672 0.14957310676574706 0.23497519850730894 0.14957310676574706 0.23497519850730894 0.16047501683235169 0.2256719207763672 0.16047501683235169
0 0.8818807220458984 0.3172612190246582 0.8887115138769149 0.3172612190246582 0.8887115138769149 0.32601296484470366 0.8818807220458984 0.32601296484470366
0 0.4642631530761719 0.8326793670654296 0.47216614127159123 0.8326793670654296 0.47216614127159123 0.8432563960552215 0.4642631530761719 0.8432563960552215
0 0.7840273284912109 0.36993282318115234 0.7916488569974899 0.36993282318115234 0.7916488569974899 0.38084712624549866 0.7840273284912109 0.38084712624549866
0 0.210523624420166 0.664163818359375 0.21832348287105557 0.664163818359375 0.21832348287105557 0.6730379503965377 0.210523624420166 0.6730379503965377
0 0.22261470794677735 0.3028399467468262 0.23098433136940005 0.3028399467468262 0.23098433136940005 0.3142676329612732 0.22261470794677735 0.3142676329612732
0 0.16253433227539063 0.763071746826172 0.16910676002502445 0.763071746826172 0.16910676002502445 0.7716380149126054 0.16253433227539063 0.7716380149126054
0 0.5269357299804688 0.37870986938476564 0.5358263403177261 0.37870986938476564 0.5358263403177261 0.39013348460197445 0.5269357299804688 0.39013348460197445
0 0.12306983947753906 0.36831809997558596 0.1306278932094574 0.36831809997558596 0.1306278932094574 0.37755033910274505 0.12306983947753906 0.37755033910274505
0 0.8972747802734375 0.36683975219726567 0.9047403496503831 0.36683975219726567 0.9047403496503831 0.3759111815690995 0.8972747802734375 0.3759111815690995
0 0.7699688720703125 0.4730876922607422 0.7780987310409545 0.4730876922607422 0.7780987310409545 0.4838489329814911 0.7699688720703125 0.4838489329814911
0 0.25882486343383787 0.6092471694946289 0.26701883316040037 0.6092471694946289 0.26701883316040037 0.6188490194082259 0.25882486343383787 0.6188490194082259
0 0.1830173683166504 0.6153332138061524 0.1901287627220154 0.6153332138061524 0.1901287627220154 0.6243406432867049 0.1830173683166504 0.6243406432867049
0 0.8362990570068359 0.6290794372558594 0.8444835048913956 0.6290794372558594 0.8444835048913956 0.637558975815773 0.8362990570068359 0.637558975815773
0 0.8617668151855469 0.4781296920776367 0.8703132748603821 0.4781296920776367 0.8703132748603821 0.4883798038959503 0.8617668151855469 0.4883798038959503
0 0.8336105346679688 0.6788818359375 0.8407784986495972 0.6788818359375 0.8407784986495972 0.688513135910034 0.8336105346679688 0.688513135910034
0 0.496988754272461 0.21198928833007813 0.5049412447214127 0.21198928833007813 0.5049412447214127 0.22309778571128847 0.496988754272461 0.22309778571128847
0 0.8718965911865234 0.36763423919677735 0.8800493383407593 0.36763423919677735 0.8800493383407593 0.3775626903772354 0.8718965911865234 0.3775626903772354
0 0.14787054061889648 0.36802558898925775 0.15374641656875612 0.36802558898925775 0.15374641656875612 0.3758569055795669 0.14787054061889648 0.3758569055795669
0 0.1698039436340332 0.15116560935974122 0.17680403113365173 0.15116560935974122 0.17680403113365173 0.16110949754714965 0.1698039436340332 0.16110949754714965
0 0.14082175254821777 0.8176892089843749 0.14829963862895965 0.8176892089843749 0.14829963862895965 0.8270881485939025 0.14082175254821777 0.8270881485939025
0 0.133691463470459 0.5186158752441407 0.14122617065906523 0.5186158752441407 0.14122617065906523 0.5271996557712556 0.133691463470459 0.5271996557712556
0 0.15490880966186524 0.6587776947021484 0.16210916876792908 0.6587776947021484 0.16210916876792908 0.6668001413345337 0.15490880966186524 0.6668001413345337
0 0.4505146408081055 0.6295687103271485 0.4585703349113465 0.6295687103271485 0.4585703349113465 0.6404891014099121 0.4505146408081055 0.6404891014099121
0 0.5860785675048829 0.82850830078125 0.5949076694250107 0.82850830078125 0.5949076694250107 0.8386546051502228 0.5860785675048829 0.8386546051502228
0 0.4513003540039062 0.6835740661621094 0.458641664981842 0.6835740661621094 0.458641664981842 0.6936934900283812 0.4513003540039062 0.6936934900283812
0 0.8630742645263672 0.7799064636230468 0.8698622965812681 0.7799064636230468 0.8698622965812681 0.7889560323953629 0.8630742645263672 0.7889560323953629
0 0.13464445750605647 0.1501255869867973 0.14243002137545427 0.1501255869867973 0.14243002137545427 0.16359430400072655 0.13464445750605647 0.16359430400072655
0 0.1387662266133847 0.21257145677865133 0.14655179048278252 0.21257145677865133 0.14655179048278252 0.22787681702175278 0.1387662266133847 0.22787681702175278
0 0.12227915018407169 0.312974619973397 0.13006471405346953 0.312974619973397 0.13006471405346953 0.3246066937581541 0.12227915018407169 0.3246066937581541
0 0.14380394441123034 0.3197089784803616 0.15342140566166299 0.3197089784803616 0.15342140566166299 0.32889219462622254 0.14380394441123034 0.32889219462622254
0 0.13601838054183255 0.4562327918488268 0.14471989310174774 0.4562327918488268 0.14471989310174774 0.4697015088627561 0.13601838054183255 0.4697015088627561
0 0.14014014964916077 0.7635644255303043 0.15021558524485207 0.7635644255303043 0.15021558524485207 0.7751964993150615 0.14014014964916077 0.7751964993150615
0 0.8369611330879044 0.7759295260409943 0.8438307482667847 0.7759295260409943 0.8438307482667847 0.7881738142354755 0.8369611330879044 0.7881738142354755
0 0.8579363581007526 0.8235598071175263 0.8665004783570901 0.8235598071175263 0.8665004783570901 0.833661344877973 0.8579363581007526 0.833661344877973
0 0.9032758182813635 0.820192627864044 0.9133512538770546 0.820192627864044 0.9133512538770546 0.8296207297737943 0.9032758182813635 0.8296207297737943
0 0.9103286231983474 0.7723786824645948 0.9183889716749004 0.7723786824645948 0.9183889716749004 0.7831536560757382 0.9103286231983474 0.7831536560757382
0 0.8649891630177364 0.6302837179676406 0.8740570550538587 0.6302837179676406 0.8740570550538587 0.642405563280177 0.8649891630177364 0.642405563280177
0 0.8649891630177364 0.6754039199643038 0.8725457397145048 0.6754039199643038 0.8725457397145048 0.6888726369782331 0.8649891630177364 0.6888726369782331
0 0.8932003826856721 0.6794445350684826 0.9032758182813635 0.6794445350684826 0.9032758182813635 0.6888726369782331 0.8932003826856721 0.6888726369782331
0 0.9042833618409325 0.6195087443564973 0.9133512538770546 0.6195087443564973 0.9133512538770546 0.6329774613704264 0.9042833618409325 0.6329774613704264
0 0.86650047835709 0.5319620837659569 0.8755683703932124 0.5319620837659569 0.8755683703932124 0.5474511083319754 0.86650047835709 0.5474511083319754
0 0.8866513495484728 0.2215081565948864 0.8957192415845949 0.2215081565948864 0.8957192415845949 0.2336300019074228 0.8866513495484728 0.2336300019074228
