0 0.14420201705092447 0.019234931252856163 0.14920685929130365 0.019234931252856163 0.14920685929130365 0.02843424619987433 0.14420201705092447 0.02843424619987433
0 0.1654725965725359 0.020071232611675996 0.1720414520130335 0.020071232611675996 0.1720414520130335 0.02927054755869416 0.1654725965725359 0.02927054755869416
0 0.19331203153464493 0.022161986008725584 0.1995680843351189 0.022161986008725584 0.1995680843351189 0.03177945163515366 0.19331203153464493 0.03177945163515366
0 0.21708503217644595 0.018816780573446247 0.22615630873713316 0.018816780573446247 0.22615630873713316 0.028016095520464412 0.21708503217644595 0.028016095520464412
0 0.24899090145886307 0.020071232611675996 0.2555597568993607 0.020071232611675996 0.2555597568993607 0.026761643482234664 0.24899090145886307 0.026761643482234664
0 0.14576603025104296 0.07234006753791557 0.15139647777146947 0.07234006753791557 0.15139647777146947 0.08153938248493374 0.14576603025104296 0.08153938248493374
0 0.16953903089284394 0.07359451957614532 0.17673349161338897 0.07359451957614532 0.17673349161338897 0.08153938248493374 0.16953903089284394 0.08153938248493374
0 0.19331203153464493 0.07484897161437506 0.1995680843351189 0.07484897161437506 0.1995680843351189 0.08446643724080316 0.19331203153464493 0.08446643724080316
0 0.21771063745649336 0.07443082093496516 0.2245922955370147 0.07443082093496516 0.2245922955370147 0.08195753316434364 0.21771063745649336 0.08195753316434364
0 0.2461756776986498 0.06941301278204615 0.2514933225790526 0.06941301278204615 0.2514933225790526 0.08028493044670398 0.2461756776986498 0.08028493044670398
0 0.13825876689047423 0.16015171021399804 0.14670443817111406 0.16015171021399804 0.14670443817111406 0.17060547719924593 0.13825876689047423 0.17060547719924593
0 0.17079024145293872 0.16140616225222781 0.17579508369331792 0.16140616225222781 0.17579508369331792 0.17144177855806578 0.17079024145293872 0.17144177855806578
0 0.19456324209473974 0.15973355953458812 0.20144490017526112 0.15973355953458812 0.20144490017526112 0.17060547719924593 0.19456324209473974 0.17060547719924593
0 0.21990025593665924 0.16600581972573686 0.22897153249734642 0.16600581972573686 0.22897153249734642 0.17771403874921454 0.21990025593665924 0.17771403874921454
0 0.24711408561872092 0.16349691564927737 0.2546213489792896 0.16349691564927737 0.2546213489792896 0.17604143603157488 0.24711408561872092 0.17604143603157488
0 0.1410739906506875 0.21952910669020617 0.14826845137123254 0.21952910669020617 0.14826845137123254 0.22538321620194504 0.1410739906506875 0.22538321620194504
0 0.1657853992125596 0.21702020261374674 0.17204145201303353 0.21702020261374674 0.17204145201303353 0.22705581891958473 0.1657853992125596 0.22705581891958473
0 0.20238330809533217 0.22412876416371527 0.2102033740959246 0.22412876416371527 0.2102033740959246 0.23500068182837314 0.20238330809533217 0.23500068182837314
0 0.2327251641776308 0.21827465465197643 0.23929401961812843 0.21827465465197643 0.23929401961812843 0.22872842163722437 0.2327251641776308 0.22872842163722437
0 0.2624414149798821 0.2224561614460756 0.26807186250030857 0.2224561614460756 0.26807186250030857 0.23458253114896324 0.2624414149798821 0.23458253114896324
0 0.13732035897040312 0.31988526974858617 0.14514042497099558 0.31988526974858617 0.14514042497099558 0.33033903673383413 0.13732035897040312 0.33033903673383413
0 0.16078055697218044 0.3232304751838655 0.1679750176927255 0.3232304751838655 0.1679750176927255 0.3303390367338341 0.16078055697218044 0.3303390367338341
0 0.18330234705388665 0.31946711906917624 0.19237362361457383 0.31946711906917624 0.19237362361457383 0.32699383129855475 0.18330234705388665 0.32699383129855475
0 0.21958745329663554 0.32406677654268534 0.22584350609710946 0.32406677654268534 0.22584350609710946 0.335774995566163 0.21958745329663554 0.335774995566163
0 0.25211892785910006 0.3236486258632754 0.25931338857964514 0.3236486258632754 0.25931338857964514 0.33493869420734323 0.25211892785910006 0.33493869420734323
0 0.1385715695304979 0.36880889923954646 0.14482762233097188 0.36880889923954646 0.14482762233097188 0.3775900635071547 0.1385715695304979 0.3775900635071547
0 0.16140616225222781 0.3721541046748257 0.1679750176927255 0.3721541046748257 0.1679750176927255 0.38177157030125386 0.16140616225222781 0.38177157030125386
0 0.18298954441386292 0.3734085567130554 0.19268642625459756 0.3734085567130554 0.19268642625459756 0.38051711826302403 0.18298954441386292 0.38051711826302403
0 0.20895216353582982 0.36797259788072656 0.21426980841623267 0.36797259788072656 0.21426980841623267 0.3780082141865646 0.20895216353582982 0.3780082141865646
0 0.23022274305744123 0.3717359539954159 0.23679159849793888 0.3717359539954159 0.23679159849793888 0.38177157030125386 0.23022274305744123 0.38177157030125386
0 0.1301258982498581 0.47251026773320576 0.13700755633037945 0.47251026773320576 0.13700755633037945 0.48087328132140417 0.1301258982498581 0.48087328132140417
0 0.15233488569154058 0.4716739663743859 0.15921654377206193 0.4716739663743859 0.15921654377206193 0.4792006786037644 0.15233488569154058 0.4792006786037644
0 0.17391826785317574 0.471255815694976 0.18111272857372077 0.471255815694976 0.18111272857372077 0.4800369799625842 0.17391826785317574 0.4800369799625842
0 0.19612725529485822 0.4720921170537958 0.20238330809533217 0.4720921170537958 0.20238330809533217 0.4833821853978636 0.19612725529485822 0.4833821853978636
0 0.22240267705684882 0.47418287045084545 0.22990994041741752 0.47418287045084545 0.22990994041741752 0.4829640347184536 0.22240267705684882 0.4829640347184536
0 0.13325392465009508 0.5243609519800354 0.1401355827306164 0.5243609519800354 0.1401355827306164 0.5339784176064634 0.13325392465009508 0.5339784176064634
0 0.15702692529189605 0.5318876642094139 0.1629701754523463 0.5318876642094139 0.1629701754523463 0.5406688284770222 0.15702692529189605 0.5406688284770222
0 0.18048712329367336 0.5256154040182651 0.18549196553405253 0.5256154040182651 0.18549196553405253 0.5369054723623329 0.18048712329367336 0.5369054723623329
0 0.20113209753523742 0.5256154040182651 0.20770095297573501 0.5256154040182651 0.20770095297573501 0.5364873216829229 0.20113209753523742 0.5364873216829229
0 0.22865872985732275 0.5277061574153148 0.23522758529782037 0.5277061574153148 0.23522758529782037 0.5377417737211527 0.22865872985732275 0.5377417737211527
0 0.1301258982498581 0.621371909603136 0.1388843721705216 0.621371909603136 0.1388843721705216 0.6288986218325145 0.1301258982498581 0.6288986218325145
0 0.15452450417170646 0.6184448548472666 0.16078055697218044 0.6184448548472666 0.16078055697218044 0.627226019114875 0.15452450417170646 0.627226019114875
0 0.1732926625731283 0.6205356082443162 0.18111272857372077 0.6205356082443162 0.18111272857372077 0.6301530738707444 0.1732926625731283 0.6301530738707444
0 0.20551133449556913 0.6242989643590054 0.21364420313618526 0.6242989643590054 0.21364420313618526 0.6339164299854336 0.20551133449556913 0.6339164299854336
0 0.23741720377798628 0.6251352657178253 0.24492446713855498 0.6251352657178253 0.24492446713855498 0.6355890327030732 0.23741720377798628 0.6355890327030732
0 0.13419233257016613 0.6736407445293757 0.1423252012107823 0.6736407445293757 0.1423252012107823 0.6853489635528534 0.13419233257016613 0.6853489635528534
0 0.1517092804114932 0.6577510187117988 0.15859093849201453 0.6577510187117988 0.15859093849201453 0.6669503336588171 0.1517092804114932 0.6669503336588171
0 0.18173833385376814 0.6702955390940963 0.18893279457431317 0.6702955390940963 0.18893279457431317 0.6778222513234748 0.18173833385376814 0.6778222513234748
0 0.2105161767359483 0.6711318404529162 0.21739783481646965 0.6711318404529162 0.21739783481646965 0.6836763608352137 0.2105161767359483 0.6836763608352137
0 0.23116115097751233 0.6719681418117359 0.2399196248981759 0.6719681418117359 0.2399196248981759 0.6790767033617046 0.23116115097751233 0.6790767033617046
0 0.13200271409000028 0.771906154190706 0.1385715695304979 0.771906154190706 0.1385715695304979 0.7827780718553637 0.13200271409000028 0.7827780718553637
0 0.14733004345116146 0.7790147157406746 0.15546291209177757 0.7790147157406746 0.15546291209177757 0.791559236122972 0.14733004345116146 0.791559236122972
0 0.13450513521018984 0.8245931397963555 0.14044838537064014 0.8245931397963555 0.14044838537064014 0.8329561533845539 0.13450513521018984 0.8329561533845539
0 0.15389889889165909 0.8279383452316348 0.16140616225222781 0.8279383452316348 0.16140616225222781 0.8383921122168828 0.15389889889165909 0.8383921122168828
0 0.1751694784132705 0.8325380027051439 0.18205113649379184 0.8325380027051439 0.18205113649379184 0.8404828656139324 0.1751694784132705 0.8404828656139324
0 0.17047743881291502 0.7785965650612646 0.1764206889733653 0.7785965650612646 0.1764206889733653 0.7890503320465126 0.17047743881291502 0.7890503320465126
0 0.19393763681469234 0.8346287561021936 0.20081929489521366 0.8346287561021936 0.20081929489521366 0.8417373176521621 0.19393763681469234 0.8417373176521621
0 0.20582413713559283 0.8383921122168828 0.2136442031361853 0.8383921122168828 0.2136442031361853 0.8475914271639009 0.20582413713559283 0.8475914271639009
0 0.24523726977857868 0.836301358819833 0.25337013841919487 0.836301358819833 0.25337013841919487 0.8463369751256711 0.24523726977857868 0.8463369751256711
0 0.1980040711350004 0.7756695103053952 0.20582413713559283 0.7756695103053952 0.20582413713559283 0.7848688252524134 0.1980040711350004 0.7848688252524134
0 0.22021305857668294 0.7785965650612646 0.22646911137715686 0.7785965650612646 0.22646911137715686 0.7898866334053324 0.22021305857668294 0.7898866334053324
