0 0.4763249969482422 0.36486751556396485 0.48388392329216007 0.36486751556396485 0.48388392329216007 0.3736926299333572 0.4763249969482422 0.3736926299333572
0 0.28039207458496096 0.9815959930419922 0.28697535514831546 0.9815959930419922 0.28697535514831546 0.9909818083047868 0.28039207458496096 0.9909818083047868
0 0.539378890991211 0.5314963150024414 0.5483441394567491 0.5314963150024414 0.5483441394567491 0.5410697424411773 0.539378890991211 0.5410697424411773
0 0.20414680480957031 0.824226760864258 0.21176409006118777 0.824226760864258 0.21176409006118777 0.8337756794691087 0.20414680480957031 0.8337756794691087
0 0.21305356979370116 0.9688111877441407 0.22013979852199553 0.9688111877441407 0.22013979852199553 0.9770901483297348 0.21305356979370116 0.9770901483297348
0 0.5071210861206055 0.36430595397949217 0.5145111304521561 0.36430595397949217 0.5145111304521561 0.3737690913677216 0.5071210861206055 0.3737690913677216
0 0.49870483398437493 0.9796940612792969 0.5055455619096756 0.9796940612792969 0.5055455619096756 0.9895246744155884 0.49870483398437493 0.9895246744155884
0 0.17191823959350586 0.4716105651855469 0.17886572003364562 0.4716105651855469 0.17886572003364562 0.47989762961864474 0.17191823959350586 0.47989762961864474
0 0.4459347152709961 0.36308109283447265 0.4538880044221878 0.36308109283447265 0.4538880044221878 0.371966096162796 0.4459347152709961 0.371966096162796
0 0.49105125427246094 0.9263259887695312 0.4989621084928512 0.9263259887695312 0.4989621084928512 0.9350750464200973 0.49105125427246094 0.9350750464200973
0 0.23518262863159178 0.2092003631591797 0.24105411291122433 0.2092003631591797 0.24105411291122433 0.21641739487648012 0.23518262863159178 0.21641739487648012
0 0.2274150276184082 0.5227394866943359 0.2341477906703949 0.5227394866943359 0.2341477906703949 0.5321463721990585 0.2274150276184082 0.5321463721990585
0 0.55299072265625 0.4666290283203125 0.5606211817264557 0.4666290283203125 0.5606211817264557 0.47745640397071837 0.55299072265625 0.47745640397071837
0 0.5414787673950195 0.7737239837646486 0.5481859517097474 0.7737239837646486 0.5481859517097474 0.7827126753330231 0.5414787673950195 0.7827126753330231
0 0.24147600173950196 0.15746255874633788 0.24823159396648406 0.15746255874633788 0.24823159396648406 0.16597688376903533 0.24147600173950196 0.16597688376903533
0 0.15032676696777345 0.46777404785156246 0.15818522095680237 0.46777404785156246 0.15818522095680237 0.4771146011352539 0.15032676696777345 0.4771146011352539
0 0.4830214309692383 0.20950010299682617 0.4902426528930664 0.20950010299682617 0.4902426528930664 0.2192323446273804 0.4830214309692383 0.2192323446273804
0 0.509999885559082 0.5206310653686523 0.5176352536678315 0.5206310653686523 0.5176352536678315 0.530662612915039 0.509999885559082 0.530662612915039
0 0.2031361198425293 0.5206100082397461 0.2093040120601654 0.5206100082397461 0.2093040120601654 0.527753849029541 0.2031361198425293 0.527753849029541
0 0.5382209014892578 0.35576202392578127 0.5454028820991516 0.35576202392578127 0.5454028820991516 0.3652651661634445 0.5382209014892578 0.3652651661634445
0 0.577535400390625 0.5309377670288086 0.5855185860395432 0.5309377670288086 0.5855185860395432 0.5412744903564454 0.577535400390625 0.5412744903564454
0 0.47610366821289063 0.14853464126586913 0.4832890498638153 0.14853464126586913 0.4832890498638153 0.1564092832803726 0.47610366821289063 0.1564092832803726
0 0.5524821472167969 0.19886026382446292 0.56015507042408 0.19886026382446292 0.56015507042408 0.20777774155139925 0.5524821472167969 0.20777774155139925
0 0.1422472667694092 0.6239712142944336 0.14965638458728792 0.6239712142944336 0.14965638458728792 0.6324698066711426 0.1422472667694092 0.6324698066711426
0 0.17890359878540038 0.524073371887207 0.18641218006610868 0.524073371887207 0.18641218006610868 0.5323769992589951 0.17890359878540038 0.5323769992589951
0 0.16618917465209962 0.6289677429199219 0.17215741634368897 0.6289677429199219 0.17215741634368897 0.6375722372531891 0.16618917465209962 0.6375722372531891
0 0.2648469543457031 0.20809020996093747 0.2720407044887542 0.20809020996093747 0.2720407044887542 0.21706498682498931 0.2648469543457031 0.21706498682498931
0 0.4467219543457031 0.6183159255981445 0.4538576263189316 0.6183159255981445 0.4538576263189316 0.6277093309164047 0.4467219543457031 0.6277093309164047
0 0.27142824172973634 0.7716471099853516 0.2793748474121094 0.7716471099853516 0.2793748474121094 0.7810788601636887 0.27142824172973634 0.7810788601636887
0 0.47477016448974607 0.3008640480041504 0.48148320376873016 0.3008640480041504 0.48148320376873016 0.3104785281419754 0.47477016448974607 0.3104785281419754
0 0.24344518661499023 0.45037811279296874 0.2503450131416321 0.45037811279296874 0.2503450131416321 0.45998292744159697 0.24344518661499023 0.45998292744159697
0 0.5154388046264649 0.2065536117553711 0.5221521985530854 0.2065536117553711 0.5221521985530854 0.21466292679309845 0.5154388046264649 0.21466292679309845
0 0.17616361618041992 0.21312002182006837 0.18381913721561433 0.21312002182006837 0.18381913721561433 0.22273764431476592 0.17616361618041992 0.22273764431476592
0 0.5878995513916015 0.9308373260498047 0.5952211678028106 0.9308373260498047 0.5952211678028106 0.9406521272659302 0.5878995513916015 0.9406521272659302
0 0.44577789306640625 0.3048573684692383 0.45253336727619176 0.3048573684692383 0.45253336727619176 0.3140015339851379 0.44577789306640625 0.3140015339851379
0 0.5008056259155274 0.8169886016845703 0.5078005385398866 0.8169886016845703 0.5078005385398866 0.8255011087656021 0.5008056259155274 0.8255011087656021
0 0.5253012084960937 0.6787236785888672 0.5332783615589142 0.6787236785888672 0.5332783615589142 0.6875541692972184 0.5253012084960937 0.6875541692972184
0 0.44773761749267577 0.5128573989868164 0.45575581550598143 0.5128573989868164 0.45575581550598143 0.5222366523742675 0.44773761749267577 0.5222366523742675
0 0.146640625 0.6682106018066405 0.1539455336332321 0.6682106018066405 0.1539455336332321 0.6764852136373519 0.146640625 0.6764852136373519
0 0.15399682998657227 0.1564243793487549 0.16140407025814058 0.1564243793487549 0.16140407025814058 0.16550604701042176 0.15399682998657227 0.16550604701042176
0 0.45147003173828126 0.1481640148162842 0.4582210993766785 0.1481640148162842 0.4582210993766785 0.15686405479907992 0.45147003173828126 0.15686405479907992
0 0.45226116180419923 0.20473402023315432 0.46006898939609536 0.20473402023315432 0.46006898939609536 0.21393611788749695 0.45226116180419923 0.21393611788749695
0 0.2714456367492676 0.15468502998352052 0.2786791306734085 0.15468502998352052 0.2786791306734085 0.1641015410423279 0.2714456367492676 0.1641015410423279
0 0.5618302536010742 0.6709587097167968 0.5692505788803099 0.6709587097167968 0.5692505788803099 0.6791015267372131 0.5618302536010742 0.6791015267372131
0 0.5935013198852539 0.6150275802612305 0.6017695724964142 0.6150275802612305 0.6017695724964142 0.6251254200935364 0.5935013198852539 0.6251254200935364
0 0.12711138725280763 0.9172554779052734 0.133308984041214 0.9172554779052734 0.133308984041214 0.9247389256954193 0.12711138725280763 0.9247389256954193
0 0.5137221527099609 0.465006217956543 0.5211832273006439 0.465006217956543 0.5211832273006439 0.4751325988769532 0.5137221527099609 0.4751325988769532
0 0.5784652328491211 0.15282458305358887 0.5862989056110383 0.15282458305358887 0.5862989056110383 0.16209607601165774 0.5784652328491211 0.16209607601165774
0 0.576431884765625 0.1986635398864746 0.5831958454847336 0.1986635398864746 0.5831958454847336 0.20739044070243834 0.576431884765625 0.20739044070243834
0 0.17145383834838868 0.368087043762207 0.17847246706485748 0.368087043762207 0.17847246706485748 0.37649538755416867 0.17145383834838868 0.37649538755416867
0 0.1876063346862793 0.15924264907836913 0.19431113839149475 0.15924264907836913 0.19431113839149475 0.16879453241825101 0.1876063346862793 0.16879453241825101
0 0.541107177734375 0.15221803665161132 0.5491187518835068 0.15221803665161132 0.5491187518835068 0.16188077330589293 0.541107177734375 0.16188077330589293
0 0.4432965087890625 0.8214052581787109 0.4498784583806991 0.8214052581787109 0.4498784583806991 0.8292776864767074 0.4432965087890625 0.8292776864767074
0 0.22399625778198243 0.626593246459961 0.23164675116539005 0.626593246459961 0.23164675116539005 0.6356856268644333 0.22399625778198243 0.6356856268644333
0 0.19606193542480468 0.36834671020507814 0.20350148200988769 0.36834671020507814 0.20350148200988769 0.3764302712678909 0.19606193542480468 0.3764302712678909
0 0.572996597290039 0.3148486518859863 0.581051818728447 0.3148486518859863 0.581051818728447 0.32431898355484007 0.572996597290039 0.32431898355484007
0 0.1955333137512207 0.9688723754882812 0.2007219523191452 0.9688723754882812 0.2007219523191452 0.9759670007228851 0.1955333137512207 0.9759670007228851
0 0.26669811248779296 0.8254556274414062 0.2748632502555847 0.8254556274414062 0.2748632502555847 0.8342014437913895 0.26669811248779296 0.8342014437913895
0 0.4425299835205078 0.7746097564697265 0.44926534891128544 0.7746097564697265 0.44926534891128544 0.7833587348461151 0.4425299835205078 0.7833587348461151
0 0.46801540374755857 0.817371826171875 0.47552382230758666 0.817371826171875 0.47552382230758666 0.8259592831134795 0.46801540374755857 0.8259592831134795
0 0.20900127410888672 0.7728826141357422 0.21554776787757873 0.7728826141357422 0.21554776787757873 0.7813910096883774 0.20900127410888672 0.7813910096883774
0 0.22945158004760743 0.6749511718749999 0.23735490798950198 0.6749511718749999 0.23735490798950198 0.6845604139566421 0.22945158004760743 0.6845604139566421
0 0.2522629356384277 0.6290538024902343 0.25912223458290096 0.6290538024902343 0.25912223458290096 0.6377555418014526 0.2522629356384277 0.6377555418014526
0 0.1432420253753662 0.31544797897338867 0.15011860847473144 0.31544797897338867 0.15011860847473144 0.32451701641082764 0.1432420253753662 0.32451701641082764
0 0.1442134475708008 0.9670858001708984 0.15061326742172243 0.9670858001708984 0.15061326742172243 0.9748633551597595 0.1442134475708008 0.9748633551597595
0 0.23703428268432616 0.973165283203125 0.24312585175037385 0.973165283203125 0.24312585175037385 0.9819843101501465 0.23703428268432616 0.9819843101501465
0 0.5860980224609375 0.46447139739990234 0.5942498236894606 0.46447139739990234 0.5942498236894606 0.4748949682712555 0.5860980224609375 0.4748949682712555
0 0.5189122009277344 0.777209243774414 0.5253566735982894 0.777209243774414 0.5253566735982894 0.7861931920051575 0.5189122009277344 0.7861931920051575
0 0.20108020782470704 0.3058221054077148 0.20857758104801177 0.3058221054077148 0.20857758104801177 0.3149827748537063 0.20108020782470704 0.3149827748537063
0 0.5174737167358399 0.6231840896606445 0.5247010600566864 0.6231840896606445 0.5247010600566864 0.6315186697244645 0.5174737167358399 0.6315186697244645
0 0.2347884941101074 0.775920181274414 0.24171610236167906 0.775920181274414 0.24171610236167906 0.7855520349740982 0.2347884941101074 0.7855520349740982
0 0.47974380493164065 0.530634765625 0.4878996276855469 0.530634765625 0.4878996276855469 0.5419727182388305 0.47974380493164065 0.5419727182388305
0 0.48621257781982424 0.4634341049194336 0.493858768939972 0.4634341049194336 0.493858768939972 0.47369477033615115 0.48621257781982424 0.47369477033615115
0 0.20691516876220703 0.670198745727539 0.21377369880676272 0.670198745727539 0.21377369880676272 0.6791999292373657 0.20691516876220703 0.6791999292373657
0 0.23196073532104491 0.8200527191162108 0.23969218015670776 0.8200527191162108 0.23969218015670776 0.8297002267837524 0.23196073532104491 0.8297002267837524
0 0.5034744262695312 0.1525837516784668 0.5107421636581421 0.1525837516784668 0.5107421636581421 0.16174987614154815 0.5034744262695312 0.16174987614154815
0 0.21653228759765625 0.16290956497192383 0.22340589880943298 0.16290956497192383 0.22340589880943298 0.17238278269767762 0.21653228759765625 0.17238278269767762
0 0.5563579177856446 0.9326372528076172 0.5646637260913849 0.9326372528076172 0.5646637260913849 0.94199010014534 0.5563579177856446 0.94199010014534
0 0.22357776641845703 0.36274124145507813 0.23105708658695223 0.36274124145507813 0.23105708658695223 0.3717625457048417 0.22357776641845703 0.3717625457048417
0 0.1753648567199707 0.7746852874755861 0.18233603835105894 0.7746852874755861 0.18233603835105894 0.7842491483688356 0.1753648567199707 0.7842491483688356
0 0.17681922912597656 0.6707768249511719 0.1830855345726013 0.6707768249511719 0.1830855345726013 0.6792010998725891 0.17681922912597656 0.6792010998725891
0 0.2071433448791504 0.21055418014526367 0.2140019929409027 0.21055418014526367 0.2140019929409027 0.21965972423553468 0.2071433448791504 0.21965972423553468
0 0.20017766952514648 0.9191765594482422 0.20759221374988554 0.9191765594482422 0.20759221374988554 0.9291169887781142 0.20017766952514648 0.9291169887781142
0 0.5343354797363281 0.9840687561035156 0.5418926614522934 0.9840687561035156 0.5418926614522934 0.9929817861318588 0.5343354797363281 0.9929817861318588
0 0.1591208267211914 0.9112051391601562 0.16558876395225527 0.9112051391601562 0.16558876395225527 0.9195640301704406 0.1591208267211914 0.9195640301704406
0 0.16068782806396484 0.5252164077758789 0.16692342400550841 0.5252164077758789 0.16692342400550841 0.5332497650384903 0.16068782806396484 0.5332497650384903
0 0.5580830764770508 0.7709166717529298 0.5654216074943542 0.7709166717529298 0.5654216074943542 0.7792036175727846 0.5580830764770508 0.7792036175727846
0 0.45686126708984376 0.4606942367553711 0.46437719643116 0.4606942367553711 0.46437719643116 0.4702799189090729 0.45686126708984376 0.4702799189090729
0 0.17503520965576172 0.8318800354003906 0.182692134976387 0.8318800354003906 0.182692134976387 0.8410889911651611 0.17503520965576172 0.8410889911651611
0 0.16645790100097657 0.9666508483886719 0.17333562254905702 0.9666508483886719 0.17333562254905702 0.975832844376564 0.16645790100097657 0.975832844376564
0 0.13837376594543457 0.37274379730224616 0.14501261055469514 0.37274379730224616 0.14501261055469514 0.3816792017221451 0.13837376594543457 0.3816792017221451
0 0.2492124938964844 0.3583170318603515 0.256458792090416 0.3583170318603515 0.256458792090416 0.36845878958702083 0.2492124938964844 0.36845878958702083
0 0.1780141258239746 0.9139078521728515 0.18455853462219238 0.9139078521728515 0.18455853462219238 0.9237320613861084 0.1780141258239746 0.9237320613861084
0 0.17676254272460937 0.3100519561767578 0.18409974336624144 0.3100519561767578 0.18409974336624144 0.3193901574611664 0.17676254272460937 0.3193901574611664
0 0.2567717933654785 0.6740196228027344 0.26410047709941864 0.6740196228027344 0.26410047709941864 0.682737056016922 0.2567717933654785 0.682737056016922
0 0.466060676574707 0.9273313903808593 0.4732356488704681 0.9273313903808593 0.4732356488704681 0.935348184108734 0.466060676574707 0.935348184108734
0 0.21684234619140624 0.4621026992797851 0.2233207368850708 0.4621026992797851 0.2233207368850708 0.47101173698902127 0.21684234619140624 0.47101173698902127
0 0.23489749908447266 0.922313003540039 0.24187857270240784 0.922313003540039 0.24187857270240784 0.9318889611959458 0.23489749908447266 0.9318889611959458
0 0.4781689453125 0.7657027435302735 0.48562304139137263 0.7657027435302735 0.48562304139137263 0.7744999492168426 0.4781689453125 0.7744999492168426
0 0.5190185546875 0.9279940795898437 0.5270092511177064 0.9279940795898437 0.5270092511177064 0.9391182112693787 0.5190185546875 0.9391182112693787
0 0.5731592178344727 0.3580188751220703 0.5814657360315323 0.3580188751220703 0.5814657360315323 0.3672750699520111 0.5731592178344727 0.3672750699520111
0 0.5515437316894531 0.6193729782104492 0.5598129308223724 0.6193729782104492 0.5598129308223724 0.6296896195411682 0.5515437316894531 0.6296896195411682
0 0.15479188919067383 0.7773667907714844 0.16170790553092956 0.7773667907714844 0.16170790553092956 0.7875570523738861 0.15479188919067383 0.7875570523738861
0 0.5801605224609375 0.9847409057617188 0.5874112862348557 0.9847409057617188 0.5874112862348557 0.9935744005441666 0.5801605224609375 0.9935744005441666
0 0.15486442565917968 0.21154159545898438 0.16078286945819856 0.21154159545898438 0.16078286945819856 0.21926062524318699 0.15486442565917968 0.21926062524318699
0 0.5978745269775391 0.6669903564453125 0.6062759095430373 0.6669903564453125 0.6062759095430373 0.6784542131423951 0.5978745269775391 0.6784542131423951
0 0.4455342483520508 0.6718047332763671 0.45325448572635657 0.6718047332763671 0.45325448572635657 0.6825877165794373 0.4455342483520508 0.6825877165794373
0 0.19683828353881835 0.462895736694336 0.2042171651124954 0.462895736694336 0.2042171651124954 0.47400366067886357 0.19683828353881835 0.47400366067886357
0 0.2553754425048828 0.3062711715698242 0.2634709990024567 0.3062711715698242 0.2634709990024567 0.31737014174461364 0.2553754425048828 0.31737014174461364
0 0.5398067092895508 0.30633882522583006 0.5487390148639679 0.30633882522583006 0.5487390148639679 0.31654316067695615 0.5398067092895508 0.31654316067695615
0 0.5648207473754883 0.9917536926269531 0.5712888181209564 0.9917536926269531 0.5712888181209564 1.0000000005960463 0.5648207473754883 1.0000000005960463
0 0.5263224792480469 0.8192735290527344 0.5335538440942765 0.8192735290527344 0.5335538440942765 0.8298427307605744 0.5263224792480469 0.8298427307605744
0 0.5512310791015625 0.8246810150146485 0.5590347671508791 0.8246810150146485 0.5590347671508791 0.8345683151483536 0.5512310791015625 0.8345683151483536
0 0.24626508712768555 0.5194469451904297 0.2542832261323929 0.5194469451904297 0.2542832261323929 0.529609614610672 0.24626508712768555 0.529609614610672
0 0.18399866104125975 0.6237281036376953 0.19176461577415463 0.6237281036376953 0.19176461577415463 0.632867723107338 0.18399866104125975 0.632867723107338
0 0.4797621536254883 0.6187901306152344 0.4880231022834778 0.6187901306152344 0.4880231022834778 0.6298085570335388 0.4797621536254883 0.6298085570335388
0 0.15168627738952636 0.8277843475341797 0.15974358320236204 0.8277843475341797 0.15974358320236204 0.8377574288845062 0.15168627738952636 0.8377574288845062
0 0.5042587280273437 0.3074713134765625 0.5124367290735243 0.3074713134765625 0.5124367290735243 0.3180154526233673 0.5042587280273437 0.3180154526233673
0 0.2300086212158203 0.30783735275268553 0.23814807653427122 0.30783735275268553 0.23814807653427122 0.3190946829319 0.2300086212158203 0.3190946829319
0 0.2589386948092664 0.9757563093749272 0.2669990432858194 0.9757563093749272 0.2669990432858194 0.985857847135374 0.2589386948092664 0.985857847135374
0 0.4664926680805072 0.9764297452256236 0.47203415765813733 0.9764297452256236 0.47203415765813733 0.9851844112846777 0.4664926680805072 0.9851844112846777
0 0.4800945061346904 0.6713633048601252 0.48714731105167436 0.6713633048601252 0.48714731105167436 0.682811714321965 0.4800945061346904 0.682811714321965
