0 0.5006665802001953 0.53125244140625 0.5083782422542572 0.53125244140625 0.5083782422542572 0.5405149215459824 0.5006665802001953 0.5405149215459824
0 0.5167568588256836 0.6872097778320313 0.5246201622486114 0.6872097778320313 0.5246201622486114 0.696974533200264 0.5167568588256836 0.696974533200264
0 0.54014892578125 0.22657979965209962 0.5479132837057114 0.22657979965209962 0.5479132837057114 0.23730087757110596 0.54014892578125 0.23730087757110596
0 0.5217150497436523 0.373526496887207 0.5302859944105147 0.373526496887207 0.5302859944105147 0.38369810104370117 0.5217150497436523 0.38369810104370117
0 0.54802978515625 0.8442034149169921 0.556204474568367 0.8442034149169921 0.556204474568367 0.8550714671611785 0.54802978515625 0.8550714671611785
0 0.4692509078979492 0.8434246063232422 0.4768754822015762 0.8434246063232422 0.4768754822015762 0.8533493810892105 0.4692509078979492 0.8533493810892105
0 0.46951629638671877 0.3738630294799804 0.4770806044340134 0.3738630294799804 0.4770806044340134 0.38455766201019287 0.46951629638671877 0.38455766201019287
0 0.45337608337402346 0.1445948886871338 0.4615924090147019 0.1445948886871338 0.4615924090147019 0.15499587893486022 0.45337608337402346 0.15499587893486022
0 0.5782178497314453 0.8444847869873047 0.5868842506408691 0.8444847869873047 0.5868842506408691 0.8543142932653427 0.5782178497314453 0.8543142932653427
0 0.579061164855957 0.7707399749755859 0.5871025466918945 0.7707399749755859 0.5871025466918945 0.780709735751152 0.579061164855957 0.780709735751152
0 0.507535743713379 0.22752540588378908 0.5152853161096573 0.22752540588378908 0.5152853161096573 0.23767131447792053 0.507535743713379 0.23767131447792053
0 0.5621612167358399 0.5329931259155274 0.5706359952688218 0.5329931259155274 0.5706359952688218 0.5438222801685333 0.5621612167358399 0.5438222801685333
0 0.5072665023803711 0.8448221588134766 0.5150694805383682 0.8448221588134766 0.5150694805383682 0.8546948325634002 0.5072665023803711 0.8546948325634002
0 0.43765159606933596 0.22719873428344728 0.44603473365306856 0.22719873428344728 0.44603473365306856 0.23746287941932678 0.43765159606933596 0.23746287941932678
0 0.44626564025878906 0.37316654205322264 0.45406335473060605 0.37316654205322264 0.45406335473060605 0.3822116833925247 0.44626564025878906 0.3822116833925247
0 0.7739815521240234 0.7633754730224609 0.7825550991296768 0.7633754730224609 0.7825550991296768 0.7731772291660308 0.7739815521240234 0.7731772291660308
0 0.49847751617431635 0.37444942474365234 0.5055939668416977 0.37444942474365234 0.5055939668416977 0.3843071162700653 0.49847751617431635 0.3843071162700653
0 0.4851221466064453 0.7736824798583984 0.49310607135295864 0.7736824798583984 0.49310607135295864 0.7848259818553925 0.4851221466064453 0.7848259818553925
0 0.5481047058105468 0.6222785949707031 0.5561415928602217 0.6222785949707031 0.5561415928602217 0.6320889687538147 0.5481047058105468 0.6320889687538147
0 0.5800777816772461 0.68622314453125 0.5872651445865631 0.68622314453125 0.5872651445865631 0.6969702339172363 0.5800777816772461 0.6969702339172363
0 0.529042854309082 0.46804843902587895 0.537061111330986 0.46804843902587895 0.537061111330986 0.4778419327735901 0.529042854309082 0.4778419327735901
0 0.5845407104492187 0.6251776885986328 0.5925920873880386 0.6251776885986328 0.5925920873880386 0.6345031410455703 0.5845407104492187 0.6345031410455703
0 0.21778474807739256 0.7736834716796875 0.22554660737514495 0.7736834716796875 0.22554660737514495 0.7828237235546112 0.21778474807739256 0.7828237235546112
0 0.5697833251953125 0.47035625457763675 0.578303052186966 0.47035625457763675 0.578303052186966 0.47939293622970586 0.5697833251953125 0.47939293622970586
0 0.4621080780029297 0.47149971008300784 0.4693071216344833 0.47149971008300784 0.4693071216344833 0.48115599334239967 0.4621080780029297 0.48115599334239967
0 0.5375839614868164 0.30826093673706056 0.545139723420143 0.30826093673706056 0.545139723420143 0.3185905635356904 0.5375839614868164 0.3185905635356904
0 0.6018386840820312 0.7693347930908203 0.6095589214563368 0.7693347930908203 0.6095589214563368 0.7781399840116501 0.6018386840820312 0.7781399840116501
0 0.5246627426147461 0.14675665855407716 0.5323588502407074 0.14675665855407716 0.5323588502407074 0.15784972906112674 0.5246627426147461 0.15784972906112674
0 0.5284363937377929 0.5338513565063476 0.5369987624883651 0.5338513565063476 0.5369987624883651 0.543910653591156 0.5284363937377929 0.543910653591156
0 0.5446061325073243 0.6859912872314453 0.5516964423656464 0.6859912872314453 0.5516964423656464 0.6954114151000977 0.5446061325073243 0.6954114151000977
0 0.4667608642578125 0.3040104293823242 0.47428223490715027 0.3040104293823242 0.47428223490715027 0.31413337111473083 0.4667608642578125 0.31413337111473083
0 0.18881269454956054 0.7714281463623047 0.1961307770013809 0.7714281463623047 0.1961307770013809 0.7806558400392531 0.18881269454956054 0.7806558400392531
0 0.5126702499389648 0.3090393257141113 0.5202893537282944 0.3090393257141113 0.5202893537282944 0.3201170682907104 0.5126702499389648 0.3201170682907104
0 0.8197816467285156 0.8381619262695312 0.8278037482500076 0.8381619262695312 0.8278037482500076 0.8479700070619581 0.8197816467285156 0.8479700070619581
0 0.4360370635986328 0.47172676086425785 0.44368907988071443 0.47172676086425785 0.44368907988071443 0.48034528851509095 0.4360370635986328 0.48034528851509095
0 0.5103828048706055 0.7701412963867188 0.5184368431568145 0.7701412963867188 0.5184368431568145 0.7802554225921632 0.5103828048706055 0.7802554225921632
0 0.7696575164794922 0.8371170043945313 0.7783941197395325 0.8371170043945313 0.7783941197395325 0.8472607791423798 0.7696575164794922 0.8472607791423798
0 0.5677865600585937 0.22534448623657224 0.5755007058382033 0.22534448623657224 0.5755007058382033 0.23530185401439666 0.5677865600585937 0.23530185401439666
0 0.12748398780822753 0.8332173156738282 0.1354679125547409 0.8332173156738282 0.1354679125547409 0.8425411474704743 0.12748398780822753 0.8425411474704743
0 0.48584297180175784 0.3057106399536133 0.49315825998783114 0.3057106399536133 0.49315825998783114 0.314897518157959 0.48584297180175784 0.314897518157959
0 0.55311767578125 0.36847782135009766 0.561591922044754 0.36847782135009766 0.561591922044754 0.37834681868553166 0.55311767578125 0.37834681868553166
0 0.2589879608154297 0.7738526916503906 0.26759368121623994 0.7738526916503906 0.26759368121623994 0.7840673840045929 0.2589879608154297 0.7840673840045929
0 0.22490074157714843 0.8425478363037109 0.2323812448978424 0.8425478363037109 0.2323812448978424 0.8523412907123564 0.22490074157714843 0.8523412907123564
0 0.8030235290527343 0.7670176696777343 0.81157832801342 0.7670176696777343 0.81157832801342 0.7774641692638397 0.8030235290527343 0.7774641692638397
0 0.4563349914550781 0.7710942840576172 0.46415630340576175 0.7710942840576172 0.46415630340576175 0.7816792976856232 0.4563349914550781 0.7816792976856232
0 0.5187135314941407 0.6211595916748047 0.5277291101217271 0.6211595916748047 0.5277291101217271 0.6322762119770051 0.5187135314941407 0.6322762119770051
0 0.28428977966308594 0.8520917510986328 0.29283887088298793 0.8520917510986328 0.29283887088298793 0.8625610196590423 0.28428977966308594 0.8625610196590423
0 0.43624755859375 0.8411717224121094 0.4435359960794448 0.8411717224121094 0.4435359960794448 0.850717241168022 0.43624755859375 0.850717241168022
0 0.48590087890625 0.14789824485778807 0.49405850529670714 0.14789824485778807 0.49405850529670714 0.15837648749351502 0.48590087890625 0.15837648749351502
0 0.16304744720458986 0.83791259765625 0.17025614559650423 0.83791259765625 0.17025614559650423 0.8474106800556184 0.16304744720458986 0.8474106800556184
0 0.4795561981201172 0.5348018646240235 0.48674450695514676 0.5348018646240235 0.48674450695514676 0.5442616420984269 0.4795561981201172 0.5442616420984269
0 0.4876396560668945 0.6860448455810547 0.4954036295413971 0.6860448455810547 0.4954036295413971 0.6960502624511717 0.4876396560668945 0.6960502624511717
0 0.47325843811035156 0.2238508224487305 0.48174409925937656 0.2238508224487305 0.48174409925937656 0.2347120761871338 0.47325843811035156 0.2347120761871338
0 0.8479010009765625 0.840364990234375 0.8537278473377228 0.840364990234375 0.8537278473377228 0.8478651201725007 0.8479010009765625 0.8478651201725007
0 0.4980257034301758 0.4641669464111328 0.505645576119423 0.4641669464111328 0.505645576119423 0.47447267770767215 0.4980257034301758 0.47447267770767215
0 0.45043861389160156 0.6178367233276367 0.4581250512599945 0.6178367233276367 0.4581250512599945 0.62762970328331 0.45043861389160156 0.62762970328331
0 0.8366158294677735 0.7740345764160156 0.8448505485057831 0.7740345764160156 0.8448505485057831 0.7830310952663421 0.8366158294677735 0.7830310952663421
0 0.5641561889648438 0.3072771453857422 0.5728952169418335 0.3072771453857422 0.5728952169418335 0.3180437433719635 0.5641561889648438 0.3180437433719635
0 0.4559746170043945 0.6838678741455078 0.4638760375976562 0.6838678741455078 0.4638760375976562 0.6944279050827026 0.4559746170043945 0.6944279050827026
0 0.4871994400024414 0.618791732788086 0.49603560984134676 0.618791732788086 0.49603560984134676 0.6291840744018555 0.4871994400024414 0.6291840744018555
0 0.4503710174560547 0.5355083084106446 0.4585560566186905 0.5355083084106446 0.4585560566186905 0.544487710595131 0.4503710174560547 0.544487710595131
0 0.6060639572143555 0.15622706413269044 0.6143758571147919 0.15622706413269044 0.6143758571147919 0.16679155230522158 0.6060639572143555 0.16679155230522158
0 0.5811793518066406 0.3699781799316406 0.5899989318847656 0.3699781799316406 0.5899989318847656 0.38080381631851196 0.5811793518066406 0.38080381631851196
0 0.12374146226848273 0.7685805042666668 0.12983710080387598 0.7685805042666668 0.12983710080387598 0.7791736501981221 0.12374146226848273 0.7791736501981221
0 0.1810404645011792 0.8386582388901409 0.1914030500113477 0.8386582388901409 0.1914030500113477 0.8484365274422537 0.1810404645011792 0.8484365274422537
0 0.8814293322178622 0.7661359321286385 0.8899632261674129 0.7661359321286385 0.8899632261674129 0.7799885075774646 0.8814293322178622 0.7799885075774646
0 0.8960588647028064 0.8272502355793427 0.9045927586523567 0.8272502355793427 0.9045927586523567 0.8378433815107985 0.8960588647028064 0.8378433815107985
