0 0.805703125 0.228195743560791 0.8135224264860152 0.228195743560791 0.8135224264860152 0.23769171118736268 0.805703125 0.23769171118736268
0 0.8187652587890625 0.3226308822631836 0.8263957178592681 0.3226308822631836 0.8263957178592681 0.33199048936367037 0.8187652587890625 0.33199048936367037
0 0.255766487121582 0.3122313690185547 0.2643536072969436 0.3122313690185547 0.2643536072969436 0.3219425404071808 0.255766487121582 0.3219425404071808
0 0.2748090171813965 0.5191162872314453 0.2826579785346985 0.5191162872314453 0.2826579785346985 0.5293110167980194 0.2748090171813965 0.5293110167980194
0 0.5622994995117188 0.6848698425292968 0.5703902059793472 0.6848698425292968 0.5703902059793472 0.6960210132598877 0.5622994995117188 0.6960210132598877
0 0.5551713562011719 0.8333422088623047 0.5631751233339309 0.8333422088623047 0.5631751233339309 0.8434742033481599 0.5551713562011719 0.8434742033481599
0 0.8302197265625 0.5308513259887695 0.8377343255281449 0.5308513259887695 0.8377343255281449 0.5405388385057448 0.8302197265625 0.5405388385057448
0 0.4864726257324219 0.6864691925048828 0.4949599128961564 0.6864691925048828 0.4949599128961564 0.6969641554355621 0.4864726257324219 0.6969641554355621
0 0.5684577178955078 0.3754195022583008 0.5764232790470124 0.3754195022583008 0.5764232790470124 0.3843317025899888 0.5684577178955078 0.3843317025899888
0 0.2524174499511719 0.5296030044555664 0.2606341898441315 0.5296030044555664 0.2606341898441315 0.539854063987732 0.2524174499511719 0.539854063987732
0 0.2119459915161133 0.8329714965820313 0.21817029118537903 0.8329714965820313 0.21817029118537903 0.8410678261518478 0.2119459915161133 0.8410678261518478
0 0.5259062194824219 0.8336264801025391 0.5334686052799225 0.8336264801025391 0.5334686052799225 0.8438291549682617 0.5259062194824219 0.8438291549682617
0 0.5847756958007813 0.7837320709228516 0.5931653684377671 0.7837320709228516 0.5931653684377671 0.7928172171115876 0.5847756958007813 0.7928172171115876
0 0.5919078826904297 0.5309663009643555 0.5998371893167497 0.5309663009643555 0.5998371893167497 0.5407839876413345 0.5919078826904297 0.5407839876413345
0 0.5720248031616211 0.4679471969604493 0.5801675552129745 0.4679471969604493 0.5801675552129745 0.47799495100975037 0.5720248031616211 0.47799495100975037
0 0.7713187408447265 0.6790518951416016 0.7790186333656309 0.6790518951416016 0.7790186333656309 0.6893817794322968 0.7713187408447265 0.6893817794322968
0 0.8137773132324219 0.6797063446044922 0.8222548127174377 0.6797063446044922 0.8222548127174377 0.6896279573440551 0.8137773132324219 0.6896279573440551
0 0.8108225250244141 0.6261292266845703 0.8182658571004868 0.6261292266845703 0.8182658571004868 0.6352999168634414 0.8108225250244141 0.6352999168634414
0 0.4607611846923828 0.7928945922851562 0.4686487960815429 0.7928945922851562 0.4686487960815429 0.8020449638366698 0.4607611846923828 0.8020449638366698
0 0.4981199645996094 0.8343589019775391 0.5057235729694367 0.8343589019775391 0.5057235729694367 0.8436696887016297 0.4981199645996094 0.8436696887016297
0 0.772037353515625 0.7828047943115234 0.7791190874576568 0.7828047943115234 0.7791190874576568 0.7916158360242843 0.772037353515625 0.7916158360242843
0 0.49793468475341796 0.7816551971435547 0.505768061876297 0.7816551971435547 0.505768061876297 0.7911106657981873 0.49793468475341796 0.7911106657981873
0 0.8373021697998047 0.22609357833862304 0.8444434010982513 0.22609357833862304 0.8444434010982513 0.23556570887565612 0.8373021697998047 0.23556570887565612
0 0.24911336898803707 0.7837557983398438 0.25630667567253107 0.7837557983398438 0.25630667567253107 0.7928901994228365 0.24911336898803707 0.7928901994228365
0 0.795610580444336 0.533719139099121 0.8032709658145905 0.533719139099121 0.8032709658145905 0.5433757388591767 0.795610580444336 0.5433757388591767
0 0.6013934707641602 0.6858053588867188 0.6088788533210755 0.6858053588867188 0.6088788533210755 0.6946090477705001 0.6013934707641602 0.6946090477705001
0 0.8420183563232422 0.3757452392578125 0.8499274361133574 0.3757452392578125 0.8499274361133574 0.38498261749744417 0.8420183563232422 0.38498261749744417
0 0.5216642761230469 0.6872738647460938 0.5287016534805299 0.6872738647460938 0.5287016534805299 0.6971870177984237 0.5216642761230469 0.6971870177984237
0 0.2806119918823242 0.36707439422607424 0.28887092947959897 0.36707439422607424 0.28887092947959897 0.3763643085956574 0.2806119918823242 0.3763643085956574
0 0.7998590087890625 0.3230166244506836 0.8076758259534835 0.3230166244506836 0.8076758259534835 0.3332062339782715 0.7998590087890625 0.3332062339782715
0 0.2091853141784668 0.36657470703125 0.21724758803844454 0.36657470703125 0.21724758803844454 0.3759941631555557 0.2091853141784668 0.3759941631555557
0 0.77917724609375 0.6249290466308594 0.7859093880653383 0.6249290466308594 0.7859093880653383 0.6345871484279633 0.77917724609375 0.6345871484279633
0 0.5224077606201172 0.3152836608886719 0.530557609796524 0.3152836608886719 0.530557609796524 0.3253262174129486 0.5224077606201172 0.3253262174129486
0 0.5622332382202149 0.6324009323120117 0.5710530549287797 0.6324009323120117 0.5710530549287797 0.6421125584840774 0.5622332382202149 0.6421125584840774
0 0.5145876312255859 0.5331203079223633 0.5223791354894638 0.5331203079223633 0.5223791354894638 0.5422784274816513 0.5145876312255859 0.5422784274816513
0 0.47123390197753906 0.37667385101318357 0.47922338604927067 0.37667385101318357 0.47922338604927067 0.38695080399513243 0.47123390197753906 0.38695080399513243
0 0.46597747802734374 0.8345689392089843 0.4735651475191116 0.8345689392089843 0.4735651475191116 0.84509481549263 0.46597747802734374 0.84509481549263
0 0.4948890686035156 0.31457714080810545 0.5026614105701447 0.31457714080810545 0.5026614105701447 0.3249001657962799 0.4948890686035156 0.3249001657962799
0 0.7863089752197265 0.16754098892211913 0.7942685627937317 0.16754098892211913 0.7942685627937317 0.1776573085784912 0.7863089752197265 0.1776573085784912
0 0.7734838104248047 0.5145044708251953 0.7816128414869309 0.5145044708251953 0.7816128414869309 0.523733824491501 0.7734838104248047 0.523733824491501
0 0.5270711135864258 0.6347011947631835 0.5359991019964219 0.6347011947631835 0.5359991019964219 0.6461004984378814 0.5270711135864258 0.6461004984378814
0 0.5506494140625 0.317239990234375 0.5578878170251846 0.317239990234375 0.5578878170251846 0.32726459980010986 0.5506494140625 0.32726459980010986
0 0.846221923828125 0.16769784927368164 0.853961205482483 0.16769784927368164 0.853961205482483 0.17729323625564578 0.846221923828125 0.17729323625564578
0 0.8272435760498047 0.4727349853515625 0.835564820766449 0.4727349853515625 0.835564820766449 0.48207150638103485 0.8272435760498047 0.48207150638103485
0 0.20835020065307616 0.525892105102539 0.21583922028541563 0.525892105102539 0.21583922028541563 0.5353816092014312 0.20835020065307616 0.5353816092014312
0 0.5840199279785157 0.31836393356323245 0.5919833004474641 0.31836393356323245 0.5919833004474641 0.3293080627918244 0.5840199279785157 0.3293080627918244
0 0.8501710510253906 0.32226272583007814 0.8579915350675582 0.32226272583007814 0.8579915350675582 0.33195782840251925 0.8501710510253906 0.33195782840251925
0 0.4581167221069336 0.313715763092041 0.46588915288448335 0.313715763092041 0.46588915288448335 0.3234450989961624 0.4581167221069336 0.3234450989961624
0 0.2338153076171875 0.8278892517089844 0.2416233277320862 0.8278892517089844 0.2416233277320862 0.8364803451299668 0.2338153076171875 0.8364803451299668
0 0.2231900405883789 0.30372467041015627 0.2313717532157898 0.30372467041015627 0.2313717532157898 0.31494399189949035 0.2231900405883789 0.31494399189949035
0 0.16300594329833984 0.3649786376953125 0.169942142367363 0.3649786376953125 0.169942142367363 0.3739519917964936 0.16300594329833984 0.3739519917964936
0 0.7627446746826172 0.16902748107910157 0.7704536753892899 0.16902748107910157 0.7704536753892899 0.17885728418827057 0.7627446746826172 0.17885728418827057
0 0.8785216522216797 0.17211252212524414 0.8847901165485381 0.17211252212524414 0.8847901165485381 0.18059822738170622 0.8785216522216797 0.18059822738170622
0 0.8342697143554687 0.6788568878173828 0.8412054842710496 0.6788568878173828 0.8412054842710496 0.6878239166736603 0.8342697143554687 0.6878239166736603
0 0.912532958984375 0.5317817306518555 0.9195190596580505 0.5317817306518555 0.9195190596580505 0.5407251995801926 0.912532958984375 0.5407251995801926
0 0.20912261962890624 0.47642578124999996 0.21627749860286713 0.47642578124999996 0.21627749860286713 0.48663644075393675 0.20912261962890624 0.48663644075393675
0 0.2605887222290039 0.6215355682373047 0.26861602783203126 0.6215355682373047 0.26861602783203126 0.6319954681396485 0.2605887222290039 0.6319954681396485
0 0.7716464233398438 0.3158877944946289 0.7791146540641786 0.3158877944946289 0.7791146540641786 0.32500503957271576 0.7716464233398438 0.32500503957271576
0 0.44199844360351564 0.38172218322753904 0.44853535592556004 0.38172218322753904 0.44853535592556004 0.3899942654371262 0.44199844360351564 0.3899942654371262
0 0.5526042556762696 0.7860488891601562 0.560246543288231 0.7860488891601562 0.560246543288231 0.7949617612361908 0.5526042556762696 0.7949617612361908
0 0.4730933380126953 0.46527656555175784 0.4800880438089371 0.46527656555175784 0.4800880438089371 0.4739479851722717 0.4730933380126953 0.4739479851722717
0 0.8164222717285157 0.16817283630371094 0.8237858200073241 0.16817283630371094 0.8237858200073241 0.17788471937179565 0.8164222717285157 0.17788471937179565
0 0.5274418640136719 0.7843840026855469 0.536146056652069 0.7843840026855469 0.536146056652069 0.7942034685611725 0.5274418640136719 0.7942034685611725
0 0.7749607849121094 0.3686190414428711 0.7834451448917389 0.3686190414428711 0.7834451448917389 0.37939542293548584 0.7749607849121094 0.37939542293548584
0 0.44289466857910154 0.46607688903808586 0.44997087299823757 0.46607688903808586 0.44997087299823757 0.4746240246295928 0.44289466857910154 0.4746240246295928
0 0.5512955856323242 0.5353150939941407 0.5595465689897535 0.5353150939941407 0.5595465689897535 0.5457173192501068 0.5512955856323242 0.5457173192501068
0 0.2338043212890625 0.6182445526123047 0.24111947655677796 0.6182445526123047 0.24111947655677796 0.6279662197828293 0.2338043212890625 0.6279662197828293
0 0.5955270385742187 0.6320074844360352 0.6026896208524704 0.6320074844360352 0.6026896208524704 0.6405386102199555 0.5955270385742187 0.6405386102199555
0 0.7996163177490234 0.473013916015625 0.8080841177701951 0.473013916015625 0.8080841177701951 0.4829199141263962 0.7996163177490234 0.4829199141263962
0 0.5279802703857421 0.37868728637695315 0.5362500607967376 0.37868728637695315 0.5362500607967376 0.389659343957901 0.5279802703857421 0.389659343957901
0 0.1633226203918457 0.7722737884521484 0.17007040560245512 0.7722737884521484 0.17007040560245512 0.7804826217889785 0.1633226203918457 0.7804826217889785
0 0.7998275756835938 0.7848066711425781 0.8077594256401063 0.7848066711425781 0.8077594256401063 0.7943758291006088 0.7998275756835938 0.7943758291006088
0 0.9122919464111328 0.7762188720703125 0.9175455236434935 0.7762188720703125 0.9175455236434935 0.7832810032367705 0.9122919464111328 0.7832810032367705
0 0.9076804351806641 0.8235973358154298 0.9146040809154511 0.8235973358154298 0.9146040809154511 0.831415686607361 0.9076804351806641 0.831415686607361
0 0.18045820236206056 0.3155375480651855 0.1886511665582657 0.3155375480651855 0.1886511665582657 0.32498880624771115 0.18045820236206056 0.32498880624771115
0 0.5351864242553711 0.4713058090209961 0.5437388575077057 0.4713058090209961 0.5437388575077057 0.480680832862854 0.5351864242553711 0.480680832862854
0 0.18849868774414064 0.6678408050537109 0.1945484870672226 0.6678408050537109 0.1945484870672226 0.6757480990886688 0.18849868774414064 0.6757480990886688
0 0.2088603973388672 0.7832054138183595 0.21540909409523012 0.7832054138183595 0.21540909409523012 0.7926958274841309 0.2088603973388672 0.7926958274841309
0 0.8373339080810547 0.6290468978881836 0.8452334070205688 0.6290468978881836 0.8452334070205688 0.6377307695150376 0.8373339080810547 0.6377307695150376
0 0.14234241485595703 0.8278266143798828 0.14907720386981965 0.8278266143798828 0.14907720386981965 0.8368198126554489 0.14234241485595703 0.8368198126554489
0 0.49118534088134763 0.631812400817871 0.49917855083942403 0.631812400817871 0.49917855083942403 0.6412030392885207 0.49118534088134763 0.6412030392885207
0 0.7820904541015625 0.22383115768432618 0.789883673787117 0.22383115768432618 0.789883673787117 0.23430918216705324 0.7820904541015625 0.23430918216705324
0 0.4400348281860352 0.537777976989746 0.44760913133621216 0.537777976989746 0.44760913133621216 0.5480931162834167 0.4400348281860352 0.5480931162834167
0 0.757703628540039 0.2122991180419922 0.7658668440580367 0.2122991180419922 0.7658668440580367 0.2230191683769226 0.757703628540039 0.2230191683769226
0 0.5875947570800781 0.8309414672851562 0.5956576079130174 0.8309414672851562 0.5956576079130174 0.8403030902147293 0.5875947570800781 0.8403030902147293
0 0.27415430068969726 0.46420185089111327 0.28212713599205014 0.46420185089111327 0.28212713599205014 0.4753414785861969 0.27415430068969726 0.4753414785861969
0 0.8913735198974609 0.3758302307128906 0.8987594836950302 0.3758302307128906 0.8987594836950302 0.38461719810962675 0.8913735198974609 0.38461719810962675
0 0.15876872062683106 0.5207196807861328 0.16586042046546937 0.5207196807861328 0.16586042046546937 0.5288660556077958 0.15876872062683106 0.5288660556077958
0 0.771070556640625 0.47324913024902343 0.778890922665596 0.47324913024902343 0.778890922665596 0.4839738845825195 0.771070556640625 0.4839738845825195
0 0.8156478881835938 0.8158757781982422 0.8227415096759797 0.8158757781982422 0.8227415096759797 0.8247993236780167 0.8156478881835938 0.8247993236780167
0 0.8930532836914062 0.48071624755859377 0.9002637714147568 0.48071624755859377 0.9002637714147568 0.4900123685598373 0.8930532836914062 0.4900123685598373
0 0.7988643646240234 0.8281844329833984 0.8069436568021774 0.8281844329833984 0.8069436568021774 0.8390758085250855 0.7988643646240234 0.8390758085250855
0 0.18836158752441406 0.8303614044189453 0.19552445054054263 0.8303614044189453 0.19552445054054263 0.8398688161373138 0.18836158752441406 0.8398688161373138
0 0.83132080078125 0.4302975845336914 0.8396697241067888 0.4302975845336914 0.8396697241067888 0.44027801871299743 0.83132080078125 0.44027801871299743
0 0.5029763412475586 0.47303215026855466 0.51143006503582 0.47303215026855466 0.51143006503582 0.4836488676071167 0.5029763412475586 0.4836488676071167
0 0.47676734924316405 0.5254416656494141 0.48541417360305783 0.5254416656494141 0.48541417360305783 0.53489302277565 0.47676734924316405 0.53489302277565
0 0.76686767578125 0.8298085784912109 0.7748661202192307 0.8298085784912109 0.7748661202192307 0.8398996984958648 0.76686767578125 0.8398996984958648
0 0.14640945434570313 0.3225220489501953 0.15357017338275908 0.3225220489501953 0.15357017338275908 0.3314805787801743 0.14640945434570313 0.3314805787801743
0 0.8932073974609375 0.33055255889892576 0.9005485308170318 0.33055255889892576 0.9005485308170318 0.33952089250087736 0.8932073974609375 0.33952089250087736
0 0.21122779846191406 0.6746663665771484 0.21911665141582487 0.6746663665771484 0.21911665141582487 0.683537020087242 0.21122779846191406 0.683537020087242
0 0.18603450775146485 0.624179573059082 0.19235837399959566 0.624179573059082 0.19235837399959566 0.6325915539264679 0.18603450775146485 0.6325915539264679
0 0.8691065216064453 0.22229959487915038 0.8774378204345703 0.22229959487915038 0.8774378204345703 0.23153025329113006 0.8691065216064453 0.23153025329113006
0 0.16600549697875977 0.8297686004638671 0.1727143520116806 0.8297686004638671 0.1727143520116806 0.8398887348175047 0.16600549697875977 0.8398887348175047
0 0.8959717559814453 0.22103404998779297 0.9030744856595992 0.22103404998779297 0.9030744856595992 0.23069357514381408 0.8959717559814453 0.23069357514381408
0 0.4960541899642365 0.3793937612843602 0.5024658307978582 0.3793937612843602 0.5024658307978582 0.39102583506911726 0.4960541899642365 0.39102583506911726
0 0.12319509887458907 0.31572346267305806 0.1309806627439869 0.31572346267305806 0.1309806627439869 0.32613110763836706 0.12319509887458907 0.32613110763836706
0 0.12227915018407169 0.3702105451384993 0.13372850881553908 0.3702105451384993 0.13372850881553908 0.38061819010380826 0.12227915018407169 0.38061819010380826
0 0.14746773917329992 0.3677616874996031 0.1557112773879564 0.3677616874996031 0.1557112773879564 0.3800059756940843 0.14746773917329992 0.3800059756940843
0 0.13601838054183255 0.470001493923521 0.14517786744700645 0.470001493923521 0.14517786744700645 0.4785724956596577 0.13601838054183255 0.4785724956596577
0 0.1314386370892456 0.5287740772570306 0.14105609833967817 0.5287740772570306 0.14105609833967817 0.5379572934028916 0.1314386370892456 0.5379572934028916
0 0.21295807054529337 0.6175451666670191 0.22211755745046727 0.6175451666670191 0.22211755745046727 0.6285650260420522 0.21295807054529337 0.6285650260420522
0 0.1602910208405434 0.615096309028123 0.1680765847099412 0.615096309028123 0.1680765847099412 0.6248917395837077 0.1602910208405434 0.6248917395837077
0 0.15433735435218035 0.6634612473963236 0.16395481560261296 0.6634612473963236 0.16395481560261296 0.678154393229701 0.15433735435218035 0.678154393229701
0 0.18364771244873687 0.7754964843758265 0.1900593532823586 0.7754964843758265 0.1900593532823586 0.7883529869800315 0.18364771244873687 0.7883529869800315
0 0.14243002137545427 0.77304762673693 0.1492996365543347 0.77304762673693 0.1492996365543347 0.7834552717022392 0.14243002137545427 0.7834552717022392
0 0.45064675573455626 0.6816485069434896 0.4607221913302475 0.6816485069434896 0.4607221913302475 0.6938927951379705 0.45064675573455626 0.6938927951379705
0 0.4520206787703323 0.6296102821169443 0.46026421698498887 0.6296102821169443 0.46026421698498887 0.6430789991308736 0.4520206787703323 0.6430789991308736
0 0.8694773116012716 0.37921458853980405 0.8790947728517045 0.37921458853980405 0.8790947728517045 0.3877855902759409 0.8694773116012716 0.3877855902759409
0 0.8635236451129086 0.4777811085053776 0.8722251576728238 0.4777811085053776 0.8722251576728238 0.4900253966998587 0.8635236451129086 0.4900253966998587
0 0.867645414220237 0.5341048341999911 0.8754309780896348 0.5341048341999911 0.8754309780896348 0.5469613368041963 0.867645414220237 0.5469613368041963
0 0.866271491184461 0.6296102821169443 0.8735990807085999 0.6296102821169443 0.8735990807085999 0.6406301414919774 0.866271491184461 0.6406301414919774
0 0.8671874398749783 0.6791996493045932 0.8749730037443761 0.6791996493045932 0.8749730037443761 0.6902195086796262 0.8671874398749783 0.6902195086796262
0 0.8942079262452413 0.6798118637143172 0.9056572848767087 0.6798118637143172 0.9056572848767087 0.6908317230893503 0.8942079262452413 0.6908317230893503
0 0.9065732335672262 0.6204270659710834 0.914358797436624 0.6204270659710834 0.914358797436624 0.6338957829850127 0.9065732335672262 0.6338957829850127
0 0.837419107433163 0.7783783836798905 0.8452046713025608 0.7783783836798905 0.8452046713025608 0.7900104574646477 0.837419107433163 0.7900104574646477
0 0.8639816194581672 0.7808272413187869 0.8717671833275654 0.7808272413187869 0.8717671833275654 0.7912348862840959 0.8639816194581672 0.7912348862840959
0 0.8598598503508391 0.8255188932286432 0.8681033885654956 0.8255188932286432 0.8681033885654956 0.8371509670134003 0.8598598503508391 0.8371509670134003
