0 0.14417358044728598 0.019006849064087117 0.14929216910221924 0.019006849064087117 0.14929216910221924 0.029650684539975904 0.14417358044728598 0.029650684539975904
0 0.16493230110340407 0.018626712082805377 0.17147271994026322 0.018626712082805377 0.17147271994026322 0.028130136614848936 0.16493230110340407 0.028130136614848936
0 0.1950751009602331 0.024328766802031512 0.19934059150601072 0.024328766802031512 0.19934059150601072 0.03193150642766636 0.1950751009602331 0.03193150642766636
0 0.2166869197255067 0.018626712082805377 0.22436480270790657 0.018626712082805377 0.22436480270790657 0.025469177745876738 0.2166869197255067 0.025469177745876738
0 0.24938901390980237 0.020147260007932342 0.25479196860112074 0.020147260007932342 0.25479196860112074 0.026229451708440224 0.24938901390980237 0.026229451708440224
0 0.14445794648367113 0.07146575248096756 0.15270456153884138 0.07146575248096756 0.15270456153884138 0.08210958795685634 0.14445794648367113 0.08210958795685634
0 0.16891342561279657 0.0726061634248128 0.1768756746315816 0.0726061634248128 0.1768756746315816 0.0817294509755746 0.16891342561279657 0.0817294509755746
0 0.1936532707783072 0.07412671134993976 0.19962495754239593 0.07412671134993976 0.19962495754239593 0.08439040984454681 0.1936532707783072 0.08439040984454681
0 0.2169712857618919 0.07488698531250325 0.22578663288983244 0.07488698531250325 0.22578663288983244 0.08134931399429288 0.2169712857618919 0.08134931399429288
0 0.24682971958233574 0.06918493059327711 0.2516639422008838 0.06918493059327711 0.2516639422008838 0.07982876606916589 0.24682971958233574 0.07982876606916589
0 0.13933935782873788 0.16231849100730397 0.1464485087383674 0.16231849100730397 0.1464485087383674 0.1695410936516571 0.13933935782873788 0.1695410936516571
0 0.17061962183110765 0.16117808006345874 0.1765913085951964 0.16117808006345874 0.1765913085951964 0.17182191553934753 0.17061962183110765 0.17182191553934753
0 0.19393763681469234 0.15927739515705006 0.20133115376070698 0.15927739515705006 0.20133115376070698 0.1695410936516571 0.19393763681469234 0.1695410936516571
0 0.22095241027128437 0.16726027176396666 0.22777719514452868 0.16726027176396666 0.22777719514452868 0.17676369629601021 0.22095241027128437 0.17676369629601021
0 0.24711408561872092 0.16421917591371268 0.2547919686011208 0.16421917591371268 0.2547919686011208 0.17562328535216495 0.24711408561872092 0.17562328535216495
0 0.14076118801066378 0.21781849027443836 0.14815470495667846 0.21781849027443836 0.14815470495667846 0.22656164084391842 0.14076118801066378 0.22656164084391842
0 0.16521666713978925 0.21477739442418442 0.17289455012218907 0.21477739442418442 0.17289455012218907 0.22770205178776368 0.16521666713978925 0.22770205178776368
0 0.20303734997901807 0.22466095593750973 0.2098621348522624 0.22466095593750973 0.2098621348522624 0.23454451745083504 0.20303734997901807 0.23454451745083504
0 0.2320426856903064 0.2189589012182836 0.23886747056355065 0.2189589012182836 0.23886747056355065 0.2280821887690454 0.2320426856903064 0.2280821887690454
0 0.2610480214015947 0.2235205449936645 0.2687259043839945 0.2235205449936645 0.2687259043839945 0.2341643804695533 0.2610480214015947 0.2341643804695533
0 0.13763316161042682 0.32007533823922707 0.14531104459282668 0.32007533823922707 0.14531104459282668 0.3310993106963976 0.13763316161042682 0.3310993106963976
0 0.1598137124484708 0.32007533823922707 0.16777596146725585 0.32007533823922707 0.16777596146725585 0.3299588997525524 0.1598137124484708 0.3299588997525524
0 0.18313172743205552 0.31931506427666356 0.19166270852361086 0.31931506427666356 0.19166270852361086 0.3276780778648619 0.18313172743205552 0.3276780778648619
0 0.21839311594381777 0.3242568450333262 0.22578663288983244 0.3242568450333262 0.22578663288983244 0.3356609544717784 0.21839311594381777 0.3356609544717784
0 0.2528014063464245 0.32349657107076274 0.2593418251832836 0.32349657107076274 0.2593418251832836 0.33528081749049676 0.2528014063464245 0.33528081749049676
0 0.13848625971958237 0.3675924608994448 0.14531104459282668 0.3675924608994448 0.14531104459282668 0.3786164333566154 0.13848625971958237 0.3786164333566154
0 0.16151990866678187 0.3710136937309806 0.16834469354002624 0.3710136937309806 0.16834469354002624 0.38165752920686924 0.16151990866678187 0.38165752920686924
0 0.18370045950482589 0.37291437863738924 0.19194707455999613 0.37291437863738924 0.19194707455999613 0.3808972552443058 0.18370045950482589 0.3808972552443058
0 0.2084403046703365 0.36721232391816305 0.21441199143442527 0.36721232391816305 0.21441199143442527 0.3786164333566154 0.2084403046703365 0.3786164333566154
0 0.2294833913628398 0.3706335567496988 0.23716127434523962 0.3706335567496988 0.23716127434523962 0.3839383510945598 0.2294833913628398 0.3839383510945598
0 0.129955278628027 0.4713698567893605 0.1367800635012713 0.4713698567893605 0.1367800635012713 0.48087328132140406 0.129955278628027 0.48087328132140406
0 0.1518514634296858 0.46984930886423343 0.15867624830293006 0.46984930886423343 0.15867624830293006 0.4797328703775588 0.1518514634296858 0.4797328703775588
0 0.17431638030411498 0.47060958282679705 0.1808567991409741 0.47060958282679705 0.1808567991409741 0.48087328132140406 0.17431638030411498 0.48087328132140406
0 0.19535946699661824 0.4713698567893605 0.20303734997901807 0.4713698567893605 0.20303734997901807 0.48201369226524926 0.19535946699661824 0.48201369226524926
0 0.22265860648959546 0.4747910896208963 0.2306208555083805 0.4747910896208963 0.2306208555083805 0.4831541032090946 0.22265860648959546 0.4831541032090946
0 0.1325145729554936 0.5223082122811139 0.14047682197427863 0.5223082122811139 0.14047682197427863 0.5344725956821297 0.1325145729554936 0.5344725956821297
0 0.15725441812100419 0.5291506779441854 0.16322610488509295 0.5291506779441854 0.16322610488509295 0.5413150613452011 0.15725441812100419 0.5413150613452011
0 0.18028806706820372 0.5264897190752131 0.18569102175952215 0.5264897190752131 0.18569102175952215 0.5363732805885385 0.18028806706820372 0.5363732805885385
0 0.20047805565155147 0.5242088971875227 0.20758720656118093 0.5242088971875227 0.20758720656118093 0.5348527326634115 0.20047805565155147 0.5348527326634115
0 0.22692409703537314 0.5276301300190583 0.23630817623608408 0.5276301300190583 0.23630817623608408 0.5375136915323837 0.22692409703537314 0.5375136915323837
0 0.1308083767371825 0.6184828685453948 0.13820189368319719 0.6184828685453948 0.13820189368319719 0.6295068410025654 0.1308083767371825 0.6295068410025654
0 0.15412639172076723 0.6173424576015496 0.16123554263039672 0.6173424576015496 0.16123554263039672 0.6287465670400019 0.15412639172076723 0.6287465670400019
0 0.1737476482313446 0.6207636904330853 0.18000370103181856 0.6207636904330853 0.18000370103181856 0.6287465670400019 0.1737476482313446 0.6287465670400019
0 0.20559664430648467 0.6253253342084661 0.21299016125249934 0.6253253342084661 0.21299016125249934 0.6340684847779463 0.20559664430648467 0.6340684847779463
0 0.23801437245439516 0.6230445123207756 0.24370169318209875 0.6230445123207756 0.24370169318209875 0.634448621759228 0.23801437245439516 0.634448621759228
0 0.1350738672829602 0.6739828678125294 0.14161428611981933 0.6739828678125294 0.14161428611981933 0.6838664293258545 0.1350738672829602 0.6838664293258545
0 0.15128273135691545 0.658017114598696 0.15896061433931527 0.658017114598696 0.15896061433931527 0.6690410870558666 0.15128273135691545 0.6690410870558666
0 0.1819942632865148 0.66980136101843 0.18995651230529983 0.66980136101843 0.18995651230529983 0.6789246485691919 0.1819942632865148 0.6789246485691919
0 0.21071523296141795 0.6728424568686839 0.2166869197255067 0.6728424568686839 0.2166869197255067 0.6838664293258544 0.21071523296141795 0.6838664293258544
0 0.23232705172669157 0.6720821829061204 0.23972056867270625 0.6720821829061204 0.23972056867270625 0.6804451964943189 0.23232705172669157 0.6804451964943189
0 0.13166147484633806 0.7724383459645005 0.137917527646812 0.7724383459645005 0.137917527646812 0.7827020444591075 0.13166147484633806 0.7827020444591075
0 0.14815470495667846 0.7792808116275717 0.15412639172076723 0.7792808116275717 0.15412639172076723 0.7899246471034604 0.14815470495667846 0.7899246471034604
0 0.1700508897583373 0.777760263702445 0.176022576522426 0.777760263702445 0.176022576522426 0.7880239621970521 0.1700508897583373 0.7880239621970521
0 0.1336520371010343 0.824517112400099 0.1404768219742786 0.824517112400099 0.1404768219742786 0.8332602629695791 0.1336520371010343 0.8332602629695791
0 0.1544107577571524 0.8290787561754801 0.16095117659401154 0.8290787561754801 0.16095117659401154 0.8374417697636783 0.1544107577571524 0.8374417697636783
0 0.1737476482313446 0.832119852025734 0.1819942632865148 0.832119852025734 0.1819942632865148 0.8401027286326506 0.1737476482313446 0.8401027286326506
0 0.19820312736047 0.7766198527585996 0.20559664430648464 0.7766198527585996 0.20559664430648464 0.7861232772906431 0.19820312736047 0.7861232772906431
0 0.220383678198514 0.7789006746462901 0.22578663288983242 0.7789006746462901 0.22578663288983242 0.7910650580473058 0.220383678198514 0.7910650580473058
0 0.19336890474192198 0.8344006739134245 0.201331153760707 0.8344006739134245 0.201331153760707 0.8420034135390592 0.19336890474192198 0.8420034135390592
0 0.20588101034286985 0.8393424546700872 0.21299016125249937 0.8393424546700872 0.21299016125249937 0.8473253312770037 0.20588101034286985 0.8473253312770037
0 0.24569225543679496 0.836301358819833 0.2530857723828096 0.836301358819833 0.2530857723828096 0.8473253312770037 0.24569225543679496 0.8473253312770037
