0 0.5172470474243164 0.6335607147216797 0.524516263604164 0.6335607147216797 0.524516263604164 0.6440537810325624 0.5172470474243164 0.6440537810325624
0 0.47028564453125 0.15549777030944825 0.477928848862648 0.15549777030944825 0.477928848862648 0.1651393187046051 0.47028564453125 0.1651393187046051
0 0.21011266708374024 0.6761631774902344 0.217536718249321 0.6761631774902344 0.217536718249321 0.6865231835842132 0.21011266708374024 0.6865231835842132
0 0.14833001136779786 0.782234573364258 0.1545978546142578 0.782234573364258 0.1545978546142578 0.791664109826088 0.14833001136779786 0.791664109826088
0 0.507177963256836 0.20937229156494142 0.5141824573278427 0.20937229156494142 0.5141824573278427 0.2178047686815262 0.507177963256836 0.2178047686815262
0 0.2196800422668457 0.7822593688964845 0.22678359985351562 0.7822593688964845 0.22678359985351562 0.7922644698619844 0.2196800422668457 0.7922644698619844
0 0.1811641502380371 0.5298041915893554 0.18794289708137513 0.5298041915893554 0.18794289708137513 0.5385944795608519 0.1811641502380371 0.5385944795608519
0 0.2024198913574219 0.22811878204345704 0.21043093323707582 0.22811878204345704 0.21043093323707582 0.23765590071678164 0.2024198913574219 0.23765590071678164
0 0.4756101989746094 0.7834620666503906 0.48324104249477384 0.7834620666503906 0.48324104249477384 0.7927430474758149 0.4756101989746094 0.7927430474758149
0 0.45325496673583987 0.06270462036132812 0.4608736270666123 0.06270462036132812 0.4608736270666123 0.07111160516738892 0.45325496673583987 0.07111160516738892
0 0.19678163528442383 0.476572265625 0.20431104898452757 0.476572265625 0.20431104898452757 0.48607793807983396 0.19678163528442383 0.48607793807983396
0 0.5255332946777344 0.20810672760009766 0.5328859609365463 0.20810672760009766 0.5328859609365463 0.21745631337165833 0.5255332946777344 0.21745631337165833
0 0.446358642578125 0.21829124450683593 0.4542192548513413 0.21829124450683593 0.4542192548513413 0.22791600227355957 0.446358642578125 0.22791600227355957
0 0.4524322509765625 0.7901094818115234 0.46003955602645874 0.7901094818115234 0.46003955602645874 0.8010248923301697 0.4524322509765625 0.8010248923301697
0 0.5166586303710937 0.4713541412353515 0.5252984172105789 0.4713541412353515 0.5252984172105789 0.48054673135280607 0.5166586303710937 0.48054673135280607
0 0.20223526000976563 0.5299212646484375 0.20888844668865206 0.5299212646484375 0.20888844668865206 0.5385939490795135 0.20223526000976563 0.5385939490795135
0 0.228984375 0.5305346298217773 0.23745910942554474 0.5305346298217773 0.23745910942554474 0.5409462630748749 0.228984375 0.5409462630748749
0 0.4986659240722657 0.8341560363769531 0.5053703874349594 0.8341560363769531 0.5053703874349594 0.8433426970243454 0.4986659240722657 0.8433426970243454
0 0.1941826820373535 0.16314672470092773 0.20120917677879332 0.16314672470092773 0.20120917677879332 0.17270770013332368 0.1941826820373535 0.17270770013332368
0 0.13908510208129882 0.16394283294677733 0.14624755084514618 0.16394283294677733 0.14624755084514618 0.17321457266807555 0.13908510208129882 0.17321457266807555
0 0.47474647521972657 0.3241147994995117 0.4819067800045013 0.3241147994995117 0.4819067800045013 0.3343253803253174 0.47474647521972657 0.3343253803253174
0 0.44698165893554687 0.3241856384277344 0.45525499820709225 0.3241856384277344 0.45525499820709225 0.333357949256897 0.44698165893554687 0.333357949256897
0 0.13390047073364258 0.8265860748291015 0.14023439109325408 0.8265860748291015 0.14023439109325408 0.8345755928754806 0.13390047073364258 0.8345755928754806
0 0.1588514232635498 0.5341089630126953 0.1653311598300934 0.5341089630126953 0.1653311598300934 0.5433320707082748 0.1588514232635498 0.5433320707082748
0 0.4544532775878906 0.3755792999267578 0.4623492276668548 0.3755792999267578 0.4623492276668548 0.3842123353481293 0.4544532775878906 0.3842123353481293
0 0.20562807083129883 0.6269832229614258 0.21382204055786133 0.6269832229614258 0.21382204055786133 0.6367522478103639 0.20562807083129883 0.6367522478103639
0 0.4687063217163086 0.007269690036773681 0.47609024465084077 0.007269690036773681 0.47609024465084077 0.017987148761749266 0.4687063217163086 0.017987148761749266
0 0.520435905456543 0.5264623260498047 0.5277437418699263 0.5264623260498047 0.5277437418699263 0.5359173202514649 0.520435905456543 0.5359173202514649
0 0.48424617767333983 0.21039733886718753 0.4912505531311035 0.21039733886718753 0.4912505531311035 0.2185383576154709 0.48424617767333983 0.2185383576154709
0 0.19337137222290038 0.08084214210510254 0.20015789628028868 0.08084214210510254 0.20015789628028868 0.08947893798351289 0.19337137222290038 0.08947893798351289
0 0.4997874450683594 0.7858751678466797 0.5073371154069901 0.7858751678466797 0.5073371154069901 0.7940929347276687 0.4997874450683594 0.7940929347276687
0 0.17012292861938477 0.16519882202148437 0.1765339857339859 0.16519882202148437 0.1765339857339859 0.1745525586605072 0.17012292861938477 0.1745525586605072
0 0.13461139678955078 0.6772159576416017 0.14184418082237246 0.6772159576416017 0.14184418082237246 0.6864740103483201 0.13461139678955078 0.6864740103483201
0 0.5263493347167969 0.3145089912414551 0.5335556232929229 0.3145089912414551 0.5335556232929229 0.32392502784729005 0.5263493347167969 0.32392502784729005
0 0.5392577743530274 0.6848389434814454 0.5464758914709092 0.6848389434814454 0.5464758914709092 0.6949325144290925 0.5392577743530274 0.6949325144290925
0 0.22350379943847656 0.47768024444580076 0.2319569909572601 0.47768024444580076 0.2319569909572601 0.4872265541553497 0.22350379943847656 0.4872265541553497
0 0.1695748519897461 0.7807039642333984 0.17643582165241242 0.7807039642333984 0.17643582165241242 0.7909589767456053 0.1695748519897461 0.7909589767456053
0 0.17341167449951173 0.6228250503540039 0.1807371646165848 0.6228250503540039 0.1807371646165848 0.6315385699272156 0.17341167449951173 0.6315385699272156
0 0.5313467025756836 0.1590376091003418 0.5385521632432938 0.1590376091003418 0.5385521632432938 0.16875126063823698 0.5313467025756836 0.16875126063823698
0 0.5409740829467773 0.471944580078125 0.5495437854528427 0.471944580078125 0.5495437854528427 0.4809483724832535 0.5409740829467773 0.4809483724832535
0 0.49508560180664063 0.6893583679199219 0.5031129670143127 0.6893583679199219 0.5031129670143127 0.6992285907268525 0.49508560180664063 0.6992285907268525
0 0.5479019165039063 0.36185169219970703 0.555875107049942 0.36185169219970703 0.555875107049942 0.3706290930509567 0.5479019165039063 0.3706290930509567
0 0.5020617294311523 0.31589237213134763 0.5093606942892074 0.31589237213134763 0.5093606942892074 0.3256145334243774 0.5020617294311523 0.3256145334243774
0 0.45094650268554687 0.8416957092285157 0.4579607844352722 0.8416957092285157 0.4579607844352722 0.8522072756290436 0.45094650268554687 0.8522072756290436
0 0.45295257568359376 0.6325658798217774 0.45948469758033755 0.6325658798217774 0.45948469758033755 0.6424202507734299 0.45295257568359376 0.6424202507734299
0 0.1344819927215576 0.5290599822998047 0.14186248540878296 0.5290599822998047 0.14186248540878296 0.5377653586864471 0.1344819927215576 0.5377653586864471
0 0.22056425094604493 0.16992618560791015 0.227490913271904 0.16992618560791015 0.227490913271904 0.17961421191692353 0.22056425094604493 0.17961421191692353
0 0.50075439453125 0.5245143508911133 0.5078499680757524 0.5245143508911133 0.5078499680757524 0.5346336555480957 0.50075439453125 0.5346336555480957
0 0.17493545532226562 0.8346218109130861 0.1821790772676468 0.8346218109130861 0.1821790772676468 0.8432908588647844 0.17493545532226562 0.8432908588647844
0 0.19414083480834962 0.8375004577636719 0.20089391350746158 0.8375004577636719 0.20089391350746158 0.8453462421894073 0.19414083480834962 0.8453462421894073
0 0.5099074935913086 0.15947968482971192 0.5169472366571427 0.15947968482971192 0.5169472366571427 0.16887763619422913 0.5099074935913086 0.16887763619422913
0 0.5524549865722657 0.8363774871826172 0.5597149765491487 0.8363774871826172 0.5597149765491487 0.8453483110666274 0.5524549865722657 0.8453483110666274
0 0.23738954544067384 0.627202033996582 0.2447490429878235 0.627202033996582 0.2447490429878235 0.6367826163768768 0.23738954544067384 0.6367826163768768
0 0.44760177612304686 0.5285619354248047 0.45421826481819144 0.5285619354248047 0.45421826481819144 0.5382506340742111 0.44760177612304686 0.5382506340742111
0 0.2323313331604004 0.22157049179077148 0.23929893672466276 0.22157049179077148 0.23929893672466276 0.23113998591899873 0.2323313331604004 0.23113998591899873
0 0.19371585845947265 0.029037086963653563 0.19997481584548948 0.029037086963653563 0.19997481584548948 0.03711852252483368 0.19371585845947265 0.03711852252483368
0 0.13063426971435546 0.6226495742797852 0.13764430820941922 0.6226495742797852 0.13764430820941922 0.6314546072483063 0.13063426971435546 0.6314546072483063
0 0.4666789627075195 0.21761728286743165 0.4731438100337982 0.21761728286743165 0.4731438100337982 0.22782970190048216 0.4666789627075195 0.22782970190048216
0 0.1312444019317627 0.4755216598510742 0.13876232743263245 0.4755216598510742 0.13876232743263245 0.4850627118349075 0.1312444019317627 0.4850627118349075
0 0.23193016052246093 0.6741609954833985 0.2395076423883438 0.6741609954833985 0.2395076423883438 0.6837310230731964 0.23193016052246093 0.6837310230731964
0 0.5173360061645508 0.0053754615783691406 0.5245462572574616 0.0053754615783691406 0.5245462572574616 0.0156965172290802 0.5173360061645508 0.0156965172290802
0 0.5288372802734375 0.8324179077148437 0.5357603347301483 0.8324179077148437 0.5357603347301483 0.8423216521739959 0.5288372802734375 0.8423216521739959
0 0.47557090759277343 0.4753752899169922 0.4830813366174698 0.4753752899169922 0.4830813366174698 0.48528176248073573 0.47557090759277343 0.48528176248073573
0 0.49404689788818357 0.012493025064468385 0.5012823140621184 0.012493025064468385 0.5012823140621184 0.020968469381332396 0.49404689788818357 0.020968469381332396
0 0.16100847244262695 0.3238224411010742 0.16847002029418945 0.3238224411010742 0.16847002029418945 0.3335436534881592 0.16100847244262695 0.3335436534881592
0 0.5374438858032227 0.6310808563232422 0.5447107362747192 0.6310808563232422 0.5447107362747192 0.6403938567638398 0.5374438858032227 0.6403938567638398
0 0.14851022720336915 0.21679359436035156 0.15719479978084566 0.21679359436035156 0.15719479978084566 0.22677217066287994 0.14851022720336915 0.22677217066287994
0 0.15446825981140136 0.8306581115722657 0.1610240238904953 0.8306581115722657 0.1610240238904953 0.8404758375883102 0.15446825981140136 0.8404758375883102
0 0.21716314315795898 0.023806107044219975 0.2240003377199173 0.023806107044219975 0.2240003377199173 0.031662631630897525 0.21716314315795898 0.031662631630897525
0 0.471256217956543 0.5272687149047851 0.4780634415149689 0.5272687149047851 0.4780634415149689 0.5359718775749206 0.471256217956543 0.5359718775749206
0 0.1618107795715332 0.37495391845703124 0.16841515898704526 0.37495391845703124 0.16841515898704526 0.3849850308895111 0.1618107795715332 0.3849850308895111
0 0.197822208404541 0.7785155487060548 0.20554433822631837 0.7785155487060548 0.20554433822631837 0.788149853348732 0.197822208404541 0.788149853348732
0 0.47343421936035157 0.06127027034759522 0.48107452571392056 0.06127027034759522 0.48107452571392056 0.07090169847011567 0.47343421936035157 0.07090169847011567
0 0.49755794525146485 0.05458709716796875 0.5047666585445404 0.05458709716796875 0.5047666585445404 0.0633008736371994 0.49755794525146485 0.0633008736371994
0 0.5398289108276367 0.008998193144798279 0.5477996170520782 0.008998193144798279 0.5477996170520782 0.018143149614334105 0.5398289108276367 0.018143149614334105
0 0.22989608764648437 0.37401309967041013 0.2374764823913574 0.37401309967041013 0.2374764823913574 0.3844992876052856 0.22989608764648437 0.3844992876052856
0 0.21700290679931641 0.07821751594543457 0.2243982297182083 0.07821751594543457 0.2243982297182083 0.08799977362155914 0.21700290679931641 0.08799977362155914
0 0.182989501953125 0.3213800811767578 0.1910164678096771 0.3213800811767578 0.1910164678096771 0.3314385282993317 0.182989501953125 0.3314385282993317
0 0.20722816467285157 0.840262451171875 0.21306704699993134 0.840262451171875 0.21306704699993134 0.8489085710048676 0.20722816467285157 0.8489085710048676
0 0.14424482345581055 0.0250765061378479 0.14996639609336854 0.0250765061378479 0.14996639609336854 0.032163015007972716 0.14424482345581055 0.032163015007972716
0 0.4687533187866211 0.6318714904785157 0.4765718513727188 0.6318714904785157 0.4765718513727188 0.6414469736814499 0.4687533187866211 0.6414469736814499
0 0.44835514068603516 0.6847670745849609 0.4550759571790695 0.6847670745849609 0.4550759571790695 0.6947026020288467 0.44835514068603516 0.6947026020288467
0 0.18181917190551758 0.6715313720703125 0.1897256940603256 0.6715313720703125 0.1897256940603256 0.6812890911102295 0.18181917190551758 0.6812890911102295
0 0.13827670097351075 0.32317825317382814 0.1449326229095459 0.32317825317382814 0.1449326229095459 0.3329375332593918 0.13827670097351075 0.3329375332593918
0 0.5538848495483398 0.3178987503051758 0.561612007021904 0.3178987503051758 0.561612007021904 0.3286189591884613 0.5538848495483398 0.3286189591884613
0 0.14076394081115723 0.2191922187805176 0.14816204369068148 0.2191922187805176 0.14816204369068148 0.22801541566848757 0.14076394081115723 0.22801541566848757
0 0.47288047790527343 0.6865092468261719 0.4809183996915817 0.6865092468261719 0.4809183996915817 0.6973007678985594 0.47288047790527343 0.6973007678985594
0 0.5031999969482421 0.366494255065918 0.510960687994957 0.366494255065918 0.510960687994957 0.37585105538368224 0.5031999969482421 0.37585105538368224
0 0.21821760177612304 0.3270153045654297 0.22651394724845883 0.3270153045654297 0.22651394724845883 0.33832414269447325 0.21821760177612304 0.33832414269447325
0 0.5263433456420898 0.3608884048461914 0.5337120395898819 0.3608884048461914 0.5337120395898819 0.3705709761381149 0.5263433456420898 0.3705709761381149
0 0.5178194427490235 0.05558720111846924 0.5243752217292788 0.05558720111846924 0.5243752217292788 0.0645535534620285 0.5178194427490235 0.0645535534620285
0 0.16937986373901368 0.07778646469116211 0.17675334811210633 0.07778646469116211 0.17675334811210633 0.08816651821136476 0.16937986373901368 0.08816651821136476
0 0.1385258674621582 0.37118766784667967 0.1451954513788223 0.37118766784667967 0.1451954513788223 0.3808754968643189 0.1385258674621582 0.3808754968643189
0 0.24645414352416992 0.1670869445800781 0.25439109444618224 0.1670869445800781 0.25439109444618224 0.1780118417739868 0.24645414352416992 0.1780118417739868
0 0.13188501358032226 0.7759181976318359 0.1390121692419052 0.7759181976318359 0.1390121692419052 0.7846079593896865 0.13188501358032226 0.7846079593896865
0 0.547232780456543 0.5272248077392578 0.5556005704402924 0.5272248077392578 0.5556005704402924 0.5366120857000352 0.547232780456543 0.5366120857000352
0 0.4903052520751953 0.16120973587036133 0.497124274969101 0.16120973587036133 0.497124274969101 0.17191411256790162 0.4903052520751953 0.17191411256790162
0 0.2520511817932129 0.32698516845703124 0.2594310539960861 0.32698516845703124 0.2594310539960861 0.33790081620216367 0.2520511817932129 0.33790081620216367
0 0.2611978530883789 0.22701969146728512 0.2691170465946197 0.22701969146728512 0.2691170465946197 0.2377776718139648 0.2611978530883789 0.2377776718139648
0 0.4757170486450195 0.8401951599121094 0.48302429318428036 0.8401951599121094 0.48302429318428036 0.8505055952072142 0.4757170486450195 0.8505055952072142
0 0.5222142028808594 0.6820878601074218 0.52880357503891 0.6820878601074218 0.52880357503891 0.6920561188459396 0.5222142028808594 0.6920561188459396
0 0.2453902244567871 0.07566848754882813 0.25258375287055973 0.07566848754882813 0.25258375287055973 0.08415648043155671 0.2453902244567871 0.08415648043155671
0 0.5261360549926758 0.7864949798583984 0.5335935217142105 0.7864949798583984 0.5335935217142105 0.7971918654441834 0.5261360549926758 0.7971918654441834
0 0.208387451171875 0.3708610534667969 0.2154854792356491 0.3708610534667969 0.2154854792356491 0.3808674192428589 0.208387451171875 0.3808674192428589
0 0.5424003601074219 0.05384285449981689 0.5499665313959122 0.05384285449981689 0.5499665313959122 0.06273052096366882 0.5424003601074219 0.06273052096366882
0 0.49507293701171873 0.6299033737182618 0.5033183610439301 0.6299033737182618 0.5033183610439301 0.640213966369629 0.49507293701171873 0.640213966369629
0 0.44803009033203123 0.15983335494995118 0.4561809158325195 0.15983335494995118 0.4561809158325195 0.17114285469055177 0.44803009033203123 0.17114285469055177
0 0.2449915313720703 0.838448486328125 0.25366588652133937 0.838448486328125 0.25366588652133937 0.8498502016067504 0.2449915313720703 0.8498502016067504
0 0.47985023498535156 0.3705058288574219 0.48786074459552764 0.3705058288574219 0.48786074459552764 0.38132525920867916 0.47985023498535156 0.38132525920867916
0 0.44854461669921875 0.4744697570800781 0.45625527322292325 0.4744697570800781 0.45625527322292325 0.48529760718345644 0.44854461669921875 0.48529760718345644
0 0.4925277328491211 0.47349517822265624 0.4999354606866836 0.47349517822265624 0.4999354606866836 0.48328100323677065 0.4925277328491211 0.48328100323677065
0 0.1644325065612793 0.024499316215515137 0.17197017073631288 0.024499316215515137 0.17197017073631288 0.03475669622421265 0.1644325065612793 0.03475669622421265
0 0.15163708686828614 0.6608788299560547 0.15926713168621065 0.6608788299560547 0.15926713168621065 0.669822536110878 0.15163708686828614 0.669822536110878
0 0.2481388270674386 0.02448857638896236 0.2548002720893833 0.02448857638896236 0.2548002720893833 0.031723837594792144 0.2481388270674386 0.031723837594792144
0 0.14447008891342483 0.07791819760124388 0.15238055487698413 0.07791819760124388 0.15238055487698413 0.08737969302425207 0.14447008891342483 0.08737969302425207
0 0.18402241873122127 0.3695548800516138 0.19193288469478054 0.3695548800516138 0.19193288469478054 0.38124260969180046 0.18402241873122127 0.38124260969180046
0 0.15404591613247026 0.4747444468132931 0.16070736115441495 0.4747444468132931 0.16070736115441495 0.483092825127712 0.15404591613247026 0.483092825127712
0 0.1736139108844327 0.4747444468132931 0.18194071716186355 0.4747444468132931 0.18194071716186355 0.483092825127712 0.1736139108844327 0.483092825127712
0 0.15446225644634182 0.6183365538212996 0.1602910208405434 0.6183365538212996 0.1602910208405434 0.6328070762329593 0.15446225644634182 0.6328070762329593
0 0.5437404499162329 0.7853041201096795 0.5524835965075352 0.7853041201096795 0.5524835965075352 0.7975484083041606 0.5437404499162329 0.7975484083041606
0 0.4496475389812645 0.0055655855429459925 0.45714166463095224 0.0055655855429459925 0.45714166463095224 0.013913963857364977 0.4496475389812645 0.013913963857364977
