0 0.4421284849965593 0.3022984424051271 0.4521068892133152 0.3022984424051271 0.4521068892133152 0.31011786011009257 0.4421284849965593 0.31011786011009257
0 0.481698018959557 0.29999861366837255 0.4896119257521565 0.29999861366837255 0.4896119257521565 0.30919792861539075 0.481698018959557 0.30919792861539075
0 0.5013107444890429 0.3013785109104253 0.5106009828977468 0.3013785109104253 0.5106009828977468 0.3114977573521453 0.5013107444890429 0.3114977573521453
0 0.5426006929721708 0.30505823688923256 0.5505145997647705 0.30505823688923256 0.5505145997647705 0.31333762034154894 0.5426006929721708 0.31333762034154894
0 0.44178440209253333 0.35335464036107794 0.450730557597211 0.35335464036107794 0.450730557597211 0.3625539553080962 0.44178440209253333 0.3625539553080962
0 0.4806657702474788 0.35427457185577976 0.48823559413605233 0.35427457185577976 0.48823559413605233 0.3620939895607451 0.4806657702474788 0.3620939895607451
0 0.5106009828977467 0.35519450335048147 0.5185148896903461 0.35519450335048147 0.5185148896903461 0.36485378404485064 0.5106009828977467 0.36485378404485064
0 0.5467296878204837 0.35657440059253437 0.5539554288050312 0.35657440059253437 0.5539554288050312 0.36623368128690337 0.5467296878204837 0.36623368128690337
0 0.5818261440311426 0.35519450335048147 0.5890518850156898 0.35519450335048147 0.5890518850156898 0.36393385255014876 0.5818261440311426 0.36393385255014876
0 0.4386876559562986 0.46558628271469954 0.4441929824207157 0.46558628271469954 0.4441929824207157 0.4757055291564195 0.4386876559562986 0.4757055291564195
0 0.4882355941360522 0.46558628271469954 0.49614950092865184 0.46558628271469954 0.49614950092865184 0.4747855976617178 0.4882355941360522 0.4747855976617178
0 0.5264287964829457 0.4738656661670159 0.533310454563467 0.4738656661670159 0.533310454563467 0.483524946861385 0.5264287964829457 0.483524946861385
0 0.48513884799981766 0.5102029602077377 0.4923645889843651 0.5102029602077377 0.4923645889843651 0.5198622409021068 0.48513884799981766 0.5198622409021068
0 0.45761221567773236 0.5359610420593885 0.4655261224703319 0.5359610420593885 0.4655261224703319 0.5419405967749503 0.45761221567773236 0.5419405967749503
0 0.517482640978268 0.5180223779127031 0.5240202161547632 0.5180223779127031 0.5240202161547632 0.5272216928597213 0.517482640978268 0.5272216928597213
0 0.568406910774126 0.45730689926238316 0.5756326517586735 0.45730689926238316 0.5756326517586735 0.46696617995675227 0.568406910774126 0.46696617995675227
0 0.609696859257254 0.46880604294615597 0.6165785173377754 0.46880604294615597 0.6165785173377754 0.4766254606511214 0.609696859257254 0.4766254606511214
0 0.559460755269448 0.5203222066494577 0.568406910774126 0.5203222066494577 0.568406910774126 0.5295215215964758 0.559460755269448 0.5295215215964758
0 0.6031592840807588 0.5143426519338958 0.6107291079693322 0.5143426519338958 0.6107291079693322 0.5240019326282649 0.6031592840807588 0.5240019326282649
