0 0.4536746588887743 0.31561607777721595 0.45907761358009264 0.31561607777721595 0.45907761358009264 0.32435922834669606 0.4536746588887743 0.32435922834669606
0 0.4727271833265812 0.31561607777721595 0.47869887009067 0.31561607777721595 0.47869887009067 0.3232188174028508 0.4727271833265812 0.3232188174028508
0 0.4934859039826993 0.3163763517397794 0.5000263228195584 0.3163763517397794 0.5000263228195584 0.324359228346696 0.4934859039826993 0.324359228346696
0 0.5111165982385805 0.31751676268362466 0.5153820887843581 0.31751676268362466 0.5153820887843581 0.32664005023438647 0.5111165982385805 0.32664005023438647
0 0.5304534887127726 0.3159962147584977 0.537278273586017 0.3159962147584977 0.537278273586017 0.3254996392905413 0.5304534887127726 0.3254996392905413
0 0.45680268528901125 0.37833867968870344 0.46419620223502595 0.37833867968870344 0.46419620223502595 0.38784210422074705 0.45680268528901125 0.38784210422074705
0 0.4823956285636774 0.3726366249694773 0.4892204134369217 0.3726366249694773 0.4892204134369217 0.3825201864828025 0.4823956285636774 0.3825201864828025
0 0.5077042058019583 0.37187635100691385 0.5119696963477361 0.37187635100691385 0.5119696963477361 0.3809996385576756 0.5077042058019583 0.3809996385576756
0 0.527894194385306 0.36807498119409643 0.5335815151130097 0.36807498119409643 0.5335815151130097 0.3764379947822947 0.527894194385306 0.3764379947822947
0 0.5489372810778094 0.3688352551566599 0.5554776999146686 0.3688352551566599 0.5554776999146686 0.376057857801013 0.5489372810778094 0.376057857801013
0 0.4596463456528631 0.47641402085939283 0.4664711305261074 0.47641402085939283 0.4664711305261074 0.48705785633528165 0.4596463456528631 0.48705785633528165
0 0.4858080210002996 0.4798352536909286 0.492632805873544 0.4798352536909286 0.492632805873544 0.4881982672791269 0.4858080210002996 0.4881982672791269
0 0.5122540623841213 0.4843968974663095 0.5176570170754398 0.4843968974663095 0.5176570170754398 0.49275991105450784 0.5122540623841213 0.49275991105450784
0 0.5441030584592614 0.4790749797283651 0.5495060131505798 0.4790749797283651 0.5495060131505798 0.48933867822297217 0.5441030584592614 0.48933867822297217
0 0.5659992432609201 0.4802153906722102 0.5742458583160904 0.4802153906722102 0.5742458583160904 0.48553730841015463 0.5659992432609201 0.48553730841015463
0 0.4858080210002996 0.5357153899393448 0.4932015379463143 0.5357153899393448 0.4932015379463143 0.5448386774901065 0.4858080210002996 0.5448386774901065
0 0.5079885718383436 0.5345749789954996 0.5145289906752027 0.5345749789954996 0.5145289906752027 0.5425578556024161 0.5079885718383436 0.5425578556024161
0 0.5318753188946986 0.5281126503137099 0.5384157377315578 0.5281126503137099 0.5384157377315578 0.53685580088319 0.5318753188946986 0.53685580088319
0 0.5526340395508167 0.5265921023885829 0.5583213602785202 0.5265921023885829 0.5583213602785202 0.536475663901908 0.5526340395508167 0.536475663901908
0 0.45424339096154465 0.6258078545031177 0.4616369079075593 0.6258078545031177 0.4616369079075593 0.634170868091316 0.45424339096154465 0.634170868091316
0 0.48040506630898117 0.6280886763908081 0.48609238703668484 0.6280886763908081 0.48609238703668484 0.6368318269602882 0.48040506630898117 0.6368318269602882
0 0.4545277569979298 0.6839688126392244 0.46106817583478893 0.6839688126392244 0.46106817583478893 0.691951689246141 0.4545277569979298 0.691951689246141
0 0.4806894323453663 0.6839688126392244 0.48808294929138096 0.6839688126392244 0.48808294929138096 0.6908112783022957 0.4806894323453663 0.6908112783022957
0 0.5068511076928028 0.6277085394095264 0.5125384284205063 0.6277085394095264 0.5125384284205063 0.6379722379041335 0.5068511076928028 0.6379722379041335
0 0.5290316585308469 0.6216263477090185 0.535572077367706 0.6216263477090185 0.535572077367706 0.6303694982784985 0.5290316585308469 0.6303694982784985
0 0.553202771623587 0.6197256628026098 0.5597431904604462 0.6197256628026098 0.5597431904604462 0.6307496352597803 0.553202771623587 0.6307496352597803
0 0.5057136435472621 0.6881503194333234 0.5108322322021953 0.6881503194333234 0.5108322322021953 0.6980338809466488 0.5057136435472621 0.6980338809466488
0 0.5301691226763875 0.6832085386766609 0.5367095415132466 0.6832085386766609 0.5367095415132466 0.6923318262274225 0.5301691226763875 0.6923318262274225
0 0.5537715036963574 0.682828401695379 0.5603119225332165 0.682828401695379 0.5603119225332165 0.6908112783022955 0.5537715036963574 0.6908112783022955
0 0.46476493430779625 0.7900270304168305 0.4713053531446553 0.7900270304168305 0.4713053531446553 0.7983900440050288 0.46476493430779625 0.7983900440050288
0 0.4593619796164778 0.843626344777556 0.46647113052610734 0.843626344777556 0.46647113052610734 0.8523694953470361 0.4593619796164778 0.8523694953470361
0 0.49206407380077344 0.791927715323239 0.4994575907467882 0.791927715323239 0.4994575907467882 0.8010510028740008 0.49206407380077344 0.8010510028740008
0 0.5162351868935138 0.8428660708149925 0.523059971766758 0.8428660708149925 0.523059971766758 0.8512290844031909 0.5162351868935138 0.8512290844031909
0 0.5222068736576024 0.790407167398112 0.5273254623125359 0.790407167398112 0.5273254623125359 0.8002907289114373 0.5222068736576024 0.8002907289114373
0 0.5415437641317946 0.8424859338337108 0.5475154508958833 0.8424859338337108 0.5475154508958833 0.8516092213844726 0.5415437641317946 0.8516092213844726
0 0.5466623527867279 0.7881263455104217 0.5517809414416612 0.7881263455104217 0.5517809414416612 0.7976297700424653 0.5466623527867279 0.7976297700424653
0 0.5665679753336904 0.7907873043793939 0.5736771262433199 0.7907873043793939 0.5736771262433199 0.799530454948874 0.5665679753336904 0.799530454948874
0 0.5620181187515275 0.8405852489273014 0.5685585375883867 0.8405852489273014 0.5685585375883867 0.8489482625154998 0.5620181187515275 0.8489482625154998
0 0.5822081073348754 0.8398249749647385 0.5893172582445049 0.8398249749647385 0.5893172582445049 0.8485681255342186 0.5822081073348754 0.8485681255342186
