0 0.8296554565429688 0.6155640792846679 0.8370607006549835 0.6155640792846679 0.8370607006549835 0.6248422133922577 0.8296554565429688 0.6248422133922577
0 0.5168983840942383 0.45714118957519534 0.5253267359733581 0.45714118957519534 0.5253267359733581 0.4675051879882813 0.5168983840942383 0.4675051879882813
0 0.7811481475830078 0.6787796783447265 0.7879022908210754 0.6787796783447265 0.7879022908210754 0.6866309183835982 0.7811481475830078 0.6866309183835982
0 0.814525146484375 0.5194376373291015 0.822676237821579 0.5194376373291015 0.822676237821579 0.5306347417831421 0.814525146484375 0.5306347417831421
0 0.8353099822998047 0.6781906127929689 0.8431380957365036 0.6781906127929689 0.8431380957365036 0.6868882805109024 0.8353099822998047 0.6868882805109024
0 0.7908004760742188 0.6166128921508789 0.7981516045331957 0.6166128921508789 0.7981516045331957 0.6272237193584442 0.7908004760742188 0.6272237193584442
0 0.7659458923339844 0.7836001586914062 0.774034942984581 0.7836001586914062 0.774034942984581 0.7930105620622634 0.7659458923339844 0.7930105620622634
0 0.5473506546020508 0.46036014556884763 0.5554758417606354 0.46036014556884763 0.5554758417606354 0.4694390457868576 0.5473506546020508 0.4694390457868576
0 0.5793199157714843 0.46735759735107424 0.5872668468952178 0.46735759735107424 0.5872668468952178 0.47738151550292973 0.5793199157714843 0.47738151550292973
0 0.46010520935058596 0.8259382629394532 0.467699089050293 0.8259382629394532 0.467699089050293 0.8344983643293381 0.46010520935058596 0.8344983643293381
0 0.47559959411621094 0.5195024108886719 0.48268348693847657 0.5195024108886719 0.48268348693847657 0.5298311877250672 0.47559959411621094 0.5298311877250672
0 0.5376999282836914 0.8245645141601563 0.5444111931324004 0.8245645141601563 0.5444111931324004 0.8339264529943468 0.5376999282836914 0.8339264529943468
0 0.7944880676269531 0.45485630035400393 0.8034673917293549 0.45485630035400393 0.8034673917293549 0.4659265518188477 0.7944880676269531 0.4659265518188477
0 0.5805757904052734 0.5209476089477539 0.5882006901502609 0.5209476089477539 0.5882006901502609 0.5303954482078553 0.5805757904052734 0.5303954482078553
0 0.5070867156982422 0.8342401885986328 0.5140454334020614 0.8342401885986328 0.5140454334020614 0.8435486030578613 0.5070867156982422 0.8435486030578613
0 0.553363037109375 0.7292715454101563 0.5615379631519317 0.7292715454101563 0.5615379631519317 0.7386832141876222 0.553363037109375 0.7386832141876222
0 0.523364143371582 0.5236920547485352 0.5316998779773712 0.5236920547485352 0.5316998779773712 0.533941296339035 0.523364143371582 0.533941296339035
0 0.5177595138549804 0.6789281463623047 0.5257937395572662 0.6789281463623047 0.5257937395572662 0.6899275982379913 0.5177595138549804 0.6899275982379913
0 0.4537633514404297 0.7823606872558594 0.4610176634788513 0.7823606872558594 0.4610176634788513 0.7914527118206025 0.4537633514404297 0.7914527118206025
0 0.5871818542480469 0.6886087036132813 0.5953169178962708 0.6886087036132813 0.5953169178962708 0.6993328654766083 0.5871818542480469 0.6993328654766083
0 0.5784333801269531 0.8240979003906249 0.5866910463571547 0.8240979003906249 0.5866910463571547 0.8340981781482697 0.5784333801269531 0.8340981781482697
0 0.7997787475585938 0.7817478179931641 0.8078203660249711 0.7817478179931641 0.8078203660249711 0.7917927658557892 0.7997787475585938 0.7917927658557892
0 0.8986781311035156 0.6167688369750977 0.9053996276855468 0.6167688369750977 0.9053996276855468 0.62481116771698 0.8986781311035156 0.62481116771698
0 0.9008911895751953 0.46893226623535156 0.9084309238195419 0.46893226623535156 0.9084309238195419 0.4781010591983795 0.9008911895751953 0.4781010591983795
0 0.5136500167846679 0.63203857421875 0.5211877405643462 0.63203857421875 0.5211877405643462 0.6425865876674652 0.5136500167846679 0.6425865876674652
0 0.7717515563964844 0.8482797241210938 0.7792789298295975 0.8482797241210938 0.7792789298295975 0.8577521115541458 0.7717515563964844 0.8577521115541458
0 0.8461553955078125 0.5207290649414062 0.8544583648443221 0.5207290649414062 0.8544583648443221 0.5312560486793518 0.8461553955078125 0.5312560486793518
0 0.541680679321289 0.6286729049682617 0.5491546469926833 0.6286729049682617 0.5491546469926833 0.6386402148008345 0.541680679321289 0.6386402148008345
0 0.5455567550659179 0.7711229705810547 0.552840815782547 0.7711229705810547 0.552840815782547 0.7797499579191208 0.5455567550659179 0.7797499579191208
0 0.913124008178711 0.7720455932617187 0.9196701467037202 0.7720455932617187 0.9196701467037202 0.7800309997797011 0.913124008178711 0.7800309997797011
0 0.8080323028564453 0.6149805068969727 0.8155568373203278 0.6149805068969727 0.8155568373203278 0.6249218451976777 0.8080323028564453 0.6249218451976777
0 0.4509092712402344 0.45985706329345705 0.458577167391777 0.45985706329345705 0.458577167391777 0.4694178807735443 0.4509092712402344 0.4694178807735443
0 0.9155281829833984 0.6787168884277344 0.9221674120426178 0.6787168884277344 0.9221674120426178 0.6870526146888732 0.9155281829833984 0.6870526146888732
0 0.5979318237304687 0.6291025924682617 0.6046144634485243 0.6291025924682617 0.6046144634485243 0.637524099946022 0.5979318237304687 0.637524099946022
0 0.8179019165039062 0.8388390350341797 0.8253199356794356 0.8388390350341797 0.8253199356794356 0.8482656461000441 0.8179019165039062 0.8482656461000441
0 0.4997668075561524 0.5169816589355469 0.5070752942562103 0.5169816589355469 0.5070752942562103 0.5273180651664735 0.4997668075561524 0.5273180651664735
0 0.8095808410644532 0.6813101959228516 0.8173741787672043 0.6813101959228516 0.8173741787672043 0.6910607200860978 0.8095808410644532 0.6910607200860978
0 0.7687811279296874 0.6787558746337891 0.775056511759758 0.6787558746337891 0.775056511759758 0.6875983035564422 0.7687811279296874 0.6875983035564422
0 0.9089215850830078 0.5238004302978516 0.9161931079626083 0.5238004302978516 0.9161931079626083 0.5333341693878174 0.9089215850830078 0.5333341693878174
0 0.8489924621582031 0.6098944473266602 0.8551655888557435 0.6098944473266602 0.8551655888557435 0.6185495012998581 0.8489924621582031 0.6185495012998581
0 0.4887033843994141 0.46063316345214844 0.49585783421993257 0.46063316345214844 0.49585783421993257 0.47003846764564516 0.4887033843994141 0.47003846764564516
0 0.4892603302001953 0.7793930816650391 0.4968435341119767 0.7793930816650391 0.4968435341119767 0.7881022131443024 0.4892603302001953 0.7881022131443024
0 0.5480806350708007 0.514882698059082 0.5562154620885849 0.514882698059082 0.5562154620885849 0.5252624297142029 0.5480806350708007 0.5252624297142029
0 0.917142333984375 0.8224614715576172 0.9244004905223846 0.8224614715576172 0.9244004905223846 0.8313258004188536 0.917142333984375 0.8313258004188536
0 0.7761081695556641 0.5146239852905273 0.7846087342500687 0.5146239852905273 0.7846087342500687 0.5247433292865753 0.7761081695556641 0.5247433292865753
0 0.8907910919189453 0.6572549438476563 0.8979290705919266 0.6572549438476563 0.8979290705919266 0.665796149969101 0.8907910919189453 0.665796149969101
0 0.8507330322265625 0.7776426696777343 0.8573777616024016 0.7776426696777343 0.8573777616024016 0.7860291528701782 0.8507330322265625 0.7860291528701782
0 0.4368127822875977 0.8282915496826172 0.44554305732250216 0.8282915496826172 0.44554305732250216 0.8377181607484817 0.4368127822875977 0.8377181607484817
0 0.44407630920410157 0.6186517333984375 0.4518327122926712 0.6186517333984375 0.4518327122926712 0.6279684102535248 0.44407630920410157 0.6279684102535248
0 0.48119842529296875 0.6295855331420899 0.48938680589199063 0.6295855331420899 0.48938680589199063 0.638554973602295 0.48119842529296875 0.638554973602295
0 0.8342967224121094 0.47184032440185547 0.8422382122278212 0.47184032440185547 0.8422382122278212 0.4812977296113968 0.8342967224121094 0.4812977296113968
0 0.6030742263793946 0.5150566864013671 0.6112748789787292 0.5150566864013671 0.6112748789787292 0.526197657585144 0.6030742263793946 0.526197657585144
0 0.8788232421875 0.7765358734130859 0.8844203788042068 0.7765358734130859 0.8844203788042068 0.7839422369003296 0.8788232421875 0.7839422369003296
0 0.8836321258544921 0.5146879577636718 0.8907754272222518 0.5146879577636718 0.8907754272222518 0.5236505591869354 0.8836321258544921 0.5236505591869354
0 0.4829835891723633 0.829996795654297 0.49050170719623565 0.829996795654297 0.49050170719623565 0.8397889852523803 0.4829835891723633 0.8397889852523803
0 0.5528742980957031 0.828239974975586 0.5604178768396377 0.828239974975586 0.5604178768396377 0.8392542910575868 0.5528742980957031 0.8392542910575868
0 0.4480418014526367 0.5186884307861328 0.45554767668247226 0.5186884307861328 0.45554767668247226 0.5273318231105804 0.4480418014526367 0.5273318231105804
0 0.8608255767822266 0.6691253662109375 0.8689032131433487 0.6691253662109375 0.8689032131433487 0.6784154385328294 0.8608255767822266 0.6784154385328294
0 0.6171334473637307 0.46265492100683225 0.6253769855783871 0.46265492100683225 0.6253769855783871 0.470001493923521 0.6171334473637307 0.470001493923521
0 0.8754309780896348 0.4583694201387638 0.8836745163042914 0.4583694201387638 0.8836745163042914 0.46938927951379694 0.8754309780896348 0.46938927951379694
0 0.4765353233693111 0.6646856762157718 0.4843208872387089 0.6646856762157718 0.4843208872387089 0.6714200347227366 0.4765353233693111 0.6714200347227366
0 0.47699329771456983 0.6818276796880454 0.4843208872387089 0.6818276796880454 0.4843208872387089 0.6940719678825266 0.47699329771456983 0.6940719678825266
0 0.8534482095172173 0.8214125651051307 0.8639816194581672 0.8214125651051307 0.8639816194581672 0.8348812821190601 0.8534482095172173 0.8348812821190601
0 0.8754309780896348 0.689174252604734 0.8836745163042914 0.689174252604734 0.8836745163042914 0.6995818975700429 0.8754309780896348 0.6995818975700429
0 0.7618533404654784 0.627340597222604 0.769638904334876 0.627340597222604 0.769638904334876 0.6395848854170852 0.7618533404654784 0.6395848854170852
0 0.8754309780896348 0.6175451666670191 0.8836745163042914 0.6175451666670191 0.8836745163042914 0.6261161684031559 0.8754309780896348 0.6261161684031559
0 0.9212284126155044 0.6083619505211583 0.9290139764849022 0.6083619505211583 0.9290139764849022 0.6206062387156396 0.9212284126155044 0.6206062387156396
