0 0.5008501815795898 0.5302606964111328 0.5084878557920457 0.5302606964111328 0.5084878557920457 0.5401723474264145 0.5008501815795898 0.5401723474264145
0 0.46940013885498044 0.3733692169189453 0.4769914752244949 0.3733692169189453 0.4769914752244949 0.3840447163581848 0.46940013885498044 0.3840447163581848
0 0.5479644775390625 0.8433768463134766 0.5564335787296296 0.8433768463134766 0.5564335787296296 0.8543820703029633 0.5479644775390625 0.8543820703029633
0 0.5166919326782227 0.6867228698730469 0.5247051626443864 0.6867228698730469 0.5247051626443864 0.6965681886672973 0.5166919326782227 0.6965681886672973
0 0.5216632843017578 0.3732714080810547 0.5301385951042175 0.3732714080810547 0.5301385951042175 0.3836521673202515 0.5216632843017578 0.3836521673202515
0 0.5781489944458008 0.8438661193847656 0.5867331278324127 0.8438661193847656 0.5867331278324127 0.8539550256729126 0.5781489944458008 0.8539550256729126
0 0.5070616149902344 0.8440641784667968 0.5150223857164383 0.8440641784667968 0.5150223857164383 0.8542541241645812 0.5070616149902344 0.8542541241645812
0 0.5399101638793945 0.22614198684692383 0.5477739405632018 0.22614198684692383 0.5477739405632018 0.2368998873233795 0.5399101638793945 0.2368998873233795
0 0.45333648681640626 0.14419786453247072 0.46162177264690396 0.14419786453247072 0.46162177264690396 0.15495485663414005 0.45333648681640626 0.15495485663414005
0 0.469208869934082 0.8426941680908203 0.4768489986658096 0.8426941680908203 0.4768489986658096 0.8529007172584534 0.469208869934082 0.8529007172584534
0 0.5073229217529297 0.22709602355957031 0.5151871716976166 0.22709602355957031 0.5151871716976166 0.23740147709846496 0.5073229217529297 0.23740147709846496
0 0.5789678192138672 0.7701682281494141 0.5870077222585679 0.7701682281494141 0.5870077222585679 0.7800741863250732 0.5789678192138672 0.7800741863250732
0 0.4461427307128906 0.37285762786865234 0.45414185523986816 0.37285762786865234 0.45414185523986816 0.38217430472373964 0.4461427307128906 0.38217430472373964
0 0.7738125610351563 0.7631877899169923 0.7822087395191193 0.7631877899169923 0.7822087395191193 0.7727418476343156 0.7738125610351563 0.7727418476343156
0 0.5621089935302734 0.5327351379394532 0.5708528709411621 0.5327351379394532 0.5708528709411621 0.5432879745960236 0.5621089935302734 0.5432879745960236
0 0.43753738403320314 0.2266481590270996 0.4460938680171967 0.2266481590270996 0.4460938680171967 0.2375811994075775 0.43753738403320314 0.2375811994075775
0 0.5697209930419922 0.4699347686767578 0.5782628989219666 0.4699347686767578 0.5782628989219666 0.4787598437070847 0.5697209930419922 0.4787598437070847
0 0.48510128021240234 0.7733635711669922 0.4930356138944626 0.7733635711669922 0.4930356138944626 0.7844800341129302 0.48510128021240234 0.7844800341129302
0 0.46196788787841797 0.4710520553588867 0.46928335368633267 0.4710520553588867 0.46928335368633267 0.48070082783699036 0.46196788787841797 0.48070082783699036
0 0.49829120635986324 0.3740165710449218 0.5055827784538268 0.3740165710449218 0.5055827784538268 0.38424778699874873 0.49829120635986324 0.38424778699874873
0 0.5798675155639649 0.6854764556884766 0.587174346446991 0.6854764556884766 0.587174346446991 0.69673348903656 0.5798675155639649 0.69673348903656
0 0.5844440460205078 0.6247976684570312 0.5922382116317748 0.6247976684570312 0.5922382116317748 0.6342284303903579 0.5844440460205078 0.6342284303903579
0 0.528978385925293 0.46771610260009766 0.5368854546546937 0.46771610260009766 0.5368854546546937 0.4777368974685669 0.528978385925293 0.4777368974685669
0 0.46656208038330077 0.30340362548828126 0.47417529940605163 0.30340362548828126 0.47417529940605163 0.3140157973766327 0.46656208038330077 0.3140157973766327
0 0.5480981826782226 0.6217970657348633 0.5561567747592926 0.6217970657348633 0.5561567747592926 0.6318308663368225 0.5480981826782226 0.6318308663368225
0 0.21798707962036132 0.7731845855712891 0.22505274176597595 0.7731845855712891 0.22505274176597595 0.7827112877368927 0.21798707962036132 0.7827112877368927
0 0.5283721542358398 0.5333942413330078 0.5370554697513581 0.5333942413330078 0.5370554697513581 0.54372523188591 0.5283721542358398 0.54372523188591
0 0.5245173263549805 0.14656967163085938 0.5323486334085464 0.14656967163085938 0.5323486334085464 0.15785772681236268 0.5245173263549805 0.15785772681236268
0 0.8196469116210937 0.8377190399169921 0.8279433757066726 0.8377190399169921 0.8279433757066726 0.847560642361641 0.8196469116210937 0.847560642361641
0 0.43592395782470705 0.47091194152832033 0.44354524970054626 0.47091194152832033 0.44354524970054626 0.4796573227643967 0.43592395782470705 0.4796573227643967
0 0.5444935607910156 0.6853706359863281 0.5517391198873519 0.6853706359863281 0.5517391198873519 0.6950133210420608 0.5444935607910156 0.6950133210420608
0 0.5101130294799805 0.7695134735107422 0.5183951807022095 0.7695134735107422 0.5183951807022095 0.7792052555084228 0.5101130294799805 0.7792052555084228
0 0.48559539794921874 0.305272274017334 0.49287490487098695 0.305272274017334 0.49287490487098695 0.3145669519901276 0.48559539794921874 0.3145669519901276
0 0.18902095794677734 0.770997543334961 0.19626489043235779 0.770997543334961 0.19626489043235779 0.7803024792671204 0.18902095794677734 0.7803024792671204
0 0.5374982070922851 0.30811336517333987 0.5450423771142959 0.30811336517333987 0.5450423771142959 0.31821080923080447 0.5374982070922851 0.31821080923080447
0 0.4793119430541992 0.5340992736816407 0.486621612906456 0.5340992736816407 0.486621612906456 0.5437585616111755 0.4793119430541992 0.5437585616111755
0 0.6016978073120117 0.7687487030029296 0.609763496518135 0.7687487030029296 0.609763496518135 0.7778600972890853 0.6016978073120117 0.7778600972890853
0 0.25906154632568357 0.7733609771728516 0.2675295829772949 0.7733609771728516 0.2675295829772949 0.7836860382556915 0.25906154632568357 0.7836860382556915
0 0.2250034523010254 0.8423520660400391 0.2325837880373001 0.8423520660400391 0.2325837880373001 0.8523574829101561 0.2250034523010254 0.8523574829101561
0 0.7692353057861329 0.836406021118164 0.7782215499877931 0.836406021118164 0.7782215499877931 0.8472540712356568 0.7692353057861329 0.8472540712356568
0 0.4561912536621094 0.77073486328125 0.46389575958251955 0.77073486328125 0.46389575958251955 0.7810355734825135 0.4561912536621094 0.7810355734825135
0 0.12748629570007325 0.832832717895508 0.13559215784072876 0.832832717895508 0.13559215784072876 0.8423470079898835 0.12748629570007325 0.8423470079898835
0 0.5124082565307617 0.3085058403015137 0.5202541720867158 0.3085058403015137 0.5202541720867158 0.3195467209815979 0.5124082565307617 0.3195467209815979
0 0.83598388671875 0.7735774230957032 0.8443804198503494 0.7735774230957032 0.8443804198503494 0.7826807534694672 0.83598388671875 0.7826807534694672
0 0.5528944778442383 0.36834545135498054 0.5613831549882888 0.36834545135498054 0.5613831549882888 0.3781323832273484 0.5528944778442383 0.3781323832273484
0 0.5672852706909179 0.22477432250976562 0.5753883975744247 0.22477432250976562 0.5753883975744247 0.2351901650428772 0.5672852706909179 0.2351901650428772
0 0.48752239227294925 0.685466079711914 0.4953476375341416 0.685466079711914 0.4953476375341416 0.695609221458435 0.48752239227294925 0.695609221458435
0 0.4504846572875977 0.6172874450683594 0.458151370882988 0.6172874450683594 0.458151370882988 0.6273597872257233 0.4504846572875977 0.6273597872257233
0 0.48590587615966796 0.14864153861999513 0.4941952133178711 0.14864153861999513 0.4941952133178711 0.15813645839691162 0.48590587615966796 0.15813645839691162
0 0.16294124603271484 0.8379551696777344 0.17017343878746033 0.8379551696777344 0.17017343878746033 0.8475777733325959 0.16294124603271484 0.8475777733325959
0 0.48704822540283205 0.6186064529418945 0.4957382237911224 0.6186064529418945 0.4957382237911224 0.6288590157032014 0.48704822540283205 0.6288590157032014
0 0.5639098739624023 0.3060395050048828 0.5728748857975006 0.3060395050048828 0.5728748857975006 0.3172188997268677 0.5639098739624023 0.3172188997268677
0 0.8476063537597657 0.8394892883300781 0.8536209189891817 0.8394892883300781 0.8536209189891817 0.8472447061538696 0.8476063537597657 0.8472447061538696
0 0.4730018997192383 0.22236381530761717 0.4818710708618164 0.22236381530761717 0.4818710708618164 0.23433961272239684 0.4730018997192383 0.23433961272239684
0 0.8029218292236329 0.7668653869628906 0.811368278861046 0.7668653869628906 0.811368278861046 0.7773724472522736 0.8029218292236329 0.7773724472522736
0 0.28429698944091797 0.8518260192871093 0.29282295584678647 0.8518260192871093 0.29282295584678647 0.8623477053642273 0.28429698944091797 0.8623477053642273
0 0.49796245574951176 0.46403190612792966 0.5055651175975799 0.46403190612792966 0.5055651175975799 0.4744091081619262 0.49796245574951176 0.4744091081619262
0 0.45019596099853515 0.5353523635864258 0.4585269051790238 0.5353523635864258 0.4585269051790238 0.5444093638658524 0.45019596099853515 0.5444093638658524
0 0.5187051391601563 0.6207136535644531 0.5276782536506653 0.6207136535644531 0.5276782536506653 0.6315968072414397 0.5187051391601563 0.6315968072414397
0 0.43617618560791016 0.8407805633544921 0.4434111285209656 0.8407805633544921 0.4434111285209656 0.8504780375957488 0.43617618560791016 0.8504780375957488
0 0.4558072280883789 0.6836550903320312 0.46377970874309543 0.6836550903320312 0.46377970874309543 0.6940936827659607 0.4558072280883789 0.6940936827659607
0 0.5809186553955078 0.36872455596923825 0.5901173394918442 0.36872455596923825 0.5901173394918442 0.38011247515678404 0.5809186553955078 0.38011247515678404
0 0.6058368682861328 0.15550621032714843 0.6143054962158203 0.15550621032714843 0.6143054962158203 0.16655486822128296 0.6058368682861328 0.16655486822128296
0 0.12357521758115379 0.7703583749125051 0.1313333029898361 0.7703583749125051 0.1313333029898361 0.7777661692701664 0.12357521758115379 0.7777661692701664
0 0.181206709188508 0.842213980181818 0.1911813904282424 0.842213980181818 0.1911813904282424 0.8503625539752452 0.181206709188508 0.8503625539752452
0 0.8819662719964763 0.7666544777336746 0.8891702084473956 0.7666544777336746 0.8891702084473956 0.7807292870132306 0.8819662719964763 0.7807292870132306
0 0.8947116980250257 0.8251760531591973 0.9052405282225231 0.8251760531591973 0.9052405282225231 0.8399916418745197 0.8947116980250257 0.8399916418745197
