0 0.5544953918457032 0.6870185852050781 0.5630133444070816 0.6870185852050781 0.5630133444070816 0.6971204566955566 0.5544953918457032 0.6971204566955566
0 0.49256851196289064 0.6890521240234375 0.5007020378112793 0.6890521240234375 0.5007020378112793 0.6981356102228166 0.49256851196289064 0.6981356102228166
0 0.5848966979980469 0.44928661346435544 0.5930187505483627 0.44928661346435544 0.5930187505483627 0.4593809747695923 0.5848966979980469 0.4593809747695923
0 0.4671823501586914 0.6878207397460937 0.47426405489444734 0.6878207397460937 0.47426405489444734 0.697183627486229 0.4671823501586914 0.697183627486229
0 0.5290271759033203 0.2880160140991211 0.5371631860733033 0.2880160140991211 0.5371631860733033 0.29987547278404236 0.5290271759033203 0.29987547278404236
0 0.5458112716674804 0.3745136260986328 0.5539421361684799 0.3745136260986328 0.5539421361684799 0.3848654890060425 0.5458112716674804 0.3848654890060425
0 0.4546697235107422 0.7708895111083984 0.46204622447490695 0.7708895111083984 0.46204622447490695 0.7804264122247695 0.4546697235107422 0.7804264122247695
0 0.5165570068359375 0.4564261245727539 0.5244058793783188 0.4564261245727539 0.5244058793783188 0.4664879524707794 0.5165570068359375 0.4664879524707794
0 0.4449155044555664 0.8474923706054688 0.45154299378395074 0.8474923706054688 0.45154299378395074 0.8556176364421844 0.4449155044555664 0.8556176364421844
0 0.5630932998657227 0.606535415649414 0.5715789610147476 0.606535415649414 0.5715789610147476 0.6171773147583008 0.5630932998657227 0.6171773147583008
0 0.4832572937011719 0.7713984680175782 0.4904364359378815 0.7713984680175782 0.4904364359378815 0.7811470949649811 0.4832572937011719 0.7811470949649811
0 0.5551592636108399 0.4501853561401367 0.5640020865201951 0.4501853561401367 0.5640020865201951 0.46074424028396604 0.5551592636108399 0.46074424028396604
0 0.445546989440918 0.6848590087890626 0.4532933086156845 0.6848590087890626 0.4532933086156845 0.6947584843635559 0.445546989440918 0.6947584843635559
0 0.47314838409423826 0.5323730850219727 0.48166136920452113 0.5323730850219727 0.48166136920452113 0.5428434610366821 0.47314838409423826 0.5428434610366821
0 0.5397759246826171 0.7681822204589843 0.547543002963066 0.7681822204589843 0.547543002963066 0.7781190127134323 0.5397759246826171 0.7781190127134323
0 0.5065586853027344 0.8487953186035158 0.5151357805728912 0.8487953186035158 0.5151357805728912 0.8580968552827836 0.5065586853027344 0.8580968552827836
0 0.4758278274536133 0.29427181243896483 0.48507412135601047 0.29427181243896483 0.48507412135601047 0.3043982720375061 0.4758278274536133 0.3043982720375061
0 0.5938904953002929 0.6838423156738281 0.6017714232206343 0.6838423156738281 0.6017714232206343 0.69463747382164 0.5938904953002929 0.69463747382164
0 0.5058724975585938 0.29465837478637696 0.5145601898431779 0.29465837478637696 0.5145601898431779 0.30512282013893127 0.5058724975585938 0.30512282013893127
0 0.4457084274291992 0.37830841064453125 0.45270940244197844 0.37830841064453125 0.45270940244197844 0.3876395159959793 0.4457084274291992 0.3876395159959793
0 0.5376339340209961 0.6099570083618164 0.5445522570610047 0.6099570083618164 0.5445522570610047 0.6194491213560105 0.5376339340209961 0.6194491213560105
0 0.44618438720703124 0.45109310150146487 0.453579518198967 0.45109310150146487 0.453579518198967 0.4612374293804169 0.44618438720703124 0.4612374293804169
0 0.5535296630859375 0.5215774917602539 0.5608335369825364 0.5215774917602539 0.5608335369825364 0.5309923624992371 0.5535296630859375 0.5309923624992371
0 0.44328887939453127 0.5246638870239257 0.44976975440979 0.5246638870239257 0.44976975440979 0.5331074130535125 0.44328887939453127 0.5331074130535125
0 0.47361724853515624 0.6075115966796875 0.4822829395532608 0.6075115966796875 0.4822829395532608 0.6174687469005585 0.47361724853515624 0.6174687469005585
0 0.4990365600585938 0.5269413375854493 0.5070675325393678 0.5269413375854493 0.5070675325393678 0.537317590713501 0.4990365600585938 0.537317590713501
0 0.6040656280517578 0.28761207580566406 0.6111836165189742 0.28761207580566406 0.6111836165189742 0.29870393037796017 0.6040656280517578 0.29870393037796017
0 0.5293660354614258 0.5265665817260742 0.5372677224874496 0.5265665817260742 0.5372677224874496 0.5372924435138702 0.5293660354614258 0.5372924435138702
0 0.4797966766357422 0.8527172088623047 0.48697664678096775 0.8527172088623047 0.48697664678096775 0.8624501025676727 0.4797966766357422 0.8624501025676727
0 0.5135724258422851 0.6946836853027344 0.5206217497587203 0.6946836853027344 0.5206217497587203 0.70468625664711 0.5135724258422851 0.70468625664711
0 0.5641278457641602 0.7656531524658203 0.5721057087182999 0.7656531524658203 0.5721057087182999 0.7749491548538208 0.5641278457641602 0.7749491548538208
0 0.5379632568359375 0.8485458374023438 0.5461867976188659 0.8485458374023438 0.5461867976188659 0.8589879095554351 0.5379632568359375 0.8589879095554351
0 0.46310436248779296 0.37611656188964837 0.4709346938133239 0.37611656188964837 0.4709346938133239 0.3866358363628387 0.46310436248779296 0.3866358363628387
0 0.5144034576416016 0.6102658843994141 0.5225783240795135 0.6102658843994141 0.5225783240795135 0.6205562376976014 0.5144034576416016 0.6205562376976014
0 0.5623593521118164 0.2854704284667969 0.5709252107143402 0.2854704284667969 0.5709252107143402 0.2964460039138794 0.5623593521118164 0.2964460039138794
0 0.4621795654296875 0.8494493103027344 0.4691750991344452 0.8494493103027344 0.4691750991344452 0.8587196964025497 0.4621795654296875 0.8587196964025497
0 0.612679214477539 0.36742630004882815 0.6209439778327942 0.36742630004882815 0.6209439778327942 0.3772919768095016 0.612679214477539 0.3772919768095016
0 0.5090515018826784 0.7644766250007933 0.518668963133111 0.7644766250007933 0.518668963133111 0.7754964843758265 0.5090515018826784 0.7754964843758265
0 0.4692077338451719 0.4504106328123511 0.47882519509560456 0.4504106328123511 0.47882519509560456 0.46755263628462473 0.4692077338451719 0.46755263628462473
0 0.5814114484335523 0.28511274218685506 0.5919448583745024 0.28511274218685506 0.5919448583745024 0.2967448159716121 0.5814114484335523 0.2967448159716121
