0 0.1434137543980648 0.023458253114896323 0.14857499795845583 0.023458253114896323 0.14857499795845583 0.032197602314563575 0.1434137543980648 0.032197602314563575
0 0.16474689444768098 0.025298116104299953 0.1705963038161241 0.025298116104299953 0.1705963038161241 0.033577499556616305 0.16474689444768098 0.033577499556616305
0 0.1933057754818445 0.02897784208310722 0.1994992677543137 0.02897784208310722 0.1994992677543137 0.03541736254601994 0.1933057754818445 0.03541736254601994
0 0.2167034129556171 0.02391821886224723 0.22358507103613848 0.02391821886224723 0.22358507103613848 0.02897784208310722 0.2167034129556171 0.02897784208310722
0 0.24904720593406743 0.024378184609598143 0.2542084494944585 0.024378184609598143 0.2542084494944585 0.03173763656721267 0.24904720593406743 0.03173763656721267
0 0.14375783730209088 0.07635431406025078 0.15029541247858616 0.07635431406025078 0.15029541247858616 0.08509366325991802 0.14375783730209088 0.08509366325991802
0 0.16921997220001989 0.0772742455549526 0.1747252986644369 0.0772742455549526 0.1747252986644369 0.08601359475461985 0.16921997220001989 0.08601359475461985
0 0.19192944386574026 0.08003404003905805 0.1994992677543137 0.08003404003905805 0.1994992677543137 0.08831342349137439 0.19192944386574026 0.08831342349137439
0 0.2170474958596432 0.0772742455549526 0.22358507103613848 0.0772742455549526 0.22358507103613848 0.08509366325991802 0.2170474958596432 0.08509366325991802
0 0.24629454270185888 0.07451445107084716 0.25111170335822375 0.07451445107084716 0.25111170335822375 0.0827938345231635 0.24629454270185888 0.0827938345231635
0 0.14066109116585626 0.16236790881487065 0.14719866634235157 0.16236790881487065 0.14719866634235157 0.17110725801453788 0.14066109116585626 0.17110725801453788
0 0.17197263543222835 0.16190794306751977 0.1771338789926194 0.16190794306751977 0.1771338789926194 0.17110725801453788 0.17197263543222835 0.17110725801453788
0 0.19537027290600092 0.15868818283606337 0.2019078480824962 0.15868818283606337 0.2019078480824962 0.17018732651983604 0.19537027290600092 0.17018732651983604
0 0.22152057361198202 0.16696756628837972 0.22874631459652944 0.16696756628837972 0.22874631459652944 0.17708681273009969 0.22152057361198202 0.17708681273009969
0 0.24870312303004133 0.16420777180427426 0.2535202836864063 0.16420777180427426 0.2535202836864063 0.17478698399334516 0.24870312303004133 0.17478698399334516
0 0.1423815056859866 0.2194036614863833 0.1489190808624819 0.2194036614863833 0.1489190808624819 0.22584318194929598 0.1423815056859866 0.22584318194929598
0 0.1516717440946904 0.21296414102347053 0.15889748507923784 0.21296414102347053 0.15889748507923784 0.2203235929810851 0.1516717440946904 0.2203235929810851
0 0.20362826260262656 0.22492325045459416 0.21085400358717393 0.22492325045459416 0.21085400358717393 0.23366259965426142 0.20362826260262656 0.23366259965426142
0 0.23390755815692044 0.21848372999168145 0.23941288462133753 0.21848372999168145 0.23941288462133753 0.22814301068605053 0.23390755815692044 0.22814301068605053
0 0.2638427708071883 0.22492325045459416 0.26865993146355327 0.22492325045459416 0.26865993146355327 0.23320263390691048 0.2638427708071883 0.23320263390691048
0 0.45067978769334277 0.0009199314947018166 0.45756144577386415 0.0009199314947018166 0.45756144577386415 0.006899486210263627 0.45067978769334277 0.006899486210263627
0 0.46960434741477647 0.0036797259788072666 0.47648600549529785 0.0036797259788072666 0.47648600549529785 0.011499143683772708 0.46960434741477647 0.011499143683772708
0 0.49541056521673144 0.00781941770496544 0.5005718087771225 0.00781941770496544 0.5005718087771225 0.01609880115728179 0.49541056521673144 0.01609880115728179
0 0.5188082026905041 0.0027597944841054496 0.5232812804428428 0.0027597944841054496 0.5232812804428428 0.010119246441719985 0.5188082026905041 0.010119246441719985
0 0.5404854256441461 0.0059795547155618075 0.5473670837246676 0.0059795547155618075 0.5473670837246676 0.012419075178474523 0.5404854256441461 0.012419075178474523
0 0.4533965173991353 0.05740448554335594 0.4611519547550948 0.05740448554335594 0.4611519547550948 0.06535280424288328 0.4533965173991353 0.06535280424288328
0 0.47304362536756595 0.05740448554335594 0.4813160918805894 0.05740448554335594 0.4813160918805894 0.06500722516899078 0.47304362536756595 0.06500722516899078
0 0.49811953948516813 0.05014732499161359 0.5045824039484677 0.05014732499161359 0.5045824039484677 0.05705890646946347 0.49811953948516813 0.05705890646946347
0 0.5190592203462585 0.05152964128718355 0.5239709973383662 0.05152964128718355 0.5239709973383662 0.059132380912818396 0.5190592203462585 0.059132380912818396
0 0.5443936490423927 0.04945616684382861 0.5487883968774362 0.04945616684382861 0.5487883968774362 0.058095643691140925 0.5443936490423927 0.058095643691140925
0 0.45081137161381546 0.15485778438103895 0.4557231486059231 0.15485778438103895 0.4557231486059231 0.1638428403022438 0.45081137161381546 0.1638428403022438
0 0.4717510524749059 0.1482917819770816 0.47769688778114155 0.1482917819770816 0.47769688778114155 0.1572768378982864 0.4717510524749059 0.1572768378982864
0 0.4924322187574644 0.154166626233254 0.49786102490663614 0.154166626233254 0.49786102490663614 0.16522515659781375 0.4924322187574644 0.16522515659781375
0 0.5115622975688311 0.15209315178989902 0.5175081328750667 0.15209315178989902 0.5175081328750667 0.1621149449327813 0.5115622975688311 0.1621149449327813
0 0.5332775221655175 0.15140199364211404 0.5392233574717531 0.15140199364211404 0.5392233574717531 0.1624605240066738 0.5332775221655175 0.1624605240066738
0 0.4490017695640916 0.2115327524994078 0.4552061194488592 0.2115327524994078 0.4552061194488592 0.2212089665683976 0.4490017695640916 0.2212089665683976
0 0.4681318483754582 0.21187833157330027 0.47433619826022577 0.21187833157330027 0.47433619826022577 0.22051780842061267 0.4681318483754582 0.22051780842061267
0 0.48545232513710057 0.20427559194766548 0.49243221875746396 0.20427559194766548 0.49243221875746396 0.21222391064719276 0.48545232513710057 0.21222391064719276
0 0.5089771517835112 0.20254769657820304 0.5164740745609389 0.20254769657820304 0.5164740745609389 0.2108415943516228 0.5089771517835112 0.2108415943516228
0 0.52707317228075 0.20116538028263303 0.5337945513225815 0.20116538028263303 0.5337945513225815 0.20980485712994537 0.52707317228075 0.20980485712994537
0 0.1406610911658561 0.3215340275101273 0.14566593340623527 0.3215340275101273 0.14566593340623527 0.3307333424571454 0.1406610911658561 0.3307333424571454
0 0.16224447332749123 0.3232066302277669 0.16881332876798885 0.3232066302277669 0.16881332876798885 0.32989704109832557 0.16224447332749123 0.32989704109832557
0 0.18601747396929225 0.3186069727542578 0.1919607241297425 0.3186069727542578 0.1919607241297425 0.3278062877012759 0.18601747396929225 0.3278062877012759
0 0.1403482885258324 0.36878505428344777 0.14535313076621156 0.36878505428344777 0.14535313076621156 0.378402519909876 0.1403482885258324 0.378402519909876
0 0.1631828812475623 0.3733847117569569 0.16943893404803625 0.3733847117569569 0.16943893404803625 0.3821658760245651 0.1631828812475623 0.3821658760245651
0 0.18664307924933962 0.36878505428344777 0.19321193468983724 0.36878505428344777 0.19321193468983724 0.37631176651282633 0.18664307924933962 0.37631176651282633
0 0.21104168517118796 0.36711245156580813 0.21573372477154348 0.36711245156580813 0.21573372477154348 0.37798436923046597 0.21104168517118796 0.37798436923046597
0 0.22042576437189879 0.32487923294540655 0.22855863301251492 0.32487923294540655 0.22855863301251492 0.3349148492512444 0.22042576437189879 0.3349148492512444
0 0.25358284421441085 0.3244610822659967 0.26109010757497964 0.3244610822659967 0.26109010757497964 0.3336603972130148 0.25358284421441085 0.3336603972130148
0 0.23262506733282312 0.37129395835990736 0.23856831749327337 0.37129395835990736 0.23856831749327337 0.3804932733069255 0.23262506733282312 0.3804932733069255
0 0.44939729686924534 0.31902512343366773 0.4559661523097431 0.31902512343366773 0.4559661523097431 0.3282244383806859 0.44939729686924534 0.3282244383806859
0 0.47692392919133075 0.3186069727542578 0.4828671793517811 0.3186069727542578 0.4828671793517811 0.32989704109832557 0.47692392919133075 0.32989704109832557
0 0.4562789549497667 0.37045765700108746 0.4640990209503592 0.37045765700108746 0.4640990209503592 0.378402519909876 0.4562789549497667 0.378402519909876
0 0.4825543767117573 0.36711245156580813 0.489123232152255 0.36711245156580813 0.489123232152255 0.37631176651282633 0.4825543767117573 0.37631176651282633
0 0.5050761667934636 0.3600038900158396 0.5125834301540322 0.3600038900158396 0.5125834301540322 0.37129395835990725 0.5050761667934636 0.37129395835990725
0 0.5285363647952409 0.3537316298246908 0.5347924175957148 0.3537316298246908 0.5347924175957148 0.36460354748934864 0.5285363647952409 0.36460354748934864
0 0.5501197469568759 0.35540423254233056 0.557314207677421 0.35540423254233056 0.557314207677421 0.36460354748934876 0.5501197469568759 0.36460354748934876
0 0.55637579975735 0.3110802605248793 0.5626318525578239 0.3110802605248793 0.5626318525578239 0.3236247809071769 0.55637579975735 0.3236247809071769
0 0.5272851542351461 0.30773505508960003 0.5347924175957148 0.30773505508960003 0.5347924175957148 0.3186069727542578 0.5272851542351461 0.3186069727542578
0 0.5041377588733924 0.3085713564484199 0.5110194169539138 0.3085713564484199 0.5110194169539138 0.32111587683071735 0.5041377588733924 0.32111587683071735
0 0.1319026172451926 0.473322724135927 0.14191230172595087 0.473322724135927 0.14191230172595087 0.48210388840353524 0.1319026172451926 0.48210388840353524
0 0.15567561788699355 0.4716501214182873 0.16287007860753858 0.4716501214182873 0.16287007860753858 0.4795949843270758 0.15567561788699355 0.4795949843270758
0 0.1775718026886524 0.4716501214182873 0.18382785548912636 0.4716501214182873 0.18382785548912636 0.4804312856858955 0.1775718026886524 0.4804312856858955
0 0.19884238221026382 0.47374087481533694 0.20666244821085622 0.47374087481533694 0.20666244821085622 0.4833583404417651 0.19884238221026382 0.4833583404417651
0 0.22480500133223072 0.4758316282123866 0.23387627789291793 0.4758316282123866 0.23387627789291793 0.4833583404417651 0.22480500133223072 0.4833583404417651
0 0.13690745948557176 0.5251734083827567 0.14410192020611676 0.5251734083827567 0.14410192020611676 0.5352090246885947 0.13690745948557176 0.5352090246885947
0 0.16161886804744385 0.5314456685739054 0.1675621182078941 0.5314456685739054 0.1675621182078941 0.5418994355591533 0.16161886804744385 0.5418994355591533
0 0.18351505284910266 0.5260097097415766 0.18914550036952915 0.5260097097415766 0.18914550036952915 0.5372997780856442 0.18351505284910266 0.5372997780856442
0 0.20447282973069036 0.5268460111003964 0.211041685171188 0.5268460111003964 0.211041685171188 0.5356271753680045 0.20447282973069036 0.5356271753680045
0 0.2301226462126335 0.5281004631386261 0.23981952805336818 0.5281004631386261 0.23981952805336818 0.5372997780856442 0.2301226462126335 0.5372997780856442
0 0.4509613100693639 0.46914121734182784 0.4572173628698379 0.46914121734182784 0.4572173628698379 0.4795949843270758 0.4509613100693639 0.4795949843270758
0 0.47754953447137816 0.4720682720976972 0.4847439951919233 0.4720682720976972 0.4847439951919233 0.4804312856858955 0.47754953447137816 0.4804312856858955
0 0.4944408770326579 0.46830491598300805 0.5013225351131791 0.46830491598300805 0.5013225351131791 0.4787586829682559 0.4944408770326579 0.4787586829682559
0 0.5185266803144826 0.46746861462418815 0.5269723515951225 0.46746861462418815 0.5269723515951225 0.47583162821238656 0.5185266803144826 0.47583162821238656
0 0.5432380888763547 0.46788676530359813 0.5513709575169708 0.46788676530359813 0.5513709575169708 0.47583162821238656 0.5432380888763547 0.47583162821238656
0 0.4497100995092691 0.5218282029474773 0.45627895494976667 0.5218282029474773 0.45627895494976667 0.533954572650365 0.4497100995092691 0.533954572650365
0 0.4731702975110464 0.5218282029474773 0.47942635031152037 0.5218282029474773 0.47942635031152037 0.5322819699327253 0.4731702975110464 0.5322819699327253
0 0.502573745673274 0.5197374495504278 0.5094554037537954 0.5197374495504278 0.5094554037537954 0.5297730658562658 0.502573745673274 0.5297730658562658
0 0.5219675093547432 0.5205737509092476 0.5297875753553356 0.5205737509092476 0.5297875753553356 0.5318638192533154 0.5219675093547432 0.5318638192533154
0 0.550119746956876 0.5218282029474773 0.5570014050373973 0.5218282029474773 0.5570014050373973 0.5310275178944956 0.550119746956876 0.5310275178944956
0 0.13252822252524 0.6200936126088077 0.14003548588580872 0.6200936126088077 0.14003548588580872 0.6280384755175961 0.13252822252524 0.6280384755175961
0 0.15786523636715946 0.6171665578529383 0.16287007860753858 0.6171665578529383 0.16287007860753858 0.628038475517596 0.15786523636715946 0.628038475517596
0 0.17632059212855758 0.6200936126088077 0.18320225020907896 0.6200936126088077 0.18320225020907896 0.6297110782352358 0.17632059212855758 0.6297110782352358
0 0.20885206669102213 0.6238569687234968 0.21604652741156716 0.6238569687234968 0.21604652741156716 0.633056283670515 0.20885206669102213 0.633056283670515
0 0.23981952805336818 0.6234388180440871 0.24670118613388953 0.6234388180440871 0.24670118613388953 0.6338925850293349 0.23981952805336818 0.6338925850293349
0 0.13722026212559543 0.6744532009320969 0.14472752548616416 0.6744532009320969 0.14472752548616416 0.6836525158791149 0.13722026212559543 0.6836525158791149
0 0.15411160468687507 0.6577271737557001 0.16193167068746753 0.6577271737557001 0.16193167068746753 0.6669264887027182 0.15411160468687507 0.6669264887027182
0 0.18570467132926852 0.6694353927791777 0.19196072412974247 0.6694353927791777 0.19196072412974247 0.678216557046786 0.18570467132926852 0.678216557046786
0 0.21323130365135387 0.6715261461762274 0.21948735645182785 0.6715261461762274 0.21948735645182785 0.6840706665585249 0.21323130365135387 0.6840706665585249
0 0.2341890805329416 0.6719442968556373 0.24263475181358143 0.6719442968556373 0.24263475181358143 0.6794710090850158 0.2341890805329416 0.6794710090850158
0 0.4559661523097431 0.6267840234793663 0.46222220511021705 0.6267840234793663 0.46222220511021705 0.638910393182254 0.4559661523097431 0.638910393182254
0 0.451899717989435 0.679471009085016 0.4569045602298141 0.679471009085016 0.4569045602298141 0.6911792281084937 0.451899717989435 0.6911792281084937
0 0.47473431071116484 0.6823980638408852 0.48286717935178103 0.6823980638408852 0.48286717935178103 0.6920155294673135 0.47473431071116484 0.6920155294673135
0 0.4969432981528474 0.6861614199555747 0.5069529826336057 0.6861614199555747 0.5069529826336057 0.6941062828643629 0.4969432981528474 0.6941062828643629
0 0.47066787639085683 0.6272021741587763 0.4784879423914493 0.6272021741587763 0.4784879423914493 0.6376559411440242 0.47066787639085683 0.6376559411440242
0 0.49725610079287114 0.6267840234793663 0.505701772073511 0.6267840234793663 0.505701772073511 0.634310735708745 0.49725610079287114 0.634310735708745
0 0.5207162987946484 0.6276203248381862 0.5263467463150749 0.6276203248381862 0.5263467463150749 0.6393285438616639 0.5207162987946484 0.6393285438616639
0 0.5391716545560465 0.6267840234793663 0.5476173258366864 0.6267840234793663 0.5476173258366864 0.634310735708745 0.5391716545560465 0.634310735708745
0 0.5254083383950039 0.6765439543291464 0.5307259832754069 0.6765439543291464 0.5307259832754069 0.6865795706349844 0.5254083383950039 0.6865795706349844
0 0.5432380888763546 0.678634707726196 0.5482429311167337 0.678634707726196 0.5482429311167337 0.6911792281084935 0.5432380888763546 0.6911792281084935
0 0.13450513521018986 0.7727186105934274 0.14076118801066378 0.7727186105934274 0.14076118801066378 0.7835905282580851 0.13450513521018986 0.7835905282580851
0 0.15170928041149326 0.7794090214639859 0.15765253057194348 0.7794090214639859 0.15765253057194348 0.7898627884492339 0.15170928041149326 0.7898627884492339
0 0.17266705729308096 0.7764819667081168 0.17954871537360229 0.7764819667081168 0.17954871537360229 0.7881901857315943 0.17266705729308096 0.7881901857315943
0 0.20144490017526112 0.7756456653492969 0.20770095297573507 0.7756456653492969 0.20770095297573507 0.7860994323345447 0.20144490017526112 0.7860994323345447
0 0.22240267705684885 0.778572720105166 0.22897153249734647 0.778572720105166 0.22897153249734647 0.7890264870904141 0.22240267705684885 0.7890264870904141
0 0.24961650673891056 0.835023061825505 0.2558725595393844 0.835023061825505 0.2558725595393844 0.8471494315283926 0.24961650673891056 0.8471494315283926
0 0.13700755633037945 0.8228966921226173 0.1432636091308534 0.8228966921226173 0.1432636091308534 0.8325141577490452 0.13700755633037945 0.8325141577490452
0 0.15765253057194348 0.8274963495961264 0.16297017545234635 0.8274963495961264 0.16297017545234635 0.8379501165813743 0.15765253057194348 0.8379501165813743
0 0.17767189953346013 0.8333504591078653 0.1854919655340526 0.8333504591078653 0.1854919655340526 0.8412953220166537 0.17767189953346013 0.8412953220166537
0 0.19612725529485825 0.834186760466685 0.20394732129545068 0.834186760466685 0.20394732129545068 0.8417134726960637 0.19612725529485825 0.8417134726960637
0 0.20895216353582988 0.8383682672607844 0.2167722295364223 0.8383682672607844 0.2167722295364223 0.8463131301695725 0.20895216353582988 0.8463131301695725
0 0.4560662491545508 0.7860994323345445 0.46200949931500107 0.7860994323345445 0.46200949931500107 0.7961350486403826 0.4560662491545508 0.7961350486403826
0 0.478588039236257 0.778572720105166 0.4851568946767546 0.778572720105166 0.4851568946767546 0.7869357336933644 0.478588039236257 0.7869357336933644
0 0.5029866451581054 0.7806634735022158 0.5095555005986029 0.7806634735022158 0.5095555005986029 0.7898627884492339 0.5029866451581054 0.7898627884492339
0 0.5298876722001433 0.7810816241816256 0.5358309223605936 0.7810816241816256 0.5358309223605936 0.7927898432051033 0.5298876722001433 0.7927898432051033
0 0.5461534094813756 0.7823360762198555 0.5561630939621339 0.7823360762198555 0.5561630939621339 0.7911172404874636 0.5461534094813756 0.7911172404874636
0 0.45450223595443234 0.8371138152225545 0.4604454861148825 0.8371138152225545 0.4604454861148825 0.8471494315283926 0.45450223595443234 0.8471494315283926
0 0.47983924979635184 0.8350230618255048 0.4854696973167783 0.8350230618255048 0.4854696973167783 0.8450586781313428 0.47983924979635184 0.8450586781313428
0 0.502361039878058 0.8295871029931762 0.5083042900385081 0.8295871029931762 0.5083042900385081 0.8379501165813743 0.502361039878058 0.8379501165813743
0 0.5320772906803093 0.8270781989167165 0.5383333434807832 0.8270781989167165 0.5383333434807832 0.8362775138637345 0.5320772906803093 0.8362775138637345
0 0.5552246860420629 0.8320960070696356 0.563357554682679 0.8320960070696356 0.563357554682679 0.8396227192990139 0.5552246860420629 0.8396227192990139
