0 0.44487197875976564 0.14471872329711913 0.4521063005924225 0.14471872329711913 0.4521063005924225 0.1540661150217056 0.44487197875976564 0.1540661150217056
0 0.6311083221435547 0.3433270645141602 0.638316148519516 0.3433270645141602 0.638316148519516 0.3533941102027893 0.6311083221435547 0.3533941102027893
0 0.8133309173583985 0.22733648300170897 0.820749764442444 0.22733648300170897 0.820749764442444 0.23550523221492764 0.8133309173583985 0.23550523221492764
0 0.20161159515380858 0.4821295166015625 0.2094591963291168 0.4821295166015625 0.2094591963291168 0.49094747602939603 0.20161159515380858 0.49094747602939603
0 0.43767753601074216 0.3446588897705078 0.44639707624912256 0.3446588897705078 0.44639707624912256 0.3537989044189453 0.43767753601074216 0.3537989044189453
0 0.6108123397827149 0.4803208541870117 0.6187539482116698 0.4803208541870117 0.6187539482116698 0.4889964246749878 0.6108123397827149 0.4889964246749878
0 0.5632794952392578 0.14691550254821778 0.5703424221277237 0.14691550254821778 0.5703424221277237 0.15657467186450957 0.5632794952392578 0.15657467186450957
0 0.22676799774169923 0.47604431152343746 0.2343213051557541 0.47604431152343746 0.2343213051557541 0.48546345114707945 0.22676799774169923 0.48546345114707945
0 0.2759120178222656 0.47815231323242186 0.28326985895633694 0.47815231323242186 0.28326985895633694 0.487048898935318 0.2759120178222656 0.487048898935318
0 0.8055839538574219 0.326275634765625 0.812208634018898 0.326275634765625 0.812208634018898 0.3348154371976852 0.8055839538574219 0.3348154371976852
0 0.14332736015319825 0.4789907073974609 0.149827840924263 0.4789907073974609 0.149827840924263 0.4869117188453674 0.14332736015319825 0.4869117188453674
0 0.5289741134643555 0.5286874008178711 0.5363273119926453 0.5286874008178711 0.5363273119926453 0.5385599166154862 0.5289741134643555 0.5385599166154862
0 0.20477617263793946 0.17296443939208983 0.2124300080537796 0.17296443939208983 0.2124300080537796 0.18287802696228028 0.20477617263793946 0.18287802696228028
0 0.4513129425048828 0.29071884155273436 0.45790420711040497 0.29071884155273436 0.45790420711040497 0.29990014612674715 0.4513129425048828 0.29990014612674715
0 0.5600844573974609 0.1963331413269043 0.5674897605180741 0.1963331413269043 0.5674897605180741 0.20495334923267364 0.5600844573974609 0.20495334923267364
0 0.5717610168457031 0.5242977905273437 0.5791286462545394 0.5242977905273437 0.5791286462545394 0.5334214001893997 0.5717610168457031 0.5334214001893997
0 0.843619384765625 0.36699844360351563 0.8500413239002228 0.36699844360351563 0.8500413239002228 0.37541157066822056 0.843619384765625 0.37541157066822056
0 0.8998131561279297 0.17353664398193358 0.9075207960605621 0.17353664398193358 0.9075207960605621 0.18256069600582123 0.8998131561279297 0.18256069600582123
0 0.5923859786987304 0.2877696990966797 0.5995907884836196 0.2877696990966797 0.5995907884836196 0.29802427768707274 0.5923859786987304 0.29802427768707274
0 0.4795210266113281 0.34449569702148436 0.48743578433990475 0.34449569702148436 0.48743578433990475 0.3540086823701859 0.4795210266113281 0.3540086823701859
0 0.1273610019683838 0.16951515197753905 0.13515771090984346 0.16951515197753905 0.13515771090984346 0.17827191829681396 0.1273610019683838 0.17827191829681396
0 0.61794677734375 0.14849480628967285 0.6254721993207931 0.14849480628967285 0.6254721993207931 0.15571668982505799 0.61794677734375 0.15571668982505799
0 0.17568021774291992 0.4825712966918945 0.18248692393302915 0.4825712966918945 0.18248692393302915 0.49202791154384606 0.17568021774291992 0.49202791154384606
0 0.2559493064880371 0.30914304733276365 0.2632850283384323 0.30914304733276365 0.2632850283384323 0.31831521987915035 0.2559493064880371 0.31831521987915035
0 0.16715599060058595 0.17735342025756837 0.17466099321842196 0.17735342025756837 0.17466099321842196 0.18741908192634582 0.16715599060058595 0.18741908192634582
0 0.12424723625183105 0.22640199661254884 0.13074477434158324 0.22640199661254884 0.13074477434158324 0.23447496354579925 0.12424723625183105 0.23447496354579925
0 0.8531455230712891 0.2292811965942383 0.8584760451316834 0.2292811965942383 0.8584760451316834 0.23599213838577268 0.8531455230712891 0.23599213838577268
0 0.8058366394042968 0.37165843963623046 0.8139249801635741 0.37165843963623046 0.8139249801635741 0.38080845534801483 0.8058366394042968 0.38080845534801483
0 0.4382590103149414 0.1906130027770996 0.4443020820617676 0.1906130027770996 0.4443020820617676 0.19870901584625245 0.4382590103149414 0.19870901584625245
0 0.8423920440673828 0.3323038482666016 0.8486126029491424 0.3323038482666016 0.8486126029491424 0.34011638760566715 0.8423920440673828 0.34011638760566715
0 0.48740936279296876 0.5232122421264649 0.4956072950363159 0.5232122421264649 0.4956072950363159 0.5331178843975067 0.48740936279296876 0.5331178843975067
0 0.7715631866455078 0.2221816062927246 0.7786094349622726 0.2221816062927246 0.7786094349622726 0.2305779129266739 0.7715631866455078 0.2305779129266739
0 0.21055023193359376 0.308742561340332 0.21753291726112367 0.308742561340332 0.21753291726112367 0.3180429708957672 0.21055023193359376 0.3180429708957672
0 0.2986863327026367 0.48488590240478513 0.3066267287731171 0.48488590240478513 0.3066267287731171 0.49512885928153993 0.2986863327026367 0.49512885928153993
0 0.15872315406799317 0.527652587890625 0.16511169254779817 0.527652587890625 0.16511169254779817 0.5354210901260376 0.15872315406799317 0.5354210901260376
0 0.14728251457214356 0.3646500396728516 0.15298171639442443 0.3646500396728516 0.15298171639442443 0.3718891489505768 0.14728251457214356 0.3718891489505768
0 0.25381481170654296 0.16976179122924806 0.2618597716093063 0.16976179122924806 0.2618597716093063 0.17987564086914065 0.25381481170654296 0.17987564086914065
0 0.7722416687011718 0.16989795684814454 0.7785130310058593 0.16989795684814454 0.7785130310058593 0.177974916100502 0.7722416687011718 0.177974916100502
0 0.47716331481933594 0.2015666198730469 0.4839978033304214 0.2015666198730469 0.4839978033304214 0.21157699823379517 0.47716331481933594 0.21157699823379517
0 0.3021026802062988 0.3168947410583496 0.30865180552005766 0.3168947410583496 0.30865180552005766 0.3248843771219253 0.3021026802062988 0.3248843771219253
0 0.52225341796875 0.20348175048828124 0.5307873392105104 0.20348175048828124 0.5307873392105104 0.2134236621856689 0.52225341796875 0.2134236621856689
0 0.13895058631896973 0.3081766891479492 0.14638668835163118 0.3081766891479492 0.14638668835163118 0.31788442194461825 0.13895058631896973 0.31788442194461825
0 0.5945913696289062 0.4204388427734375 0.6015510928630828 0.4204388427734375 0.6015510928630828 0.4313050377368927 0.5945913696289062 0.4313050377368927
0 0.5386708068847657 0.2872888946533203 0.5459523248672487 0.2872888946533203 0.5459523248672487 0.2972944700717926 0.5386708068847657 0.2972944700717926
0 0.2999699020385742 0.1743581962585449 0.30701304554939274 0.1743581962585449 0.30701304554939274 0.1830209982395172 0.2999699020385742 0.1830209982395172
0 0.8145983123779297 0.17293575286865234 0.8223167759180068 0.17293575286865234 0.8223167759180068 0.18201328933238983 0.8145983123779297 0.18201328933238983
0 0.3079287719726562 0.35300281524658206 0.31591710269451134 0.35300281524658206 0.31591710269451134 0.3622106641530991 0.3079287719726562 0.3622106641530991
0 0.48760711669921875 0.2803120994567871 0.49638189613819117 0.2803120994567871 0.49638189613819117 0.2903240191936493 0.48760711669921875 0.2903240191936493
0 0.17608533859252928 0.36274784088134765 0.1833693253993988 0.36274784088134765 0.1833693253993988 0.3715410143136978 0.17608533859252928 0.3715410143136978
0 0.1692434310913086 0.3084881591796875 0.17691366374492648 0.3084881591796875 0.17691366374492648 0.31785351753234864 0.1692434310913086 0.31785351753234864
0 0.20036594390869142 0.22469091415405273 0.2081093800067902 0.22469091415405273 0.2081093800067902 0.23435124933719634 0.20036594390869142 0.23435124933719634
0 0.2481327819824219 0.22261138916015624 0.25569768130779263 0.22261138916015624 0.25569768130779263 0.23372793078422546 0.2481327819824219 0.23372793078422546
0 0.1351490592956543 0.5252298355102539 0.14231414020061492 0.5252298355102539 0.14231414020061492 0.5331155461072922 0.1351490592956543 0.5331155461072922
0 0.589101448059082 0.34311511993408206 0.5976163256168365 0.34311511993408206 0.5976163256168365 0.3526206338405609 0.589101448059082 0.3526206338405609
0 0.1827554702758789 0.5250485229492188 0.19092976033687592 0.5250485229492188 0.19092976033687592 0.5342608392238617 0.1827554702758789 0.5342608392238617
0 0.44402931213378904 0.5358200073242188 0.45153622210025784 0.5358200073242188 0.45153622210025784 0.5450520884990693 0.44402931213378904 0.5450520884990693
0 0.6123251724243164 0.5352994918823242 0.6194551670551299 0.5352994918823242 0.6194551670551299 0.5437964630126952 0.6123251724243164 0.5437964630126952
0 0.1511514949798584 0.22583066940307617 0.15773953616619107 0.22583066940307617 0.15773953616619107 0.23449948012828822 0.1511514949798584 0.23449948012828822
0 0.21067041397094727 0.5254757690429688 0.21804953157901766 0.5254757690429688 0.21804953157901766 0.533820192217827 0.21067041397094727 0.533820192217827
0 0.5423462677001953 0.34541782379150393 0.5491311061382294 0.34541782379150393 0.5491311061382294 0.3533093845844269 0.5423462677001953 0.3533093845844269
0 0.9344514465332031 0.33181514739990237 0.9420814913511276 0.33181514739990237 0.9420814913511276 0.3413753318786621 0.9344514465332031 0.3413753318786621
0 0.20128107070922852 0.35820152282714846 0.207848619222641 0.35820152282714846 0.207848619222641 0.367324104309082 0.20128107070922852 0.367324104309082
0 0.2873675346374512 0.22278783798217774 0.2955974924564362 0.22278783798217774 0.2955974924564362 0.2334747612476349 0.2873675346374512 0.2334747612476349
0 0.7739459228515625 0.381009521484375 0.7814174658060075 0.381009521484375 0.7814174658060075 0.3908168512582779 0.7739459228515625 0.3908168512582779
0 0.862134780883789 0.18076311111450194 0.870362343788147 0.18076311111450194 0.870362343788147 0.1908695685863495 0.862134780883789 0.1908695685863495
0 0.2507090377807617 0.3583869934082031 0.25733898162841795 0.3583869934082031 0.25733898162841795 0.3687422561645508 0.2507090377807617 0.3687422561645508
0 0.9354827880859375 0.37542499542236324 0.9424276661872865 0.37542499542236324 0.9424276661872865 0.38350298225879664 0.9354827880859375 0.38350298225879664
0 0.9323210144042968 0.23297767639160155 0.9393684458732604 0.23297767639160155 0.9393684458732604 0.24292779028415679 0.9323210144042968 0.24292779028415679
0 0.7686721038818359 0.32632789611816404 0.7754027086496353 0.32632789611816404 0.7754027086496353 0.3339430594444275 0.7686721038818359 0.3339430594444275
0 0.9398429870605469 0.18245698928833007 0.9479053646326066 0.18245698928833007 0.9479053646326066 0.19272115349769592 0.9398429870605469 0.19272115349769592
0 0.6356280899047851 0.28689401626586913 0.6426857531070709 0.28689401626586913 0.6426857531070709 0.29696882963180543 0.6356280899047851 0.29696882963180543
0 0.8938548278808593 0.24248119354248046 0.9023796415328978 0.24248119354248046 0.9023796415328978 0.2518146115541458 0.8938548278808593 0.2518146115541458
0 0.5134336405623716 0.14698162729658792 0.5222690186982442 0.14698162729658792 0.5222690186982442 0.16141732283464566 0.5134336405623716 0.16141732283464566
0 0.5998240045575699 0.19028871391076116 0.6106228000569698 0.19028871391076116 0.6106228000569698 0.20209973753280838 0.5998240045575699 0.20209973753280838
