0 0.829677963256836 0.6155961990356446 0.8369737935066225 0.6155961990356446 0.8369737935066225 0.6248040479421616 0.829677963256836 0.6248040479421616
0 0.516873779296875 0.45700065612792967 0.525393151640892 0.45700065612792967 0.525393151640892 0.4674556148052216 0.516873779296875 0.4674556148052216
0 0.7810105895996093 0.6787523651123046 0.7878326874971389 0.6787523651123046 0.7878326874971389 0.6866456657648086 0.7810105895996093 0.6866456657648086
0 0.7907872772216797 0.6165715026855468 0.7981248623132706 0.6165715026855468 0.7981248623132706 0.6271428787708283 0.7907872772216797 0.6271428787708283
0 0.8144509887695313 0.5194010543823242 0.8226006013154984 0.5194010543823242 0.8226006013154984 0.5304881858825683 0.8144509887695313 0.5304881858825683
0 0.8352761077880859 0.6780728149414063 0.8430596870183945 0.6780728149414063 0.8430596870183945 0.6868683606386186 0.8352761077880859 0.6868683606386186
0 0.5545098876953125 0.7288188171386719 0.5624890518188478 0.7288188171386719 0.5624890518188478 0.7384067130088806 0.5545098876953125 0.7384067130088806
0 0.5473504638671876 0.4603475570678711 0.5553242456912996 0.4603475570678711 0.5553242456912996 0.46934925436973574 0.5473504638671876 0.46934925436973574
0 0.5793689346313476 0.46732952117919924 0.5873750084638595 0.46732952117919924 0.5873750084638595 0.47741589665412903 0.5793689346313476 0.47741589665412903
0 0.7659510803222657 0.7835050201416016 0.7742044293880463 0.7835050201416016 0.7742044293880463 0.7930555987358093 0.7659510803222657 0.7930555987358093
0 0.4601246643066406 0.8259711456298828 0.4677312886714935 0.8259711456298828 0.4677312886714935 0.8345259499549866 0.4601246643066406 0.8345259499549866
0 0.5805639266967774 0.5208581924438477 0.5882511037588121 0.5208581924438477 0.5882511037588121 0.530533766746521 0.5805639266967774 0.530533766746521
0 0.7944281768798828 0.4547645950317383 0.8035749930143355 0.4547645950317383 0.8035749930143355 0.46615203976631164 0.7944281768798828 0.46615203976631164
0 0.5071568298339844 0.8342755889892578 0.5141115254163743 0.8342755889892578 0.5141115254163743 0.843554829955101 0.5071568298339844 0.843554829955101
0 0.5377306747436523 0.8245853424072267 0.5444344288110733 0.8245853424072267 0.5444344288110733 0.8339959830045701 0.5377306747436523 0.8339959830045701
0 0.47563369750976564 0.5195205307006836 0.482645229101181 0.5195205307006836 0.482645229101181 0.5297649097442627 0.47563369750976564 0.5297649097442627
0 0.5234013366699218 0.5238021087646484 0.531692596077919 0.5238021087646484 0.531692596077919 0.5340108716487885 0.5234013366699218 0.5340108716487885
0 0.517672004699707 0.678900375366211 0.5257676202058791 0.678900375366211 0.5257676202058791 0.6898385548591613 0.517672004699707 0.6898385548591613
0 0.45372058868408205 0.7823731231689454 0.4610086417198182 0.7823731231689454 0.4610086417198182 0.7914195293188095 0.45372058868408205 0.7914195293188095
0 0.5871579742431641 0.6885685729980469 0.5952830427885055 0.6885685729980469 0.5952830427885055 0.6992702019214628 0.5871579742431641 0.6992702019214628
0 0.799793472290039 0.7818656158447266 0.8077641195058822 0.7818656158447266 0.8077641195058822 0.7918296051025391 0.799793472290039 0.7918296051025391
0 0.5784106826782227 0.824046859741211 0.5866843175888062 0.824046859741211 0.5866843175888062 0.834051960706711 0.5784106826782227 0.834051960706711
0 0.8985277557373047 0.61669677734375 0.9054187548160553 0.61669677734375 0.9054187548160553 0.6247997081279755 0.8985277557373047 0.6247997081279755
0 0.900830307006836 0.4687071990966797 0.9083716970682144 0.4687071990966797 0.9083716970682144 0.4780233615636825 0.900830307006836 0.4780233615636825
0 0.7716831207275391 0.8482989501953125 0.7793054771423341 0.8482989501953125 0.7793054771423341 0.8579271668195725 0.7716831207275391 0.8579271668195725
0 0.5416514205932618 0.6286527633666992 0.5492471039295198 0.6286527633666992 0.5492471039295198 0.6387498128414153 0.5416514205932618 0.6387498128414153
0 0.8462516021728516 0.5208142852783203 0.8545196181535721 0.5208142852783203 0.8545196181535721 0.531318736076355 0.8462516021728516 0.531318736076355
0 0.5136776733398437 0.6320442199707031 0.5211296993494033 0.6320442199707031 0.5211296993494033 0.6424625337123872 0.5136776733398437 0.6424625337123872
0 0.5455335235595703 0.7711742401123047 0.5528680330514907 0.7711742401123047 0.5528680330514907 0.7799484390020371 0.5455335235595703 0.7799484390020371
0 0.8080198669433594 0.6149886322021484 0.8155422133207321 0.6149886322021484 0.8155422133207321 0.624871346950531 0.8080198669433594 0.624871346950531
0 0.9130813598632812 0.7719886779785157 0.9196166753768921 0.7719886779785157 0.9196166753768921 0.7799333679676056 0.9130813598632812 0.7799333679676056
0 0.4509938812255859 0.4598298263549805 0.4586079579591751 0.4598298263549805 0.4586079579591751 0.4694284743070602 0.4509938812255859 0.4694284743070602
0 0.9156131744384766 0.6786109161376953 0.9222190475463867 0.6786109161376953 0.9222190475463867 0.6871031832695008 0.9156131744384766 0.6871031832695008
0 0.5977978897094727 0.6289122772216796 0.6045555818080902 0.6289122772216796 0.6045555818080902 0.6375065726041793 0.5977978897094727 0.6375065726041793
0 0.8179308319091797 0.8388671112060547 0.8253521037101745 0.8388671112060547 0.8253521037101745 0.8483288252353668 0.8179308319091797 0.8483288252353668
0 0.49975555419921874 0.5169596862792969 0.5071083980798721 0.5169596862792969 0.5071083980798721 0.5271996772289276 0.49975555419921874 0.5271996772289276
0 0.768797378540039 0.6788397216796875 0.7750368040800095 0.6788397216796875 0.7750368040800095 0.6876245146989822 0.768797378540039 0.6876245146989822
0 0.909024887084961 0.5237010192871093 0.9161942112445832 0.5237010192871093 0.9161942112445832 0.5331824594736099 0.909024887084961 0.5331824594736099
0 0.48866729736328124 0.46059474945068357 0.4958656311035156 0.46059474945068357 0.4958656311035156 0.47005053400993346 0.48866729736328124 0.47005053400993346
0 0.8095445251464843 0.6813742828369141 0.817337212562561 0.6813742828369141 0.817337212562561 0.6911134225130081 0.8095445251464843 0.6911134225130081
0 0.8490074920654297 0.6099174118041992 0.8551651233434677 0.6099174118041992 0.8551651233434677 0.6185477989912034 0.8490074920654297 0.6185477989912034
0 0.48925640106201174 0.7793003845214844 0.4968117785453797 0.7793003845214844 0.4968117785453797 0.7879557549953462 0.48925640106201174 0.7879557549953462
0 0.7761045074462891 0.5145856475830078 0.784640321135521 0.5145856475830078 0.784640321135521 0.524845404624939 0.7761045074462891 0.524845404624939
0 0.5480960083007812 0.5148741149902344 0.5562450295686721 0.5148741149902344 0.5562450295686721 0.525285906791687 0.5480960083007812 0.525285906791687
0 0.8908552551269531 0.6572895812988281 0.8978767228126525 0.6572895812988281 0.8978767228126525 0.6657065427303314 0.8908552551269531 0.6657065427303314
0 0.8507215881347656 0.7775834655761719 0.8573365098237992 0.7775834655761719 0.8573365098237992 0.7859790408611298 0.8507215881347656 0.7859790408611298
0 0.9171636962890625 0.8224176025390625 0.9244452142715455 0.8224176025390625 0.9244452142715455 0.8312967157363892 0.9171636962890625 0.8312967157363892
0 0.4368142318725586 0.8283122253417968 0.4456255912780762 0.8283122253417968 0.4456255912780762 0.8376974081993103 0.4368142318725586 0.8376974081993103
0 0.4811433792114258 0.6296583557128906 0.4893745493888855 0.6296583557128906 0.4893745493888855 0.6389025330543517 0.4811433792114258 0.6389025330543517
0 0.6031063842773438 0.5149974822998047 0.6113124191761017 0.5149974822998047 0.6113124191761017 0.5262388610839844 0.6031063842773438 0.5262388610839844
0 0.444102783203125 0.618689079284668 0.4517920303344727 0.618689079284668 0.4517920303344727 0.6278946751356125 0.444102783203125 0.6278946751356125
0 0.8343344879150391 0.47181842803955076 0.8421930009126664 0.47181842803955076 0.8421930009126664 0.48121076583862304 0.8343344879150391 0.48121076583862304
0 0.8787747192382812 0.7765492248535156 0.8843869376182555 0.7765492248535156 0.8843869376182555 0.7839832592010497 0.8787747192382812 0.7839832592010497
0 0.8835631561279297 0.5147034835815429 0.8907853537797928 0.5147034835815429 0.8907853537797928 0.5237124544382095 0.8835631561279297 0.5237124544382095
0 0.4479938507080078 0.5187192535400391 0.4556093466281891 0.5187192535400391 0.4556093466281891 0.5274391376972198 0.4479938507080078 0.5274391376972198
0 0.5528910446166992 0.8282398223876954 0.5603995513916016 0.8282398223876954 0.5603995513916016 0.8391935777664186 0.5528910446166992 0.8391935777664186
0 0.4829832077026367 0.829943084716797 0.4904850614070892 0.829943084716797 0.4904850614070892 0.8397782832384111 0.4829832077026367 0.8397782832384111
0 0.8607902526855469 0.6691008758544922 0.8688859868049621 0.6691008758544922 0.8688859868049621 0.6783713412284852 0.8607902526855469 0.6783713412284852
0 0.6167096129242091 0.45992778409078877 0.625869099829383 0.45992778409078877 0.625869099829383 0.47551142361103743 0.6167096129242091 0.47551142361103743
0 0.4759865868356281 0.6636282149626119 0.4855624140546736 0.6636282149626119 0.4855624140546736 0.6719765932770309 0.4759865868356281 0.6719765932770309
0 0.4759865868356281 0.6836643229172175 0.48639509468241665 0.6836643229172175 0.48639509468241665 0.6942389354488148 0.4759865868356281 0.6942389354488148
0 0.8530318692033458 0.8211342858279836 0.8651057383056207 0.8211342858279836 0.8651057383056207 0.837274483902527 0.8530318692033458 0.837274483902527
0 0.8746815655246661 0.6897864670144582 0.885506413685326 0.6897864670144582 0.885506413685326 0.7003610795460554 0.8746815655246661 0.7003610795460554
0 0.8746815655246661 0.6185469720647494 0.8850900733714545 0.6185469720647494 0.8850900733714545 0.6285650260420522 0.8746815655246661 0.6285650260420522
0 0.9192299791089209 0.6074158009788575 0.9296384869557094 0.6074158009788575 0.9296384869557094 0.6213297648362225 0.9192299791089209 0.6213297648362225
0 0.763102361407093 0.6263387918248738 0.7710128273706522 0.6263387918248738 0.7710128273706522 0.6402527556822389 0.763102361407093 0.6402527556822389
0 0.8738488848969229 0.4593712255364942 0.8855064136853261 0.4593712255364942 0.8855064136853261 0.46938927951379694 0.8738488848969229 0.46938927951379694
