0 0.44182541051864016 0.15084418269271954 0.45027108179928 0.15084418269271954 0.45027108179928 0.15753459356327817 0.44182541051864016 0.15753459356327817
0 0.48217695108169706 0.1500078813338997 0.4887458065221948 0.1500078813338997 0.4887458065221948 0.15586199084563854 0.48217695108169706 0.15586199084563854
0 0.5021963200432137 0.15084418269271954 0.5100163860438061 0.15084418269271954 0.5100163860438061 0.15878904560150792 0.5021963200432137 0.15878904560150792
0 0.5416094526861996 0.15335308676917905 0.5497423213268157 0.15335308676917905 0.5497423213268157 0.1604616483191476 0.5416094526861996 0.1604616483191476
0 0.4421382131586638 0.2001859628630897 0.44933267387920883 0.2001859628630897 0.44933267387920883 0.20980342848951777 0.4421382131586638 0.20980342848951777
0 0.47998733260153126 0.2001859628630897 0.48843300388217104 0.2001859628630897 0.48843300388217104 0.20938527781010785 0.47998733260153126 0.20938527781010785
0 0.5112675966039009 0.2001859628630897 0.5175236494043748 0.2001859628630897 0.5175236494043748 0.21063972984833765 0.5112675966039009 0.21063972984833765
0 0.546301492286555 0.20353116829836904 0.5538087556471238 0.20353116829836904 0.5538087556471238 0.21189418188656733 0.546301492286555 0.21189418188656733
0 0.5807097826891617 0.20144041490131945 0.5885298486897541 0.20144041490131945 0.5885298486897541 0.21105788052774754 0.5807097826891617 0.21105788052774754
0 0.44265524231572784 0.3038838755660101 0.4498936505146233 0.3038838755660101 0.4498936505146233 0.3139056687088924 0.44265524231572784 0.3139056687088924
0 0.44265524231572784 0.3505370505414966 0.45066919425021934 0.3505370505414966 0.45066919425021934 0.36194115997994875 0.44265524231572784 0.36194115997994875
0 0.468506700168926 0.3467356807286793 0.47626213752488533 0.3467356807286793 0.47626213752488533 0.35641189479766905 0.468506700168926 0.35641189479766905
0 0.4788472833102052 0.2959355568664827 0.4863442060876327 0.2959355568664827 0.4863442060876327 0.3031927174182251 0.4788472833102052 0.3031927174182251
0 0.5021135953780835 0.34604452258089424 0.508576459841383 0.34604452258089424 0.508576459841383 0.35537515757599153 0.5021135953780835 0.35537515757599153
0 0.5279650532312816 0.34846357609814177 0.5344279176945812 0.34846357609814177 0.5344279176945812 0.359176527388809 0.5279650532312816 0.359176527388809
0 0.5532994819274158 0.35468399942820655 0.5602793755477793 0.35468399942820655 0.5602793755477793 0.36401463442330384 0.5532994819274158 0.36401463442330384
0 0.5191755575611943 0.3069940872310425 0.5266724803386217 0.3069940872310425 0.5266724803386217 0.3145968268566773 0.5191755575611943 0.3145968268566773
0 0.5437344425217324 0.29973692667930013 0.549680277827968 0.29973692667930013 0.549680277827968 0.3114866151916449 0.5437344425217324 0.3114866151916449
0 0.564674123382823 0.29075187075809533 0.5713955024246545 0.29075187075809533 0.5713955024246545 0.30077366390097765 0.564674123382823 0.30077366390097765
0 0.45066919425021895 0.45697540530038444 0.45790760244911444 0.45697540530038444 0.45790760244911444 0.46768835659105146 0.45066919425021895 0.46768835659105146
0 0.47548659378928937 0.45835772159595434 0.4842760894593768 0.45835772159595434 0.4842760894593768 0.46665161936937416 0.47548659378928937 0.46665161936937416
0 0.5044402265848713 0.46181351233487933 0.510386061891107 0.46181351233487933 0.510386061891107 0.4714897264038691 0.5044402265848713 0.4714897264038691
0 0.5401152384222847 0.46008561696541683 0.549680277827968 0.46008561696541683 0.549680277827968 0.4707985682560841 0.5401152384222847 0.4707985682560841
0 0.5794094543591458 0.4604311960393093 0.5869063771365733 0.4604311960393093 0.5869063771365733 0.4714897264038691 0.5794094543591458 0.4714897264038691
0 0.4522202817214111 0.5157238478621082 0.4604927482344345 0.5157238478621082 0.4604927482344345 0.525400061931098 0.4522202817214111 0.525400061931098
0 0.4842760894593768 0.5188340595271407 0.4899634101870804 0.5188340595271407 0.4899634101870804 0.5316204852611628 0.4842760894593768 0.5316204852611628
0 0.5150393243046825 0.5174517432315707 0.523311790817706 0.5174517432315707 0.523311790817706 0.5264367991527755 0.5150393243046825 0.5264367991527755
0 0.5530409673488839 0.5105401617537207 0.561571948440439 0.5105401617537207 0.561571948440439 0.5184884804532481 0.5530409673488839 0.5184884804532481
0 0.5778583668879539 0.507775529162581 0.5843212313512534 0.507775529162581 0.5843212313512534 0.5174517432315708 0.5778583668879539 0.5174517432315708
0 0.45894166076324266 0.6183608328081787 0.46643858354067 0.6183608328081787 0.46643858354067 0.6259635724338135 0.45894166076324266 0.6259635724338135
0 0.4881538081373565 0.6193975700298562 0.49590924549331594 0.6193975700298562 0.49590924549331594 0.6297649422466309 0.4881538081373565 0.6297649422466309
0 0.5155563534617466 0.6211254653993186 0.5225362470821101 0.6211254653993186 0.5225362470821101 0.6314928376160934 0.5155563534617466 0.6314928376160934
0 0.5558846277127356 0.6218166235471037 0.5620889775975031 0.6218166235471037 0.5620889775975031 0.6342574702072333 0.5558846277127356 0.6342574702072333
0 0.5889744937648292 0.6207798863254261 0.5962129019637247 0.6207798863254261 0.5962129019637247 0.6321839957638783 0.5889744937648292 0.6321839957638783
0 0.44989365051462327 0.6684697985225903 0.45790760244911477 0.6684697985225903 0.45790760244911477 0.67814601259158 0.44989365051462327 0.67814601259158
0 0.48169094367405696 0.6874766475866773 0.4889293518729525 0.6874766475866773 0.4889293518729525 0.6968072825817745 0.48169094367405696 0.6968072825817745
0 0.5119371493622988 0.6760725381482249 0.5196925867182581 0.6760725381482249 0.5196925867182581 0.6867854894388923 0.5119371493622988 0.6867854894388923
0 0.5403737530008168 0.6888589638822473 0.549421763249436 0.6888589638822473 0.549421763249436 0.6971528616556671 0.5403737530008168 0.6971528616556671
0 0.5807020272518059 0.6867854894388924 0.5871648917151053 0.6867854894388924 0.5871648917151053 0.697844019803452 0.5807020272518059 0.697844019803452
0 0.7890521039179031 0.30803082445271995 0.7947394246456068 0.30803082445271995 0.7947394246456068 0.31667030130003215 0.7890521039179031 0.31667030130003215
0 0.8138695034569736 0.30630292908325746 0.8211079116558689 0.30630292908325746 0.8211079116558689 0.31563356407835474 0.8138695034569736 0.31563356407835474
0 0.8417890779384274 0.3094131407482899 0.8467008549305353 0.3094131407482899 0.8467008549305353 0.3194349338911721 0.8417890779384274 0.3194349338911721
0 0.8764300314617128 0.31597914315224723 0.8831514105035444 0.31597914315224723 0.8831514105035444 0.32461861999955954 0.8764300314617128 0.32461861999955954
0 0.7906031913890951 0.3588309483149164 0.7947394246456069 0.3588309483149164 0.7947394246456069 0.3681615833100138 0.7906031913890951 0.3681615833100138
0 0.8213664262344009 0.36194115997994886 0.8280878052762326 0.36194115997994886 0.8280878052762326 0.3726541112706161 0.8213664262344009 0.3726541112706161
0 0.8560073797576864 0.3688527414577987 0.8619532150639219 0.3688527414577987 0.8619532150639219 0.37818337645289607 0.8560073797576864 0.37818337645289607
0 0.8859950708673963 0.37576432293564854 0.8906483332809718 0.37576432293564854 0.8906483332809718 0.3885507486696707 0.8859950708673963 0.3885507486696707
0 0.8981452560583995 0.3705806368272613 0.9059006934143589 0.3705806368272613 0.9059006934143589 0.37852895552678856 0.8981452560583995 0.37852895552678856
0 0.9069347517284867 0.3145968268566773 0.9121050432991263 0.3145968268566773 0.9121050432991263 0.32461861999955954 0.9069347517284867 0.32461861999955954
0 0.7719901417347925 0.45870330066984694 0.7766434041483681 0.45870330066984694 0.7766434041483681 0.4694162519605142 0.7719901417347925 0.4694162519605142
0 0.7988756579021186 0.4549019308570294 0.8048214932083543 0.4549019308570294 0.8048214932083543 0.4659604612215892 0.7988756579021186 0.4659604612215892
0 0.8257611740694446 0.46181351233487933 0.8324825531112761 0.46181351233487933 0.8324825531112761 0.4728720426994391 0.8257611740694446 0.4728720426994391
0 0.8591095547000701 0.4631958286304493 0.8676405357916257 0.4631958286304493 0.8676405357916257 0.47010741010829915 0.8591095547000701 0.47010741010829915
0 0.8844439833962043 0.45939445881763186 0.8921994207521639 0.45939445881763186 0.8921994207521639 0.4694162519605141 0.8844439833962043 0.4694162519605141
0 0.7704390542636007 0.5174517432315707 0.7792285499336881 0.5174517432315707 0.7792285499336881 0.5257456410049904 0.7704390542636007 0.5257456410049904
0 0.8009437745303744 0.5188340595271407 0.8074066389936738 0.5188340595271407 0.8074066389936738 0.528855852670023 0.8009437745303744 0.528855852670023
0 0.8298974073259562 0.5181429013793557 0.8361017572107238 0.5181429013793557 0.8361017572107238 0.5281646945222378 0.8298974073259562 0.5281646945222378
0 0.859368069278602 0.5105401617537209 0.8637628171136458 0.5105401617537209 0.8637628171136458 0.5191796386010331 0.859368069278602 0.5191796386010331
0 0.8909068478595039 0.5122680571231832 0.8986622852154634 0.5122680571231832 0.8986622852154634 0.5202163758227106 0.8909068478595039 0.5202163758227106
0 0.7727656854703884 0.6131771466997913 0.778970035355156 0.6131771466997913 0.778970035355156 0.6249268352121361 0.7727656854703884 0.6249268352121361
0 0.8050800077868862 0.6145594629953612 0.8102502993575259 0.6145594629953612 0.8102502993575259 0.6252724142860285 0.8050800077868862 0.6252724142860285
0 0.8394624467316396 0.6180152537342861 0.8443742237237473 0.6180152537342861 0.8443742237237473 0.6263091515077059 0.8394624467316396 0.6263091515077059
0 0.8707427107340092 0.6149050420692537 0.8777226043543729 0.6149050420692537 0.8777226043543729 0.6231989398426736 0.8707427107340092 0.6231989398426736
0 0.9105539558279345 0.6090301978130813 0.91649979113417 0.6090301978130813 0.91649979113417 0.6183608328081786 0.9105539558279345 0.6183608328081786
0 0.7717316271562605 0.6670874822270202 0.7776774624624962 0.6670874822270202 0.7776774624624962 0.6805650661088272 0.7717316271562605 0.6805650661088272
0 0.8048214932083542 0.6653595868575577 0.8105088139360577 0.6653595868575577 0.8105088139360577 0.6767636962960099 0.8048214932083542 0.6767636962960099
0 0.8464423403520032 0.6726167474092999 0.8539392631294305 0.6726167474092999 0.8539392631294305 0.6822929614782896 0.8464423403520032 0.6822929614782896
0 0.8797907209826286 0.6643228496358802 0.8870291291815241 0.6643228496358802 0.8870291291815241 0.6726167474093001 0.8797907209826286 0.6726167474093001
0 0.9146901890844461 0.6591391635274928 0.9206360243906817 0.6591391635274928 0.9206360243906817 0.6698521148181601 0.9146901890844461 0.6698521148181601
