0 0.5005442428588868 0.5298753356933594 0.5083084827661515 0.5298753356933594 0.5083084827661515 0.5398842310905457 0.5005442428588868 0.5398842310905457
0 0.5166168212890625 0.6863390350341797 0.524537079334259 0.6863390350341797 0.524537079334259 0.6959310418367386 0.5166168212890625 0.6959310418367386
0 0.547906265258789 0.8425907897949219 0.5564278256893158 0.8425907897949219 0.5564278256893158 0.853912969827652 0.547906265258789 0.853912969827652
0 0.46929824829101563 0.3733220672607422 0.4767985934019089 0.3733220672607422 0.4767985934019089 0.38367887139320367 0.46929824829101563 0.38367887139320367
0 0.21799058914184571 0.7726306915283203 0.22527367413043978 0.7726306915283203 0.22527367413043978 0.7824786978960038 0.21799058914184571 0.7824786978960038
0 0.5070014190673828 0.8434964752197266 0.5150294345617294 0.8434964752197266 0.5150294345617294 0.8540449631214141 0.5070014190673828 0.8540449631214141
0 0.44586082458496096 0.37261951446533204 0.4540597915649414 0.37261951446533204 0.4540597915649414 0.3823552936315536 0.44586082458496096 0.3823552936315536
0 0.7736970520019532 0.7627748870849609 0.782243629693985 0.7627748870849609 0.782243629693985 0.771965342760086 0.7736970520019532 0.771965342760086
0 0.5397389602661132 0.22564741134643554 0.5475748217105865 0.22564741134643554 0.5475748217105865 0.23672206997871398 0.5397389602661132 0.23672206997871398
0 0.5216279220581055 0.3733209609985352 0.5299357414245605 0.3733209609985352 0.5299357414245605 0.38349746704101567 0.5216279220581055 0.38349746704101567
0 0.453204345703125 0.1441504192352295 0.46144444644451144 0.1441504192352295 0.46144444644451144 0.15480310916900636 0.453204345703125 0.15480310916900636
0 0.5070930862426758 0.22691930770874025 0.5150330978631974 0.22691930770874025 0.5150330978631974 0.23738638281822208 0.5070930862426758 0.23738638281822208
0 0.4690147018432617 0.8416588592529296 0.4769810020923615 0.8416588592529296 0.4769810020923615 0.8523109173774719 0.4690147018432617 0.8523109173774719
0 0.43730064392089846 0.22642484664916993 0.44585068166255953 0.22642484664916993 0.44585068166255953 0.23744975686073302 0.43730064392089846 0.23744975686073302
0 0.5779715728759766 0.8433770751953125 0.5865377271175385 0.8433770751953125 0.5865377271175385 0.8535278069972992 0.5779715728759766 0.8535278069972992
0 0.48502052307128907 0.7729823303222657 0.49292046546936036 0.7729823303222657 0.49292046546936036 0.7840076351165771 0.48502052307128907 0.7840076351165771
0 0.4981637573242187 0.37381191253662116 0.5053530716896056 0.37381191253662116 0.5053530716896056 0.3840709972381592 0.4981637573242187 0.3840709972381592
0 0.18898239135742187 0.7706217956542969 0.19633415579795835 0.7706217956542969 0.19633415579795835 0.7803161865472794 0.18898239135742187 0.7803161865472794
0 0.5620854187011719 0.5323963165283203 0.5708477485179901 0.5323963165283203 0.5708477485179901 0.5430764412879944 0.5620854187011719 0.5430764412879944
0 0.5694375228881836 0.4695622634887695 0.578165076971054 0.4695622634887695 0.578165076971054 0.47853368043899536 0.5694375228881836 0.47853368043899536
0 0.46193641662597656 0.4707096099853515 0.4693659090995788 0.4707096099853515 0.4693659090995788 0.4806052511930465 0.46193641662597656 0.4806052511930465
0 0.1625879669189453 0.8352236175537109 0.16986942529678342 0.8352236175537109 0.16986942529678342 0.8439363068342208 0.1625879669189453 0.8439363068342208
0 0.8193762969970703 0.8367725372314452 0.827722736597061 0.8367725372314452 0.827722736597061 0.8466478991508484 0.8193762969970703 0.8466478991508484
0 0.5289502334594727 0.46740524291992186 0.536756996512413 0.46740524291992186 0.536756996512413 0.4775469219684601 0.5289502334594727 0.4775469219684601
0 0.46631660461425783 0.30320716857910157 0.47411848843097687 0.30320716857910157 0.47411848843097687 0.3139412522315979 0.46631660461425783 0.3139412522315979
0 0.579528923034668 0.6845542907714843 0.5870098108053208 0.6845542907714843 0.5870098108053208 0.6960936510562896 0.579528923034668 0.6960936510562896
0 0.5785387420654297 0.7692168426513671 0.5869215542078018 0.7692168426513671 0.5869215542078018 0.7791645455360412 0.5785387420654297 0.7791645455360412
0 0.5842225265502929 0.6240854644775391 0.5922212666273117 0.6240854644775391 0.5922212666273117 0.6337755072116853 0.5842225265502929 0.6337755072116853
0 0.524333610534668 0.14661552429199218 0.5321145284175872 0.14661552429199218 0.5321145284175872 0.1577678608894348 0.524333610534668 0.1577678608894348
0 0.4854698181152344 0.30492698669433593 0.49262858569622037 0.30492698669433593 0.49262858569622037 0.3142769676446915 0.4854698181152344 0.3142769676446915
0 0.43584651947021485 0.4702992248535156 0.443423040509224 0.4702992248535156 0.443423040509224 0.4792700093984604 0.43584651947021485 0.4792700093984604
0 0.25929880142211914 0.7728519439697266 0.26784120976924897 0.7728519439697266 0.26784120976924897 0.783332439661026 0.25929880142211914 0.783332439661026
0 0.4792283248901367 0.5335615539550781 0.4864491921663285 0.5335615539550781 0.4864491921663285 0.5435671687126159 0.4792283248901367 0.5435671687126159
0 0.52834228515625 0.5330094909667968 0.5368249893188478 0.5330094909667968 0.5368249893188478 0.5431674170494079 0.52834228515625 0.5431674170494079
0 0.4560791015625 0.7701206970214843 0.4637911182641983 0.7701206970214843 0.4637911182641983 0.7802632057666778 0.4560791015625 0.7802632057666778
0 0.22508066177368163 0.8417216491699219 0.23290920436382295 0.8417216491699219 0.23290920436382295 0.8521297240257263 0.22508066177368163 0.8521297240257263
0 0.835843734741211 0.773177490234375 0.8443922048807144 0.773177490234375 0.8443922048807144 0.7823472321033478 0.835843734741211 0.7823472321033478
0 0.5526284790039062 0.36832035064697266 0.5610355985164641 0.36832035064697266 0.5610355985164641 0.37812934041023255 0.5526284790039062 0.37812934041023255
0 0.5101558303833008 0.7686073303222656 0.5184666067361832 0.7686073303222656 0.5184666067361832 0.7783568269014358 0.5101558303833008 0.7783568269014358
0 0.7688318634033203 0.8356797790527344 0.7780584627389907 0.8356797790527344 0.7780584627389907 0.8465543937683105 0.7688318634033203 0.8465543937683105
0 0.48693069458007815 0.6177619171142578 0.4954015994071961 0.6177619171142578 0.4954015994071961 0.6280975329875945 0.48693069458007815 0.6280975329875945
0 0.1274636745452881 0.832288818359375 0.13563922107219697 0.832288818359375 0.13563922107219697 0.8417438125610351 0.1274636745452881 0.8417438125610351
0 0.487366828918457 0.68504150390625 0.49529424309730524 0.68504150390625 0.49529424309730524 0.6949937129020691 0.487366828918457 0.6949937129020691
0 0.5373383712768555 0.3078086471557617 0.5447016835212708 0.3078086471557617 0.5447016835212708 0.31802385330200195 0.5373383712768555 0.31802385330200195
0 0.543975944519043 0.6843782806396485 0.5516569703817368 0.6843782806396485 0.5516569703817368 0.6944815754890443 0.543975944519043 0.6944815754890443
0 0.4502721405029297 0.6164431762695313 0.45803768157958985 0.6164431762695313 0.45803768157958985 0.6269328820705413 0.4502721405029297 0.6269328820705413
0 0.5478018951416016 0.6211393356323243 0.5560797882080079 0.6211393356323243 0.5560797882080079 0.631357980966568 0.5478018951416016 0.631357980966568
0 0.5669831848144531 0.22435924530029297 0.5754078108072279 0.22435924530029297 0.5754078108072279 0.23492643117904663 0.5669831848144531 0.23492643117904663
0 0.48569324493408206 0.14855897903442383 0.4941139376163483 0.14855897903442383 0.4941139376163483 0.15804897725582123 0.48569324493408206 0.15804897725582123
0 0.5636872482299805 0.30598508834838867 0.5725116777420045 0.30598508834838867 0.5725116777420045 0.31684395074844357 0.5636872482299805 0.31684395074844357
0 0.5119125366210937 0.3081467056274414 0.5201548260450364 0.3081467056274414 0.5201548260450364 0.31926332592964174 0.5119125366210937 0.31926332592964174
0 0.45018604278564456 0.5348931884765625 0.45847786366939547 0.5348931884765625 0.45847786366939547 0.5442730349302293 0.45018604278564456 0.5442730349302293
0 0.47278423309326173 0.22228950500488281 0.4816672140359879 0.22228950500488281 0.4816672140359879 0.23416523098945619 0.47278423309326173 0.23416523098945619
0 0.49713508605957024 0.46246337890625 0.5055814170837402 0.46246337890625 0.5055814170837402 0.47351497173309326 0.49713508605957024 0.47351497173309326
0 0.8022443389892578 0.7656982421875 0.8109576988220215 0.7656982421875 0.8109576988220215 0.7770709419250489 0.8022443389892578 0.7770709419250489
0 0.2843325614929199 0.8509071350097657 0.29337150156497954 0.8509071350097657 0.29337150156497954 0.8618333768844605 0.2843325614929199 0.8618333768844605
0 0.8472229766845704 0.8385469818115234 0.8535228455066681 0.8385469818115234 0.8535228455066681 0.8466626811027527 0.8472229766845704 0.8466626811027527
0 0.31266590118408205 0.7543402099609375 0.3198718643188477 0.7543402099609375 0.3198718643188477 0.762178720831871 0.31266590118408205 0.762178720831871
0 0.5807597351074218 0.3687663269042969 0.5897519522905349 0.3687663269042969 0.5897519522905349 0.3797173941135406 0.5807597351074218 0.3797173941135406
0 0.4358966064453125 0.8386595153808594 0.44381071329116817 0.8386595153808594 0.44381071329116817 0.8493722915649413 0.4358966064453125 0.8493722915649413
0 0.09347084045410156 0.8353385162353516 0.10008922219276428 0.8353385162353516 0.10008922219276428 0.8438481765985489 0.09347084045410156 0.8438481765985489
0 0.5188659286499023 0.619282112121582 0.528434608578682 0.619282112121582 0.528434608578682 0.6312908184528352 0.5188659286499023 0.6312908184528352
0 0.6055442428588867 0.1551240062713623 0.6142736893892289 0.1551240062713623 0.6142736893892289 0.1664277160167694 0.6055442428588867 0.1664277160167694
0 0.18333402633666993 0.8385023498535156 0.19222000896930694 0.8385023498535156 0.19222000896930694 0.8485852468013763 0.18333402633666993 0.8485852468013763
0 0.6013675689697265 0.7675150299072265 0.609562780857086 0.7675150299072265 0.609562780857086 0.7772694283723831 0.6013675689697265 0.7772694283723831
0 0.45595376244741426 0.6849726251107982 0.46631634795758276 0.6849726251107982 0.46631634795758276 0.694750913662911 0.45595376244741426 0.694750913662911
0 0.12313189841494342 0.764828648286385 0.13227535621803324 0.764828648286385 0.13227535621803324 0.778681223735211 0.12313189841494342 0.778681223735211
0 0.8802102045107837 0.7672732204244129 0.8875249707532554 0.7672732204244129 0.8875249707532554 0.7770515089765256 0.8802102045107837 0.7770515089765256
0 0.8966684285563454 0.8283875238751173 0.9052023225058959 0.8283875238751173 0.9052023225058959 0.8397955271859155 0.8966684285563454 0.8397955271859155
