0 0.2806094169616699 0.9817116546630859 0.28704773902893066 0.9817116546630859 0.28704773902893066 0.9909753996133804 0.2806094169616699 0.9909753996133804
0 0.4762851715087891 0.36485790252685546 0.4838909679651261 0.36485790252685546 0.4838909679651261 0.373707011938095 0.4762851715087891 0.373707011938095
0 0.5393696975708008 0.5314703750610351 0.548341628909111 0.5314703750610351 0.548341628909111 0.5410624212026596 0.5393696975708008 0.5410624212026596
0 0.20409597396850587 0.8241770935058593 0.21178369760513308 0.8241770935058593 0.21178369760513308 0.8337764531373977 0.20409597396850587 0.8337764531373977
0 0.21304737091064452 0.968800811767578 0.2201571679115295 0.968800811767578 0.2201571679115295 0.9771272087097167 0.21304737091064452 0.9771272087097167
0 0.5071152877807618 0.3643069076538086 0.5144976437091828 0.3643069076538086 0.5144976437091828 0.37376605212688446 0.5071152877807618 0.37376605212688446
0 0.49869201660156254 0.9796703338623047 0.505542089343071 0.9796703338623047 0.505542089343071 0.9895099598169327 0.49869201660156254 0.9895099598169327
0 0.1719277572631836 0.4715956497192383 0.17888027966022493 0.4715956497192383 0.17888027966022493 0.4798890781402588 0.1719277572631836 0.4798890781402588
0 0.4459465789794922 0.36309822082519533 0.4538584387302399 0.36309822082519533 0.4538584387302399 0.37196294486522674 0.4459465789794922 0.37196294486522674
0 0.23519327163696288 0.20917652130126954 0.24111141979694364 0.20917652130126954 0.24111141979694364 0.2164427489042282 0.23519327163696288 0.2164427489042282
0 0.5414509201049804 0.7736986541748047 0.5481671530008315 0.7736986541748047 0.5481671530008315 0.7826800721883774 0.5414509201049804 0.7826800721883774
0 0.49104736328125 0.9262831878662109 0.49895653188228606 0.9262831878662109 0.49895653188228606 0.935052484869957 0.49104736328125 0.935052484869957
0 0.5529811096191406 0.4666060638427734 0.560608611702919 0.4666060638427734 0.560608611702919 0.47744383573532106 0.5529811096191406 0.47744383573532106
0 0.22734159469604492 0.5227141952514649 0.23411600887775422 0.5227141952514649 0.23411600887775422 0.5321497797966004 0.22734159469604492 0.5321497797966004
0 0.15035731315612794 0.46774635314941404 0.15817498803138733 0.46774635314941404 0.15817498803138733 0.47702073216438295 0.15035731315612794 0.47702073216438295
0 0.2414255142211914 0.15733866691589354 0.24795689702033996 0.15733866691589354 0.24795689702033996 0.16555044531822205 0.2414255142211914 0.16555044531822205
0 0.5099692535400391 0.5206105422973633 0.5176250845193863 0.5206105422973633 0.5176250845193863 0.530657387971878 0.5099692535400391 0.530657387971878
0 0.48300785064697266 0.20947765350341796 0.49022023081779476 0.20947765350341796 0.49022023081779476 0.21921208918094634 0.48300785064697266 0.21921208918094634
0 0.20317405700683594 0.5206521606445312 0.20929762184619904 0.5206521606445312 0.20929762184619904 0.5277580523490906 0.20317405700683594 0.5277580523490906
0 0.5382228469848633 0.3557626342773437 0.5454005694389343 0.3557626342773437 0.5454005694389343 0.3652514266967773 0.5382228469848633 0.3652514266967773
0 0.5775204086303711 0.530924186706543 0.5855119329690933 0.530924186706543 0.5855119329690933 0.5412794101238251 0.5775204086303711 0.5412794101238251
0 0.14225828170776367 0.6240531539916992 0.14967607855796816 0.6240531539916992 0.14967607855796816 0.6325914347171784 0.14225828170776367 0.6325914347171784
0 0.1662617492675781 0.6288597869873047 0.1722983598709106 0.6288597869873047 0.1722983598709106 0.6375043261051179 0.1662617492675781 0.6375043261051179
0 0.5524733734130859 0.1988214683532715 0.5601590126752852 0.1988214683532715 0.5601590126752852 0.20774384737014773 0.5524733734130859 0.20774384737014773
0 0.47610595703125 0.1485797119140625 0.4832762867212296 0.1485797119140625 0.4832762867212296 0.15644981741905212 0.47610595703125 0.15644981741905212
0 0.4467193603515625 0.6183115768432618 0.45383841335773467 0.6183115768432618 0.45383841335773467 0.6276969182491303 0.4467193603515625 0.6276969182491303
0 0.26478689193725585 0.2079477882385254 0.27207272708415986 0.2079477882385254 0.27207272708415986 0.2170533126592636 0.26478689193725585 0.2170533126592636
0 0.17879194259643555 0.5241107177734375 0.1863313812017441 0.5241107177734375 0.1863313812017441 0.5323540610074997 0.17879194259643555 0.5323540610074997
0 0.2714377403259277 0.7717267608642578 0.2793508416414261 0.7717267608642578 0.2793508416414261 0.7811023777723313 0.2714377403259277 0.7811023777723313
0 0.5153866195678711 0.2065217399597168 0.5221636509895327 0.2065217399597168 0.5221636509895327 0.21470207154750823 0.5153866195678711 0.21470207154750823
0 0.474758186340332 0.30087621688842775 0.4814688891172409 0.30087621688842775 0.4814688891172409 0.3104790157079697 0.474758186340332 0.3104790157079697
0 0.24346101760864258 0.4504310607910157 0.2503529930114746 0.4504310607910157 0.2503529930114746 0.4599437296390534 0.24346101760864258 0.4599437296390534
0 0.5879225540161133 0.9308191680908203 0.5952458262443543 0.9308191680908203 0.5952458262443543 0.9406344431638719 0.5879225540161133 0.9406344431638719
0 0.17615581512451173 0.21309865951538087 0.18379447996616366 0.21309865951538087 0.18379447996616366 0.22271584749221804 0.17615581512451173 0.22271584749221804
0 0.44578575134277343 0.3048288917541504 0.45254314720630645 0.3048288917541504 0.45254314720630645 0.31397171318531036 0.44578575134277343 0.31397171318531036
0 0.5007913970947265 0.8169704437255858 0.5077955359220504 0.8169704437255858 0.5077955359220504 0.8254998695850372 0.5007913970947265 0.8254998695850372
0 0.5252764129638672 0.6787213134765625 0.5332567596435547 0.6787213134765625 0.5332567596435547 0.6875388377904892 0.5252764129638672 0.6875388377904892
0 0.4477448654174805 0.5128607559204101 0.4557438123226166 0.5128607559204101 0.4557438123226166 0.5222195720672608 0.4477448654174805 0.5222195720672608
0 0.1466952896118164 0.6682170867919923 0.15397330343723298 0.6682170867919923 0.15397330343723298 0.6764618927240372 0.1466952896118164 0.6764618927240372
0 0.15403607368469238 0.15633770942687988 0.16139808475971223 0.15633770942687988 0.16139808475971223 0.1652870684862137 0.15403607368469238 0.1652870684862137
0 0.4514499282836914 0.14812660217285156 0.4582057571411133 0.14812660217285156 0.4582057571411133 0.15684038877487183 0.4514499282836914 0.15684038877487183
0 0.2714429092407227 0.15462005615234375 0.278670814037323 0.15462005615234375 0.278670814037323 0.16407422006130218 0.2714429092407227 0.16407422006130218
0 0.4522571182250977 0.20468755722045898 0.4601520335674286 0.20468755722045898 0.4601520335674286 0.21394165694713593 0.4522571182250977 0.21394165694713593
0 0.5618212127685547 0.6709560394287111 0.5692448502779007 0.6709560394287111 0.5692448502779007 0.6791044700145722 0.5618212127685547 0.6791044700145722
0 0.5934817123413086 0.6149871826171875 0.6017679446935655 0.6149871826171875 0.6017679446935655 0.625125026702881 0.5934817123413086 0.625125026702881
0 0.12708355903625487 0.9171661376953126 0.13334191024303435 0.9171661376953126 0.13334191024303435 0.9247467517852784 0.12708355903625487 0.9247467517852784
0 0.1714558219909668 0.3680574035644531 0.17868217468261718 0.3680574035644531 0.17868217468261718 0.37647195398807526 0.1714558219909668 0.37647195398807526
0 0.5763987731933594 0.19863805770874027 0.5831901168823242 0.19863805770874027 0.5831901168823242 0.20740933120250704 0.5763987731933594 0.20740933120250704
0 0.1875779914855957 0.1592046070098877 0.1943003749847412 0.1592046070098877 0.1943003749847412 0.16880380868911743 0.1875779914855957 0.16880380868911743
0 0.5137043762207031 0.4649871444702149 0.5211869198083877 0.4649871444702149 0.5211869198083877 0.47512004733085633 0.5137043762207031 0.47512004733085633
0 0.5784574890136719 0.15277693748474122 0.5863108563423156 0.15277693748474122 0.5863108563423156 0.16209074795246123 0.5784574890136719 0.16209074795246123
0 0.5410533905029297 0.15221405982971192 0.5490814059972763 0.15221405982971192 0.5490814059972763 0.16186112344264986 0.5410533905029297 0.16186112344264986
0 0.19609853744506836 0.3683540344238282 0.2034552401304245 0.3683540344238282 0.2034552401304245 0.3764787465333939 0.19609853744506836 0.3764787465333939
0 0.4432960510253906 0.8214058685302734 0.44987480700016025 0.8214058685302734 0.44987480700016025 0.8292736321687697 0.4432960510253906 0.8292736321687697
0 0.2239682197570801 0.6265431594848633 0.23164315402507782 0.6265431594848633 0.23164315402507782 0.6356978398561478 0.2239682197570801 0.6356978398561478
0 0.19553449630737305 0.9688356781005859 0.20075115382671355 0.9688356781005859 0.20075115382671355 0.9759930777549745 0.19553449630737305 0.9759930777549745
0 0.57298583984375 0.31482616424560544 0.5810522979497909 0.31482616424560544 0.5810522979497909 0.3243088495731354 0.57298583984375 0.3243088495731354
0 0.4680208969116211 0.8173287963867187 0.4754677772521972 0.8173287963867187 0.4754677772521972 0.8258381408452987 0.4680208969116211 0.8258381408452987
0 0.2665988922119141 0.8254563140869141 0.2749026602506638 0.8254563140869141 0.2749026602506638 0.834371874332428 0.2665988922119141 0.834371874332428
0 0.44250499725341796 0.7745827484130859 0.44926576435565946 0.7745827484130859 0.44926576435565946 0.7833572638034821 0.44250499725341796 0.7833572638034821
0 0.25224599838256834 0.6289980697631836 0.2591204971075058 0.6289980697631836 0.2591204971075058 0.6377308410406113 0.25224599838256834 0.6377308410406113
0 0.20899343490600586 0.7728495788574219 0.2155332601070404 0.7728495788574219 0.2155332601070404 0.7813637459278108 0.20899343490600586 0.7813637459278108
0 0.14426177024841308 0.9670489501953125 0.15067588806152343 0.9670489501953125 0.15067588806152343 0.9748450845479965 0.14426177024841308 0.9748450845479965
0 0.14323047637939454 0.3154413032531738 0.1500949651002884 0.3154413032531738 0.1500949651002884 0.3245275169610977 0.14323047637939454 0.3245275169610977
0 0.22945680618286132 0.6748841094970702 0.23734684228897093 0.6748841094970702 0.23734684228897093 0.6845226836204529 0.22945680618286132 0.6845226836204529
0 0.23703712463378906 0.9731416320800781 0.2431317538022995 0.9731416320800781 0.2431317538022995 0.981964612007141 0.23703712463378906 0.981964612007141
0 0.5860871124267578 0.4644624328613281 0.5942543494701386 0.4644624328613281 0.5942543494701386 0.47489730954170223 0.5860871124267578 0.47489730954170223
0 0.5188861846923828 0.7771576690673828 0.5253473353385925 0.7771576690673828 0.5253473353385925 0.7861588525772095 0.5188861846923828 0.7861588525772095
0 0.5174707794189453 0.6231302261352539 0.5247256237268446 0.6231302261352539 0.5247256237268446 0.6315162354707718 0.5174707794189453 0.6315162354707718
0 0.47974098205566407 0.5306338882446289 0.48790431618690494 0.5306338882446289 0.48790431618690494 0.5419756746292114 0.47974098205566407 0.5419756746292114
0 0.2011178970336914 0.30584617614746096 0.20855286002159118 0.30584617614746096 0.20855286002159118 0.3149662083387375 0.2011178970336914 0.3149662083387375
0 0.23477998733520508 0.7759312438964844 0.24169866561889647 0.7759312438964844 0.24169866561889647 0.7855660229921342 0.23477998733520508 0.7855660229921342
0 0.48620800018310545 0.46338134765625 0.49387134253978726 0.46338134765625 0.49387134253978726 0.4736873161792755 0.48620800018310545 0.4736873161792755
0 0.20690923690795898 0.6701757049560547 0.21376949667930603 0.6701757049560547 0.21376949667930603 0.6791857433319092 0.20690923690795898 0.6791857433319092
0 0.5034590911865234 0.15255839347839356 0.5107213282585145 0.15255839347839356 0.5107213282585145 0.16172746300697327 0.5034590911865234 0.16172746300697327
0 0.5563634490966797 0.9326274871826172 0.5646615689992905 0.9326274871826172 0.5646615689992905 0.9419545602798463 0.5563634490966797 0.9419545602798463
0 0.21656452178955077 0.16289119720458983 0.22340999603271483 0.16289119720458983 0.22340999603271483 0.1723679131269455 0.21656452178955077 0.1723679131269455
0 0.15903528213500975 0.9111383819580078 0.1654918938875198 0.9111383819580078 0.1654918938875198 0.9196353137493134 0.15903528213500975 0.9196353137493134
0 0.23192861557006836 0.820008773803711 0.23967984378337862 0.820008773803711 0.23967984378337862 0.8296811068058015 0.23192861557006836 0.8296811068058015
0 0.17544446945190428 0.774674072265625 0.18238157033920285 0.774674072265625 0.18238157033920285 0.7841731822490692 0.17544446945190428 0.7841731822490692
0 0.1768913459777832 0.6709436798095703 0.18307532489299774 0.6709436798095703 0.18307532489299774 0.6792571896314621 0.1768913459777832 0.6792571896314621
0 0.20706418991088868 0.2104859733581543 0.21395174384117127 0.2104859733581543 0.21395174384117127 0.2196633642911911 0.20706418991088868 0.2196633642911911
0 0.20014080047607422 0.919176483154297 0.20759559154510498 0.919176483154297 0.20759559154510498 0.929176207780838 0.20014080047607422 0.929176207780838
0 0.223580322265625 0.36275444030761717 0.23103418171405793 0.36275444030761717 0.23103418171405793 0.3717221415042877 0.223580322265625 0.3717221415042877
0 0.5343355941772461 0.9840645599365234 0.5418906462192535 0.9840645599365234 0.5418906462192535 0.9929798036813735 0.5343355941772461 0.9929798036813735
0 0.16070400238037108 0.5251995086669922 0.16690264880657193 0.5251995086669922 0.16690264880657193 0.5332012414932251 0.16070400238037108 0.5332012414932251
0 0.5580806732177734 0.7709061431884766 0.5654365921020508 0.7709061431884766 0.5654365921020508 0.779195460677147 0.5580806732177734 0.779195460677147
0 0.45685726165771484 0.46066478729248045 0.464385581612587 0.46066478729248045 0.464385581612587 0.4702711832523346 0.45685726165771484 0.4702711832523346
0 0.16642776489257813 0.9666083526611328 0.17334897100925445 0.9666083526611328 0.17334897100925445 0.9758245033025742 0.16642776489257813 0.9758245033025742
0 0.17503709793090821 0.8318824005126954 0.1826936686038971 0.8318824005126954 0.1826936686038971 0.8410674798488617 0.17503709793090821 0.8410674798488617
0 0.4660386657714844 0.927283935546875 0.4732439786195755 0.927283935546875 0.4732439786195755 0.9353447663784028 0.4660386657714844 0.9353447663784028
0 0.2567647552490234 0.6739395904541016 0.2640888559818268 0.6739395904541016 0.2640888559818268 0.6826729941368103 0.2567647552490234 0.6826729941368103
0 0.1779913330078125 0.9138606262207031 0.184573415517807 0.9138606262207031 0.184573415517807 0.9237315607070923 0.1779913330078125 0.9237315607070923
0 0.23483781814575194 0.9222770690917967 0.24184677720069886 0.9222770690917967 0.24184677720069886 0.9318312054872512 0.23483781814575194 0.9318312054872512
0 0.24922563552856444 0.35831974029541014 0.2566215944290161 0.35831974029541014 0.2566215944290161 0.368563289642334 0.24922563552856444 0.368563289642334
0 0.21684017181396484 0.4621396255493164 0.22333138167858121 0.4621396255493164 0.22333138167858121 0.4710188573598862 0.21684017181396484 0.4710188573598862
0 0.17664936065673828 0.31000432968139646 0.18409902095794678 0.31000432968139646 0.18409902095794678 0.31945928394794465 0.17664936065673828 0.31945928394794465
0 0.13835891723632812 0.37277587890625 0.1449985158443451 0.37277587890625 0.1449985158443451 0.38159348249435426 0.13835891723632812 0.38159348249435426
0 0.5731314849853516 0.3580123901367188 0.581435814499855 0.3580123901367188 0.581435814499855 0.3672438389062882 0.5731314849853516 0.3672438389062882
0 0.47814121246337893 0.7657132720947266 0.4856073439121247 0.7657132720947266 0.4856073439121247 0.7745621049404144 0.47814121246337893 0.7745621049404144
0 0.5190213775634765 0.9279752349853516 0.5270036166906357 0.9279752349853516 0.5270036166906357 0.9391003155708314 0.5190213775634765 0.9391003155708314
0 0.5515432357788086 0.6193656921386719 0.5598098915815354 0.6193656921386719 0.5598098915815354 0.6296753764152527 0.5515432357788086 0.6296753764152527
0 0.5801595687866211 0.9847382354736328 0.587411041855812 0.9847382354736328 0.587411041855812 0.993565326333046 0.5801595687866211 0.993565326333046
0 0.44553089141845703 0.6718014526367188 0.45324338138103487 0.6718014526367188 0.45324338138103487 0.6825679910182952 0.44553089141845703 0.6825679910182952
0 0.5978669357299805 0.666968994140625 0.6062761843204498 0.666968994140625 0.6062761843204498 0.6784515094757081 0.5978669357299805 0.6784515094757081
0 0.15494050979614257 0.21158836364746095 0.1607869917154312 0.21158836364746095 0.1607869917154312 0.2191760140657425 0.15494050979614257 0.2191760140657425
0 0.19681375503540038 0.46288711547851563 0.20416109859943388 0.46288711547851563 0.20416109859943388 0.47396199226379393 0.19681375503540038 0.47396199226379393
0 0.15480379104614259 0.7773213958740235 0.16170874774456026 0.7773213958740235 0.16170874774456026 0.7875322926044465 0.15480379104614259 0.7875322926044465
0 0.5397980880737304 0.30634073257446287 0.5487137746810912 0.30634073257446287 0.5487137746810912 0.3165418457984924 0.5397980880737304 0.3165418457984924
0 0.5648068618774414 0.9917305755615234 0.5712748140096665 0.9917305755615234 0.5712748140096665 0.9999999696016312 0.5648068618774414 0.9999999696016312
0 0.2553983688354492 0.30627658843994143 0.2634561330080032 0.30627658843994143 0.2634561330080032 0.31734913229942324 0.2553983688354492 0.31734913229942324
0 0.5263243865966797 0.8192671966552735 0.5335448098182679 0.8192671966552735 0.5335448098182679 0.8298351335525512 0.5263243865966797 0.8298351335525512
0 0.5502485656738281 0.8243387603759765 0.55807874917984 0.8243387603759765 0.55807874917984 0.8342103272676469 0.5502485656738281 0.8342103272676469
0 0.1841321563720703 0.6237571716308594 0.19176671087741853 0.6237571716308594 0.19176671087741853 0.6328240549564361 0.1841321563720703 0.6328240549564361
0 0.47976768493652344 0.6187639617919922 0.48801852047443395 0.6187639617919922 0.48801852047443395 0.629778277873993 0.47976768493652344 0.629778277873993
0 0.24620601654052734 0.519461669921875 0.25428017795085905 0.519461669921875 0.25428017795085905 0.5296610641479493 0.24620601654052734 0.5296610641479493
0 0.15165128707885742 0.8278710174560547 0.15971693217754362 0.8278710174560547 0.15971693217754362 0.8379241871833801 0.15165128707885742 0.8379241871833801
0 0.5032136535644531 0.30530725479125975 0.5128624719381333 0.30530725479125975 0.5128624719381333 0.3179521858692169 0.5032136535644531 0.3179521858692169
0 0.23000045776367187 0.3078341484069824 0.23811669945716857 0.3078341484069824 0.23811669945716857 0.3190493977069855 0.23000045776367187 0.3190493977069855
0 0.257679265359805 0.9762950580554842 0.2670997976417764 0.9762950580554842 0.2670997976417764 0.9844436318489113 0.257679265359805 0.9844436318489113
0 0.46493097556317503 0.97703583749125 0.4732432099296204 0.97703583749125 0.4732432099296204 0.9851844112846773 0.46493097556317503 0.9851844112846773
0 0.4826637422115917 0.669612371648314 0.48820523178922187 0.669612371648314 0.48820523178922187 0.682946401492104 0.4826637422115917 0.682946401492104
