0 0.1660531234741211 0.21730453491210935 0.1735605365037918 0.21730453491210935 0.1735605365037918 0.22718584597110747 0.1660531234741211 0.22718584597110747
0 0.5324742889404297 0.1554564380645752 0.5401342010498047 0.1554564380645752 0.5401342010498047 0.16534401476383212 0.5324742889404297 0.16534401476383212
0 0.4761327362060547 0.3202460479736328 0.4838908839225769 0.3202460479736328 0.4838908839225769 0.3305826127529144 0.4761327362060547 0.3305826127529144
0 0.16224403381347657 0.32169551849365235 0.16936296880245208 0.32169551849365235 0.16936296880245208 0.33144612193107603 0.16224403381347657 0.33144612193107603
0 0.5230317687988282 0.522391357421875 0.5299859321117402 0.522391357421875 0.5299859321117402 0.5317919969558716 0.5230317687988282 0.5317919969558716
0 0.52472412109375 0.6786440277099609 0.5317286151647569 0.6786440277099609 0.5317286151647569 0.6875049567222595 0.52472412109375 0.6875049567222595
0 0.49790416717529296 0.6262576293945312 0.5064504492282867 0.6262576293945312 0.5064504492282867 0.635965460538864 0.49790416717529296 0.635965460538864
0 0.19717906951904296 0.834557876586914 0.20410077869892118 0.834557876586914 0.20410077869892118 0.8431969600915908 0.19717906951904296 0.8431969600915908
0 0.508857650756836 0.20586206436157226 0.5160503953695298 0.20586206436157226 0.5160503953695298 0.21404427349567412 0.508857650756836 0.21404427349567412
0 0.5395364761352539 0.6265132141113281 0.548185252547264 0.6265132141113281 0.548185252547264 0.6361134827136993 0.5395364761352539 0.6361134827136993
0 0.141736478805542 0.2185481834411621 0.14949342906475066 0.2185481834411621 0.14949342906475066 0.22712380051612854 0.141736478805542 0.22712380051612854
0 0.47768142700195315 0.47137542724609377 0.48577038884162904 0.47137542724609377 0.48577038884162904 0.4806785446405411 0.47768142700195315 0.4806785446405411
0 0.5476974487304688 0.783124008178711 0.5553034818172455 0.783124008178711 0.5553034818172455 0.7918300563097 0.5476974487304688 0.7918300563097
0 0.48582962036132815 0.20735158920288083 0.49323838353157046 0.20735158920288083 0.49323838353157046 0.21605123341083526 0.48582962036132815 0.21605123341083526
0 0.5550997924804687 0.3124697494506836 0.5635921365022658 0.3124697494506836 0.5635921365022658 0.32300825595855714 0.5550997924804687 0.32300825595855714
0 0.45452533721923827 0.0631006669998169 0.46193658411502836 0.0631006669998169 0.46193658411502836 0.07126471221446991 0.45452533721923827 0.07126471221446991
0 0.1395491313934326 0.32102336883544924 0.14614480197429655 0.32102336883544924 0.14614480197429655 0.3304173475503922 0.1395491313934326 0.3304173475503922
0 0.23347301483154298 0.2188060188293457 0.24061656773090362 0.2188060188293457 0.24061656773090362 0.2281761211156845 0.23347301483154298 0.2281761211156845
0 0.4920752716064453 0.15778982162475585 0.4983190441131592 0.15778982162475585 0.4983190441131592 0.1676069551706314 0.4920752716064453 0.1676069551706314
0 0.16336280822753907 0.3728955078125 0.16986448645591737 0.3728955078125 0.16986448645591737 0.38211529493331914 0.16336280822753907 0.38211529493331914
0 0.5027603149414063 0.780960693359375 0.5107945406436921 0.780960693359375 0.5107945406436921 0.7911436820030212 0.5027603149414063 0.7911436820030212
0 0.47489490509033205 0.06286776542663575 0.4817681616544724 0.06286776542663575 0.4817681616544724 0.07107997357845307 0.47489490509033205 0.07107997357845307
0 0.5293682479858398 0.782422103881836 0.5358813852071762 0.782422103881836 0.5358813852071762 0.7924746417999268 0.5293682479858398 0.7924746417999268
0 0.49502571105957033 0.47020683288574217 0.502285937666893 0.47020683288574217 0.502285937666893 0.47906167447566983 0.49502571105957033 0.47906167447566983
0 0.20827011108398438 0.6246112823486328 0.21621832847595213 0.6246112823486328 0.21621832847595213 0.6345567315816879 0.20827011108398438 0.6345567315816879
0 0.21821985244750977 0.02124761343002319 0.22507909238338472 0.02124761343002319 0.22507909238338472 0.028720412254333492 0.21821985244750977 0.028720412254333492
0 0.24787166595458984 0.1644003677368164 0.25500937879085545 0.1644003677368164 0.25500937879085545 0.1750402009487152 0.24787166595458984 0.1750402009487152
0 0.2489008903503418 0.8364486694335938 0.2560751533508301 0.8364486694335938 0.2560751533508301 0.8457215064764023 0.2489008903503418 0.8457215064764023
0 0.22021228790283204 0.32494766235351563 0.2274831598997116 0.32494766235351563 0.2274831598997116 0.3347011315822601 0.22021228790283204 0.3347011315822601
0 0.1592196750640869 0.5313124465942383 0.16638743221759797 0.5313124465942383 0.16638743221759797 0.5417244744300842 0.1592196750640869 0.5417244744300842
0 0.4979788589477539 0.6862087249755859 0.5058523941040038 0.6862087249755859 0.5058523941040038 0.694684784412384 0.4979788589477539 0.694684784412384
0 0.4716005325317383 0.6275539398193359 0.4793899077177048 0.6275539398193359 0.4793899077177048 0.6371673721075057 0.4716005325317383 0.6371673721075057
0 0.17233795166015625 0.7784950256347656 0.17979463517665864 0.7784950256347656 0.17979463517665864 0.7882298958301545 0.17233795166015625 0.7882298958301545
0 0.20387928009033204 0.225478515625 0.21177468299865723 0.225478515625 0.21177468299865723 0.23494716763496395 0.20387928009033204 0.23494716763496395
0 0.5496755599975586 0.522062110900879 0.5576220768690109 0.522062110900879 0.5576220768690109 0.5315638297796249 0.5496755599975586 0.5315638297796249
0 0.18585336685180665 0.3727375793457031 0.19334679245948794 0.3727375793457031 0.19334679245948794 0.3811053651571274 0.18585336685180665 0.3811053651571274
0 0.4509189224243164 0.4700942611694336 0.458201652765274 0.4700942611694336 0.458201652765274 0.4802891480922699 0.4509189224243164 0.4802891480922699
0 0.4790091323852539 0.7792202758789063 0.4865438395738601 0.7792202758789063 0.4865438395738601 0.7886271214485169 0.4790091323852539 0.7886271214485169
0 0.13442184448242187 0.7743232727050782 0.14075724363327025 0.7743232727050782 0.14075724363327025 0.7826968693733215 0.13442184448242187 0.7826968693733215
0 0.17821130752563477 0.8319731903076172 0.18472114741802217 0.8319731903076172 0.18472114741802217 0.8405380356311798 0.17821130752563477 0.8405380356311798
0 0.23994680404663085 0.6244749450683593 0.24705800592899324 0.6244749450683593 0.24705800592899324 0.6343167060613631 0.23994680404663085 0.6343167060613631
0 0.555718765258789 0.8322328186035156 0.5632705646753311 0.8322328186035156 0.5632705646753311 0.8406140840053559 0.555718765258789 0.8406140840053559
0 0.453992919921875 0.8379867553710938 0.46091502845287324 0.8379867553710938 0.46091502845287324 0.8470509505271913 0.453992919921875 0.8470509505271913
0 0.5030642700195312 0.5204262924194336 0.5106857985258102 0.5204262924194336 0.5106857985258102 0.5310571622848511 0.5030642700195312 0.5310571622848511
0 0.47106468200683593 0.010053796768188477 0.47823607623577113 0.010053796768188477 0.47823607623577113 0.01857878565788269 0.47106468200683593 0.01857878565788269
0 0.1712104034423828 0.16202470779418945 0.17801515817642213 0.16202470779418945 0.17801515817642213 0.1720752203464508 0.1712104034423828 0.1720752203464508
0 0.4511368179321289 0.6804257202148437 0.4581896018981934 0.6804257202148437 0.4581896018981934 0.6904807090759277 0.4511368179321289 0.6904807090759277
0 0.5056704711914063 0.36185020446777344 0.512667927145958 0.36185020446777344 0.512667927145958 0.3712149900197983 0.5056704711914063 0.3712149900197983
0 0.1847264862060547 0.6696066284179687 0.19224405705928804 0.6696066284179687 0.19224405705928804 0.6790128415822982 0.1847264862060547 0.6790128415822982
0 0.5187284851074219 0.46708972930908205 0.5273198932409286 0.46708972930908205 0.5273198932409286 0.47701371371746065 0.5187284851074219 0.47701371371746065
0 0.5318418502807617 0.8278641510009765 0.5387434363365172 0.8278641510009765 0.5387434363365172 0.83744777739048 0.5318418502807617 0.83744777739048
0 0.15493515968322755 0.4720674896240234 0.1616649955511093 0.4720674896240234 0.1616649955511093 0.480533390045166 0.15493515968322755 0.480533390045166
0 0.2103890609741211 0.36813564300537116 0.2172252053022385 0.36813564300537116 0.2172252053022385 0.3777222734689713 0.2103890609741211 0.3777222734689713
0 0.5431216430664062 0.46700286865234375 0.5516787481307982 0.46700286865234375 0.5516787481307982 0.4763232219219208 0.5431216430664062 0.4763232219219208
0 0.21798595428466797 0.0760391616821289 0.225535432100296 0.0760391616821289 0.225535432100296 0.08488241136074065 0.21798595428466797 0.08488241136074065
0 0.23219425201416016 0.3716522979736328 0.23941862344741824 0.3716522979736328 0.23941862344741824 0.3814839386940002 0.23219425201416016 0.3814839386940002
0 0.5498038482666016 0.35670948028564453 0.5574942779541016 0.35670948028564453 0.5574942779541016 0.36601022601127625 0.5498038482666016 0.36601022601127625
0 0.47169784545898436 0.15296375274658203 0.47871706604957576 0.15296375274658203 0.47871706604957576 0.16232771754264833 0.47169784545898436 0.16232771754264833
0 0.17088441848754882 0.0759734058380127 0.1779468423128128 0.0759734058380127 0.1779468423128128 0.08497559249401092 0.17088441848754882 0.08497559249401092
0 0.21297195434570312 0.6736496734619141 0.22057664215564726 0.6736496734619141 0.22057664215564726 0.6841485106945038 0.21297195434570312 0.6841485106945038
0 0.2219124984741211 0.16684602737426757 0.22934085249900818 0.16684602737426757 0.22934085249900818 0.17719781160354614 0.2219124984741211 0.17719781160354614
0 0.4825069808959961 0.3674077224731445 0.4902022010087967 0.3674077224731445 0.4902022010087967 0.37656098008155825 0.4825069808959961 0.37656098008155825
0 0.4558872604370117 0.6287362289428711 0.4622962474822998 0.6287362289428711 0.4622962474822998 0.6374548482894897 0.4558872604370117 0.6374548482894897
0 0.4680512619018555 0.21480754852294923 0.47445273816585537 0.21480754852294923 0.47445273816585537 0.22439194560050965 0.4680512619018555 0.22439194560050965
0 0.4796479415893555 0.8365130615234375 0.486586521267891 0.8365130615234375 0.486586521267891 0.84562255859375 0.4796479415893555 0.84562255859375
0 0.520127067565918 0.6287320327758789 0.527276046872139 0.6287320327758789 0.527276046872139 0.638157023191452 0.520127067565918 0.638157023191452
0 0.13133180618286133 0.4730239486694336 0.1393752133846283 0.4730239486694336 0.1393752133846283 0.4822849267721176 0.13133180618286133 0.4822849267721176
0 0.16584774017333984 0.023957991600036622 0.1724559932947159 0.023957991600036622 0.1724559932947159 0.032012208104133605 0.16584774017333984 0.032012208104133605
0 0.15728602409362794 0.619033088684082 0.16356507480144503 0.619033088684082 0.16356507480144503 0.6282049256563186 0.15728602409362794 0.6282049256563186
0 0.1848388671875 0.31848711013793946 0.1927244967222214 0.31848711013793946 0.1927244967222214 0.3284795808792114 0.1848388671875 0.3284795808792114
0 0.15462352752685546 0.6593119812011718 0.1615954929590225 0.6593119812011718 0.1615954929590225 0.6682476621866226 0.15462352752685546 0.6682476621866226
0 0.5416204833984375 0.01152072787284851 0.5494980996847153 0.01152072787284851 0.5494980996847153 0.019594622254371644 0.5416204833984375 0.019594622254371644
0 0.23468605041503907 0.6712782287597656 0.2422503584623337 0.6712782287597656 0.2422503584623337 0.6799118572473526 0.23468605041503907 0.6799118572473526
0 0.4483837890625 0.21595096588134766 0.45574831366539 0.21595096588134766 0.45574831366539 0.22568886041641234 0.4483837890625 0.22568886041641234
0 0.1514967155456543 0.7797543334960938 0.15843326926231385 0.7797543334960938 0.15843326926231385 0.7895715856552125 0.1514967155456543 0.7895715856552125
0 0.15765338897705078 0.8282395935058594 0.1641200107336044 0.8282395935058594 0.1641200107336044 0.8373908346891403 0.15765338897705078 0.8373908346891403
0 0.14001768112182617 0.3687608337402344 0.14678777813911437 0.3687608337402344 0.14678777813911437 0.378252472281456 0.14001768112182617 0.378252472281456
0 0.44840465545654296 0.31996591567993166 0.4566339039802551 0.31996591567993166 0.4566339039802551 0.33000766158103945 0.44840465545654296 0.33000766158103945
0 0.2227685546875 0.7796793365478516 0.23014761328697206 0.7796793365478516 0.23014761328697206 0.7888487619161605 0.2227685546875 0.7888487619161605
0 0.22958423614501952 0.527427864074707 0.23850514233112333 0.527427864074707 0.23850514233112333 0.5383079731464386 0.22958423614501952 0.5383079731464386
0 0.14596954345703125 0.07584414005279541 0.15324792683124544 0.07584414005279541 0.15324792683124544 0.08522626996040344 0.14596954345703125 0.08522626996040344
0 0.5276659393310547 0.30922470092773435 0.5356875675916671 0.30922470092773435 0.5356875675916671 0.31962190508842464 0.5276659393310547 0.31962190508842464
0 0.2238875961303711 0.4745412063598633 0.23282649636268615 0.4745412063598633 0.23282649636268615 0.48497458100318913 0.2238875961303711 0.48497458100318913
0 0.518807258605957 0.007033093571662903 0.5263083726167679 0.007033093571662903 0.5263083726167679 0.017743762135505676 0.518807258605957 0.017743762135505676
0 0.1452556610107422 0.02318604946136475 0.1509028470516205 0.02318604946136475 0.1509028470516205 0.031094810962677005 0.1452556610107422 0.031094810962677005
0 0.19430822372436524 0.02635066270828247 0.20093189835548403 0.02635066270828247 0.20093189835548403 0.035790854692459115 0.19430822372436524 0.035790854692459115
0 0.4985869598388672 0.05534524917602539 0.5059101140499115 0.05534524917602539 0.5059101140499115 0.06406619608402252 0.4985869598388672 0.06406619608402252
0 0.20961832046508788 0.8386806488037111 0.21664496302604674 0.8386806488037111 0.21664496302604674 0.8468893241882325 0.20961832046508788 0.8468893241882325
0 0.5267449569702148 0.20454952239990234 0.5343838733434677 0.20454952239990234 0.5343838733434677 0.21421695351600645 0.5267449569702148 0.21421695351600645
0 0.19486408233642577 0.15996647834777833 0.20262010097503663 0.15996647834777833 0.20262010097503663 0.17023550510406493 0.19486408233642577 0.17023550510406493
0 0.5111203765869141 0.1557074737548828 0.5184836888313294 0.1557074737548828 0.5184836888313294 0.16601418375968932 0.5111203765869141 0.16601418375968932
0 0.5033712768554688 0.3115444564819336 0.5113756942749024 0.3115444564819336 0.5113756942749024 0.3219636404514313 0.5033712768554688 0.3219636404514313
0 0.4526719284057617 0.004958722293376922 0.4598794585466385 0.004958722293376922 0.4598794585466385 0.015152507722377776 0.4526719284057617 0.015152507722377776
0 0.4556920623779297 0.7862245178222657 0.46291579782962794 0.7862245178222657 0.46291579782962794 0.7968404448032379 0.4556920623779297 0.7968404448032379
0 0.19740306854248046 0.4732175827026367 0.20518851101398466 0.4732175827026367 0.20518851101398466 0.48335957765579224 0.19740306854248046 0.48335957765579224
0 0.14003560066223145 0.16112030029296875 0.14804690837860107 0.16112030029296875 0.14804690837860107 0.17148030638694764 0.14003560066223145 0.17148030638694764
0 0.542320327758789 0.6805962371826172 0.5498385936021805 0.6805962371826172 0.5498385936021805 0.690284224152565 0.542320327758789 0.690284224152565
0 0.5446759414672852 0.055028681755065915 0.5515474826097488 0.055028681755065915 0.5515474826097488 0.06390162825584411 0.5446759414672852 0.06390162825584411
0 0.13796758651733398 0.6751509094238282 0.14501040458679199 0.6751509094238282 0.14501040458679199 0.6849619156122208 0.13796758651733398 0.6849619156122208
0 0.47325145721435546 0.5223975372314453 0.4806193822622299 0.5223975372314453 0.4806193822622299 0.5324169874191285 0.47325145721435546 0.5324169874191285
0 0.19386499404907226 0.07823105335235596 0.20079063594341276 0.07823105335235596 0.20079063594341276 0.08792770206928252 0.19386499404907226 0.08792770206928252
0 0.4755693054199219 0.6822360992431642 0.48386257529258725 0.6822360992431642 0.48386257529258725 0.69263911485672 0.4755693054199219 0.69263911485672
0 0.5015428924560547 0.8283631134033204 0.5089767026901245 0.8283631134033204 0.5089767026901245 0.8391373991966249 0.5015428924560547 0.8391373991966249
0 0.20083505630493165 0.7759043121337891 0.2083559536933899 0.7759043121337891 0.2083559536933899 0.7856691467761995 0.20083505630493165 0.7856691467761995
0 0.26274637222290037 0.22422035217285155 0.2704476547241211 0.22422035217285155 0.2704476547241211 0.23471142172813414 0.26274637222290037 0.23471142172813414
0 0.18156723022460938 0.5255752563476562 0.18846896409988403 0.5255752563476562 0.18846896409988403 0.5363682401180268 0.18156723022460938 0.5363682401180268
0 0.17523672103881835 0.472171516418457 0.18290333092212677 0.472171516418457 0.18290333092212677 0.4808988720178604 0.17523672103881835 0.4808988720178604
0 0.4494591522216797 0.15716707229614257 0.45746800541877747 0.15716707229614257 0.45746800541877747 0.16775267958641052 0.4494591522216797 0.16775267958641052
0 0.2533346939086914 0.3238794708251953 0.26155705213546754 0.3238794708251953 0.26155705213546754 0.3345599114894867 0.2533346939086914 0.3345599114894867
0 0.5282184600830078 0.3555596160888672 0.5355982136726379 0.3555596160888672 0.5355982136726379 0.36556064605712896 0.5282184600830078 0.36556064605712896
0 0.20257307052612306 0.5256980514526367 0.21037004530429843 0.5256980514526367 0.21037004530429843 0.5364172327518463 0.20257307052612306 0.5364172327518463
0 0.2499967193603516 0.02166017055511475 0.25648844718933106 0.02166017055511475 0.25648844718933106 0.029192572236061098 0.2499967193603516 0.029192572236061098
0 0.1362884521484375 0.8245816802978516 0.14340864360332486 0.8245816802978516 0.14340864360332486 0.8332240056991578 0.1362884521484375 0.8332240056991578
0 0.4562067031860352 0.3704464340209961 0.4642294257879257 0.3704464340209961 0.4642294257879257 0.38068243265151974 0.4562067031860352 0.38068243265151974
0 0.13501933097839355 0.5255829620361329 0.14261445224285124 0.5255829620361329 0.14261445224285124 0.5350863808393479 0.13501933097839355 0.5350863808393479
0 0.13268878936767578 0.6197772979736328 0.14011403858661653 0.6197772979736328 0.14011403858661653 0.6294219595193863 0.13268878936767578 0.6294219595193863
0 0.44983219146728515 0.5237839889526367 0.4573678743839264 0.5237839889526367 0.4573678743839264 0.5334647816419601 0.44983219146728515 0.5334647816419601
0 0.24659780502319337 0.07260067462921142 0.25420599699020385 0.07260067462921142 0.25420599699020385 0.08229881167411804 0.24659780502319337 0.08229881167411804
0 0.17448822554356297 0.6196842438145951 0.18456366113925426 0.6196842438145951 0.18456366113925426 0.62947967437018 0.17448822554356297 0.62947967437018
0 0.4969021646056845 0.012856502604205242 0.5019398824035302 0.012856502604205242 0.5019398824035302 0.0238763619792383 0.4969021646056845 0.0238763619792383
0 0.5188849331781019 0.05448708246544126 0.5266704970474996 0.05448708246544126 0.5266704970474996 0.06795579947937055 0.5188849331781019 0.06795579947937055
