0 0.5008229064941406 0.5303082656860352 0.50849973320961 0.5303082656860352 0.50849973320961 0.5401860785484314 0.5008229064941406 0.5401860785484314
0 0.5479605102539062 0.8433731079101563 0.5564639729261398 0.8433731079101563 0.5564639729261398 0.854362519979477 0.5479605102539062 0.854362519979477
0 0.4694667434692383 0.3734650802612305 0.4770200806856156 0.3734650802612305 0.4770200806856156 0.38400016784667973 0.4694667434692383 0.38400016784667973
0 0.539818458557129 0.22600486755371094 0.5478215754032135 0.22600486755371094 0.5478215754032135 0.23711630940437317 0.539818458557129 0.23711630940437317
0 0.5167316055297851 0.6867415618896485 0.5247703850269317 0.6867415618896485 0.5247703850269317 0.6965599209070206 0.5167316055297851 0.6965599209070206
0 0.5781964492797852 0.8438835144042969 0.5867044663429261 0.8438835144042969 0.5867044663429261 0.8539531290531159 0.5781964492797852 0.8539531290531159
0 0.5216496658325195 0.3733618927001953 0.530097416639328 0.3733618927001953 0.530097416639328 0.3836859655380249 0.5216496658325195 0.3836859655380249
0 0.469237060546875 0.8427384948730469 0.4770031929016113 0.8427384948730469 0.4770031929016113 0.852947415113449 0.469237060546875 0.852947415113449
0 0.45335380554199217 0.14420406341552736 0.46164541959762573 0.14420406341552736 0.46164541959762573 0.1549756705760956 0.45335380554199217 0.1549756705760956
0 0.5069948196411133 0.8440041351318359 0.5151069951057434 0.8440041351318359 0.5151069951057434 0.8543403434753417 0.5069948196411133 0.8543403434753417
0 0.5789910888671875 0.7701825714111328 0.587020760178566 0.7701825714111328 0.587020760178566 0.7802944839000703 0.5789910888671875 0.7802944839000703
0 0.5073146438598632 0.22718448638916017 0.5151297461986541 0.22718448638916017 0.5151297461986541 0.23740400075912477 0.5073146438598632 0.23740400075912477
0 0.44613094329833985 0.37292572021484377 0.4541144835948945 0.37292572021484377 0.4541144835948945 0.3822063845396042 0.44613094329833985 0.3822063845396042
0 0.7737480163574219 0.7632269287109374 0.7821643030643463 0.7632269287109374 0.7821643030643463 0.7726316398382186 0.7737480163574219 0.7726316398382186
0 0.5620926666259766 0.532773094177246 0.5708454746007919 0.532773094177246 0.5708454746007919 0.543345103263855 0.5620926666259766 0.543345103263855
0 0.48521663665771486 0.7733308410644532 0.49301517903804787 0.7733308410644532 0.49301517903804787 0.7844352078437805 0.48521663665771486 0.7844352078437805
0 0.46194297790527344 0.4709491729736328 0.4693773496150971 0.4709491729736328 0.4693773496150971 0.48084465563297274 0.46194297790527344 0.48084465563297274
0 0.569751968383789 0.46995288848876954 0.5782587432861328 0.46995288848876954 0.5782587432861328 0.47869044244289405 0.569751968383789 0.47869044244289405
0 0.4375150680541992 0.22665475845336913 0.44602613091468807 0.22665475845336913 0.44602613091468807 0.23751504302024842 0.4375150680541992 0.23751504302024842
0 0.579848518371582 0.6853011322021484 0.5872175669670104 0.6853011322021484 0.5872175669670104 0.6966907513141632 0.579848518371582 0.6966907513141632
0 0.49826251983642583 0.3740196990966797 0.5054760235548019 0.3740196990966797 0.5054760235548019 0.38425542116165157 0.49826251983642583 0.38425542116165157
0 0.5844388198852539 0.624708251953125 0.5923376089334488 0.624708251953125 0.5923376089334488 0.6342792683839799 0.5844388198852539 0.6342792683839799
0 0.5290380477905273 0.4679171752929687 0.5368197935819624 0.4679171752929687 0.5368197935819624 0.47772371411323544 0.5290380477905273 0.47772371411323544
0 0.217991886138916 0.7732387542724608 0.22497477829456328 0.7732387542724608 0.22497477829456328 0.7828002434968947 0.217991886138916 0.7828002434968947
0 0.46653942108154295 0.3034089279174805 0.47424079239368433 0.3034089279174805 0.47424079239368433 0.31403647661209105 0.46653942108154295 0.31403647661209105
0 0.548011703491211 0.621667251586914 0.5561865109205246 0.621667251586914 0.5561865109205246 0.6318318581581116 0.548011703491211 0.6318318581581116
0 0.5284623336791993 0.5333095169067383 0.5371920168399811 0.5333095169067383 0.5371920168399811 0.5435976564884186 0.5284623336791993 0.5435976564884186
0 0.819647445678711 0.837703857421875 0.827963012456894 0.837703857421875 0.827963012456894 0.8476026213169098 0.819647445678711 0.8476026213169098
0 0.43592521667480466 0.47086807250976564 0.4435015600919723 0.47086807250976564 0.4435015600919723 0.47953443229198456 0.43592521667480466 0.47953443229198456
0 0.5245022964477539 0.1465921974182129 0.53231012403965 0.1465921974182129 0.53231012403965 0.1579102659225464 0.5245022964477539 0.1579102659225464
0 0.5445354843139648 0.6852401733398439 0.5517663758993149 0.6852401733398439 0.5517663758993149 0.694880486726761 0.5445354843139648 0.694880486726761
0 0.4856414794921875 0.3052677154541016 0.4928866541385651 0.3052677154541016 0.4928866541385651 0.3145766639709473 0.4856414794921875 0.3145766639709473
0 0.18900381088256835 0.7709747314453124 0.19626965582370756 0.7709747314453124 0.19626965582370756 0.7803580170869827 0.18900381088256835 0.7803580170869827
0 0.5374974822998047 0.3081012725830078 0.5449859398603439 0.3081012725830078 0.5449859398603439 0.3182177710533142 0.5374974822998047 0.3182177710533142
0 0.5101231002807617 0.7694902038574218 0.5184457051753998 0.7694902038574218 0.5184457051753998 0.7793738669157029 0.5101231002807617 0.7793738669157029
0 0.6017040252685547 0.7685919189453125 0.6097609025239946 0.7685919189453125 0.6097609025239946 0.7777832442522049 0.6017040252685547 0.7777832442522049
0 0.4793544387817383 0.5341497421264648 0.4866972577571869 0.5341497421264648 0.4866972577571869 0.5438164222240448 0.4793544387817383 0.5438164222240448
0 0.25910465240478514 0.7733599090576172 0.26746436953544617 0.7733599090576172 0.26746436953544617 0.7835619509220124 0.25910465240478514 0.7835619509220124
0 0.2249406623840332 0.8422134399414063 0.23261022925376892 0.8422134399414063 0.23261022925376892 0.8522751486301423 0.2249406623840332 0.8522751486301423
0 0.7693201446533203 0.8364775085449219 0.7782749247550964 0.8364775085449219 0.7782749247550964 0.8471540749073028 0.7693201446533203 0.8471540749073028
0 0.8359944915771484 0.773556900024414 0.8443298119306565 0.773556900024414 0.8443298119306565 0.7826489245891571 0.8359944915771484 0.7826489245891571
0 0.5124148941040039 0.3085945129394531 0.5202522337436676 0.3085945129394531 0.5202522337436676 0.31966543674468995 0.5124148941040039 0.31966543674468995
0 0.45621566772460936 0.7706698608398438 0.4640093898773193 0.7706698608398438 0.4640093898773193 0.7810418057441711 0.45621566772460936 0.7810418057441711
0 0.127455415725708 0.8328834533691405 0.13552129745483402 0.8328834533691405 0.13552129745483402 0.8422906947135925 0.127455415725708 0.8422906947135925
0 0.5674108505249024 0.22484590530395507 0.5754345488548279 0.22484590530395507 0.5754345488548279 0.23510398149490355 0.5674108505249024 0.23510398149490355
0 0.5528511810302734 0.3683877182006836 0.5612678819894791 0.3683877182006836 0.5612678819894791 0.3780976051092148 0.5528511810302734 0.3780976051092148
0 0.48753292083740235 0.6855086517333985 0.4953419607877731 0.6855086517333985 0.4953419607877731 0.6955397641658783 0.48753292083740235 0.6955397641658783
0 0.45038097381591796 0.6171866989135742 0.45814352810382847 0.6171866989135742 0.45814352810382847 0.6272949349880219 0.45038097381591796 0.6272949349880219
0 0.48594978332519534 0.1486911106109619 0.49423447787761693 0.1486911106109619 0.49423447787761693 0.15820830583572387 0.48594978332519534 0.15820830583572387
0 0.1629840087890625 0.8379311370849609 0.17015972077846528 0.8379311370849609 0.17015972077846528 0.8474173599481583 0.1629840087890625 0.8474173599481583
0 0.4870751953125 0.6185704803466797 0.4957392597198486 0.6185704803466797 0.4957392597198486 0.6287146103382111 0.4870751953125 0.6287146103382111
0 0.8476052856445313 0.8394919586181641 0.8536482393741608 0.8394919586181641 0.8536482393741608 0.8472851675748826 0.8476052856445313 0.8472851675748826
0 0.8029015350341797 0.7668901062011719 0.8113408279418945 0.7668901062011719 0.8113408279418945 0.7773868095874787 0.8029015350341797 0.7773868095874787
0 0.5639274215698242 0.30607168197631834 0.5728509742021561 0.30607168197631834 0.5728509742021561 0.31722990870475765 0.5639274215698242 0.31722990870475765
0 0.4501438522338867 0.5352326202392578 0.45853748738765715 0.5352326202392578 0.45853748738765715 0.5443505769968032 0.4501438522338867 0.5443505769968032
0 0.4729869842529297 0.2224070930480957 0.48185381948947903 0.2224070930480957 0.48185381948947903 0.23437113046646119 0.4729869842529297 0.23437113046646119
0 0.28429571151733396 0.8518836212158204 0.29281990408897396 0.8518836212158204 0.29281990408897396 0.8622442603111267 0.28429571151733396 0.8622442603111267
0 0.49797004699707037 0.46403533935546876 0.5055763167142868 0.46403533935546876 0.5055763167142868 0.47440467476844794 0.49797004699707037 0.47440467476844794
0 0.5186922454833984 0.6206623077392578 0.5277114909887313 0.6206623077392578 0.5277114909887313 0.6315660965442658 0.5186922454833984 0.6315660965442658
0 0.4361977386474609 0.8407453918457031 0.44345060169696804 0.8407453918457031 0.44345060169696804 0.8504898285865784 0.4361977386474609 0.8504898285865784
0 0.45580741882324216 0.683591537475586 0.4638439214229583 0.683591537475586 0.4638439214229583 0.6940540063381196 0.45580741882324216 0.6940540063381196
0 0.5808962249755859 0.36875179290771487 0.5900787037611008 0.36875179290771487 0.5900787037611008 0.380150820016861 0.5808962249755859 0.380150820016861
0 0.6057711029052735 0.15556435585021972 0.6143209928274156 0.15556435585021972 0.6143209928274156 0.16658273339271545 0.6057711029052735 0.16658273339271545
0 0.12191277070786477 0.7669507895079813 0.1304466646574153 0.7669507895079813 0.1304466646574153 0.776729078060094 0.12191277070786477 0.776729078060094
0 0.1810404645011792 0.8402879536488264 0.19262217771842632 0.8402879536488264 0.19262217771842632 0.8492513848215962 0.1810404645011792 0.8492513848215962
0 0.8814293322178622 0.7677656468873237 0.8905727900209521 0.7677656468873237 0.8905727900209521 0.7816182223361502 0.8814293322178622 0.7816182223361502
0 0.8948397369957274 0.8256205208206573 0.9052023225058958 0.8256205208206573 0.9052023225058958 0.8411028110281691 0.8948397369957274 0.8411028110281691
