0 0.166040096282959 0.2172976875305176 0.1735676175355911 0.2172976875305176 0.1735676175355911 0.22718876242637637 0.166040096282959 0.22718876242637637
0 0.532428970336914 0.15536298751831054 0.5400784730911254 0.15536298751831054 0.5400784730911254 0.16530625343322752 0.532428970336914 0.16530625343322752
0 0.4761574172973633 0.32027454376220704 0.483895161151886 0.32027454376220704 0.483895161151886 0.33060086965560914 0.4761574172973633 0.33060086965560914
0 0.16223398208618164 0.3216948318481445 0.16936388790607454 0.3216948318481445 0.16936388790607454 0.3314447236061096 0.16223398208618164 0.3314447236061096
0 0.5230578231811523 0.5223874282836914 0.5299891579151154 0.5223874282836914 0.5299891579151154 0.5317584592103958 0.5230578231811523 0.5317584592103958
0 0.5247535705566406 0.6786808013916017 0.5317108094692231 0.6786808013916017 0.5317108094692231 0.6874932658672334 0.5247535705566406 0.6874932658672334
0 0.4979261779785157 0.6263033294677735 0.5064433622360229 0.6263033294677735 0.5064433622360229 0.6358859676122665 0.4979261779785157 0.6358859676122665
0 0.5395022964477539 0.626488037109375 0.5481147003173829 0.626488037109375 0.5481147003173829 0.6360590535402297 0.5395022964477539 0.6360590535402297
0 0.19717805862426757 0.8345475769042969 0.20409583449363708 0.8345475769042969 0.20409583449363708 0.8431911671161653 0.19717805862426757 0.8431911671161653
0 0.5088310241699219 0.20590328216552733 0.5160570073127746 0.20590328216552733 0.5160570073127746 0.21404234409332276 0.5088310241699219 0.21404234409332276
0 0.14170324325561523 0.2185266876220703 0.14946159839630127 0.2185266876220703 0.14946159839630127 0.22711335361003873 0.14170324325561523 0.22711335361003873
0 0.4777287673950195 0.4714777374267578 0.4857929784059524 0.4714777374267578 0.4857929784059524 0.4806512343883514 0.4777287673950195 0.4806512343883514
0 0.5552973556518555 0.3126431655883789 0.5635032719373704 0.3126431655883789 0.5635032719373704 0.32303398609161377 0.5552973556518555 0.32303398609161377
0 0.48582763671875 0.20736074447631836 0.4932172966003418 0.20736074447631836 0.4932172966003418 0.2160412561893463 0.48582763671875 0.2160412561893463
0 0.547703742980957 0.7831222534179687 0.5552756506204605 0.7831222534179687 0.5552756506204605 0.7917887711524962 0.547703742980957 0.7917887711524962
0 0.4545199203491211 0.06315680027008057 0.46183470606803895 0.06315680027008057 0.46183470606803895 0.07128374576568602 0.4545199203491211 0.07128374576568602
0 0.23347526550292969 0.2188144683837891 0.24059530913829802 0.2188144683837891 0.24059530913829802 0.22814780712127686 0.23347526550292969 0.22814780712127686
0 0.49199417114257815 0.1578053379058838 0.4982838678359986 0.1578053379058838 0.4982838678359986 0.16763629734516147 0.49199417114257815 0.16763629734516147
0 0.13955028533935546 0.3210147857666016 0.14614314675331114 0.3210147857666016 0.14614314675331114 0.3303970038890839 0.13955028533935546 0.3303970038890839
0 0.16337135314941406 0.37289535522460937 0.16986479580402375 0.37289535522460937 0.16986479580402375 0.38210494339466095 0.16337135314941406 0.38210494339466095
0 0.502757453918457 0.7809721374511719 0.5107709795236588 0.7809721374511719 0.5107709795236588 0.7911375749111177 0.502757453918457 0.7911375749111177
0 0.4749002456665039 0.06282498359680176 0.4817317181825638 0.06282498359680176 0.4817317181825638 0.07102571785449982 0.4749002456665039 0.07102571785449982
0 0.5293747711181641 0.7824230194091797 0.5358673858642579 0.7824230194091797 0.5358673858642579 0.7924519968032837 0.5293747711181641 0.7924519968032837
0 0.4950363922119141 0.47020458221435546 0.5022511672973633 0.47020458221435546 0.5022511672973633 0.4789748281240463 0.4950363922119141 0.4789748281240463
0 0.2082788848876953 0.6246296310424805 0.21622597873210905 0.6246296310424805 0.21622597873210905 0.6345559871196746 0.2082788848876953 0.6345559871196746
0 0.2182356071472168 0.021241741180419924 0.22508714377880096 0.021241741180419924 0.22508714377880096 0.0287085372209549 0.2182356071472168 0.0287085372209549
0 0.24890438079833985 0.8364448547363281 0.2560753017663956 0.8364448547363281 0.2560753017663956 0.8457134228944779 0.24890438079833985 0.8457134228944779
0 0.24787473678588867 0.16439001083374025 0.25499954164028166 0.16439001083374025 0.25499954164028166 0.17503062486648563 0.24787473678588867 0.17503062486648563
0 0.22021028518676758 0.32493938446044923 0.22749193608760832 0.32493938446044923 0.22749193608760832 0.33470123410224917 0.22021028518676758 0.33470123410224917
0 0.1592111396789551 0.5313126754760742 0.16637775838375093 0.5313126754760742 0.16637775838375093 0.541719524860382 0.1592111396789551 0.541719524860382
0 0.49800586700439453 0.6860787200927735 0.5058803486824035 0.6860787200927735 0.5058803486824035 0.6946800124645234 0.49800586700439453 0.6946800124645234
0 0.47160686492919923 0.6276242065429688 0.47922564327716827 0.6276242065429688 0.47922564327716827 0.6371129989624024 0.47160686492919923 0.6371129989624024
0 0.17234014511108398 0.7784949493408203 0.1797861975431442 0.7784949493408203 0.1797861975431442 0.7882272899150848 0.17234014511108398 0.7882272899150848
0 0.2038765525817871 0.22546951293945314 0.21177350819110868 0.22546951293945314 0.21177350819110868 0.23494207799434663 0.2038765525817871 0.23494207799434663
0 0.5497020721435547 0.5220878601074219 0.5576160019636155 0.5220878601074219 0.5576160019636155 0.5315344339609146 0.5497020721435547 0.5315344339609146
0 0.18585805892944335 0.37273765563964845 0.1933485424518585 0.37273765563964845 0.1933485424518585 0.3810968232154846 0.18585805892944335 0.3810968232154846
0 0.45098270416259767 0.4701191711425781 0.45815131902694706 0.4701191711425781 0.45815131902694706 0.4801948738098144 0.45098270416259767 0.4801948738098144
0 0.47898857116699217 0.7792076110839845 0.48653220891952514 0.7792076110839845 0.48653220891952514 0.788602044582367 0.47898857116699217 0.788602044582367
0 0.17821563720703126 0.8319702911376953 0.18471997678279878 0.8319702911376953 0.18471997678279878 0.8405281001329422 0.17821563720703126 0.8405281001329422
0 0.13442809104919434 0.7743918609619141 0.14073844313621522 0.7743918609619141 0.14073844313621522 0.7827135145664215 0.13442809104919434 0.7827135145664215
0 0.5557169723510742 0.8322450256347657 0.5632591313123704 0.8322450256347657 0.5632591313123704 0.8406158548593522 0.5557169723510742 0.8406158548593522
0 0.23994802474975585 0.6244976043701171 0.2470472353696823 0.6244976043701171 0.2470472353696823 0.634286236166954 0.23994802474975585 0.634286236166954
0 0.4708913421630859 0.010199061632156371 0.4782126039266586 0.010199061632156371 0.4782126039266586 0.018672977089881894 0.4708913421630859 0.018672977089881894
0 0.454036750793457 0.8380174255371093 0.46091840565204617 0.8380174255371093 0.46091840565204617 0.8470201110839843 0.454036750793457 0.8470201110839843
0 0.5030694198608399 0.5203855514526368 0.5106516188383102 0.5203855514526368 0.5106516188383102 0.5309888684749603 0.5030694198608399 0.5309888684749603
0 0.5431478118896484 0.46709087371826175 0.5517289292812347 0.46709087371826175 0.5517289292812347 0.47671430706977846 0.5431478118896484 0.47671430706977846
0 0.17119121551513672 0.16204238891601563 0.17796688675880434 0.16204238891601563 0.17796688675880434 0.1720711100101471 0.17119121551513672 0.1720711100101471
0 0.5186978912353516 0.4669999313354492 0.5273707383871079 0.4669999313354492 0.5273707383871079 0.47690478265285496 0.5186978912353516 0.47690478265285496
0 0.4511833190917969 0.680457992553711 0.4581627959012985 0.680457992553711 0.4581627959012985 0.6904238790273667 0.4511833190917969 0.6904238790273667
0 0.1549400806427002 0.4720558929443359 0.16166450500488283 0.4720558929443359 0.16166450500488283 0.4804817885160446 0.1549400806427002 0.4804817885160446
0 0.184728946685791 0.6695814514160157 0.19223486602306367 0.6695814514160157 0.19223486602306367 0.6789864790439605 0.184728946685791 0.6789864790439605
0 0.5317812728881836 0.8278683471679688 0.5387088811397552 0.8278683471679688 0.5387088811397552 0.8374463599920273 0.5317812728881836 0.8374463599920273
0 0.21039899826049804 0.36814910888671876 0.2172119587659836 0.36814910888671876 0.2172119587659836 0.3777167648077011 0.21039899826049804 0.3777167648077011
0 0.5497536468505859 0.35670223236083987 0.557445023059845 0.35670223236083987 0.557445023059845 0.36601191222667695 0.5497536468505859 0.36601191222667695
0 0.471685791015625 0.1530605125427246 0.47863294601440426 0.1530605125427246 0.47863294601440426 0.16235665321350098 0.471685791015625 0.16235665321350098
0 0.5056303787231445 0.36182456970214844 0.5126475292444229 0.36182456970214844 0.5126475292444229 0.3711833065748215 0.5056303787231445 0.3711833065748215
0 0.21799434661865236 0.07603684902191161 0.22553356349468232 0.07603684902191161 0.22553356349468232 0.08485021829605101 0.21799434661865236 0.08485021829605101
0 0.23217689514160156 0.37163166046142576 0.23941300630569456 0.37163166046142576 0.23941300630569456 0.381473895907402 0.23217689514160156 0.381473895907402
0 0.17088563919067382 0.07598148345947266 0.17793690025806425 0.07598148345947266 0.17793690025806425 0.08496895909309388 0.17088563919067382 0.08496895909309388
0 0.2219107437133789 0.16684677124023437 0.22933467686176298 0.16684677124023437 0.22933467686176298 0.17718665599822997 0.2219107437133789 0.17718665599822997
0 0.2129848289489746 0.673642578125 0.220575869679451 0.673642578125 0.220575869679451 0.6841441822052 0.2129848289489746 0.6841441822052
0 0.47961528778076173 0.8365229034423828 0.4865072631835937 0.8365229034423828 0.4865072631835937 0.8456027525663375 0.47961528778076173 0.8456027525663375
0 0.4680371856689453 0.21481868743896484 0.4744424170255661 0.21481868743896484 0.4744424170255661 0.22441249310970304 0.4680371856689453 0.22441249310970304
0 0.45589019775390627 0.6287527465820313 0.4623044782876969 0.6287527465820313 0.4623044782876969 0.6374343258142472 0.45589019775390627 0.6374343258142472
0 0.13133602142333983 0.4730290985107422 0.13936235129833222 0.4730290985107422 0.13936235129833222 0.48228442370891567 0.13133602142333983 0.48228442370891567
0 0.48242557525634766 0.36742965698242186 0.4901188141107559 0.36742965698242186 0.4901188141107559 0.3766295999288559 0.48242557525634766 0.3766295999288559
0 0.5200177383422852 0.6285658645629882 0.5272351455688477 0.6285658645629882 0.5272351455688477 0.6380702716112137 0.5200177383422852 0.6380702716112137
0 0.15725546836853027 0.619012222290039 0.16351371586322783 0.619012222290039 0.16351371586322783 0.6281217586994172 0.15725546836853027 0.6281217586994172
0 0.16583871841430664 0.02395920515060425 0.1724371099472046 0.02395920515060425 0.1724371099472046 0.03201264619827271 0.16583871841430664 0.03201264619827271
0 0.18483980178833007 0.318478946685791 0.19272568285465236 0.318478946685791 0.19272568285465236 0.3284756082296372 0.18483980178833007 0.3284756082296372
0 0.15462491989135743 0.6593147277832031 0.16158397734165192 0.6593147277832031 0.16158397734165192 0.6682505273818969 0.15462491989135743 0.6682505273818969
0 0.23469972610473633 0.6712802124023437 0.24225097835063933 0.6712802124023437 0.24225097835063933 0.6799029302597045 0.23469972610473633 0.6799029302597045
0 0.44837657928466795 0.21594619750976562 0.4557492655515671 0.21594619750976562 0.4557492655515671 0.22568695783615111 0.44837657928466795 0.22568695783615111
0 0.5416978073120117 0.011433942317962647 0.5494712138175963 0.011433942317962647 0.5494712138175963 0.01939641892910004 0.5416978073120117 0.01939641892910004
0 0.15151158332824707 0.77972900390625 0.15844532787799837 0.77972900390625 0.15844532787799837 0.7895418286323548 0.15151158332824707 0.7895418286323548
0 0.44834327697753906 0.3200503158569336 0.45665130317211156 0.3200503158569336 0.45665130317211156 0.33012576103210456 0.44834327697753906 0.33012576103210456
0 0.15765142440795898 0.828234634399414 0.16411733627319336 0.828234634399414 0.16411733627319336 0.8373642921447755 0.15765142440795898 0.8373642921447755
0 0.14002447128295897 0.36875965118408205 0.1467865544557571 0.36875965118408205 0.1467865544557571 0.3782291531562805 0.14002447128295897 0.3782291531562805
0 0.2227992057800293 0.7796595001220703 0.2301621627807617 0.7796595001220703 0.2301621627807617 0.7887852048873901 0.2227992057800293 0.7887852048873901
0 0.5267154312133789 0.20482648849487306 0.5342944955825806 0.20482648849487306 0.5342944955825806 0.21418619394302368 0.5267154312133789 0.21418619394302368
0 0.14597532272338867 0.07583958625793458 0.1532476884126663 0.07583958625793458 0.1532476884126663 0.08520810246467592 0.14597532272338867 0.08520810246467592
0 0.229600772857666 0.5274237060546875 0.23851166903972623 0.5274237060546875 0.23851166903972623 0.5382982420921325 0.229600772857666 0.5382982420921325
0 0.22389257431030274 0.47453544616699217 0.23283392906188966 0.47453544616699217 0.23283392906188966 0.4849708366394043 0.22389257431030274 0.4849708366394043
0 0.20960987091064454 0.8386742401123047 0.21664118587970732 0.8386742401123047 0.21664118587970732 0.8468818086385727 0.20960987091064454 0.8468818086385727
0 0.1943117904663086 0.026351413726806643 0.2009326261281967 0.026351413726806643 0.2009326261281967 0.035791144371032715 0.1943117904663086 0.035791144371032715
0 0.49859916687011724 0.05536255359649658 0.5058340209722518 0.05536255359649658 0.5058340209722518 0.06404867410659791 0.49859916687011724 0.06404867410659791
0 0.19486644744873047 0.15996439933776854 0.202622806429863 0.15996439933776854 0.202622806429863 0.17022265434265135 0.19486644744873047 0.17022265434265135
0 0.14524600982666017 0.02316956520080566 0.15086782395839693 0.02316956520080566 0.15086782395839693 0.03108650982379913 0.14524600982666017 0.03108650982379913
0 0.5111175537109375 0.15571803092956543 0.5184502297639846 0.15571803092956543 0.5184502297639846 0.16593822717666626 0.5111175537109375 0.16593822717666626
0 0.5033810043334961 0.3115479850769043 0.5113730615377426 0.3115479850769043 0.5113730615377426 0.32196367025375366 0.5033810043334961 0.32196367025375366
0 0.5276318740844727 0.3092422866821289 0.5356510776281358 0.3092422866821289 0.5356510776281358 0.31970665335655213 0.5276318740844727 0.31970665335655213
0 0.5188643264770508 0.007279272675514221 0.5261949324607851 0.007279272675514221 0.5261949324607851 0.0177132385969162 0.5188643264770508 0.0177132385969162
0 0.14002310752868652 0.16112560272216797 0.14802515983581543 0.16112560272216797 0.14802515983581543 0.17148256540298462 0.14002310752868652 0.17148256540298462
0 0.1974100112915039 0.47322418212890627 0.2051760399341583 0.47322418212890627 0.2051760399341583 0.48334020614624024 0.1974100112915039 0.48334020614624024
0 0.13796481132507324 0.6751456451416016 0.1450112223625183 0.6751456451416016 0.1450112223625183 0.6849646365642548 0.13796481132507324 0.6849646365642548
0 0.5423261260986328 0.6806224060058593 0.5498029327392578 0.6806224060058593 0.5498029327392578 0.6902614539861679 0.5423261260986328 0.6902614539861679
0 0.5446410751342774 0.05503005027770996 0.5515501129627228 0.05503005027770996 0.5515501129627228 0.06398981511592865 0.5446410751342774 0.06398981511592865
0 0.473288459777832 0.5223637771606445 0.48067717373371127 0.5223637771606445 0.48067717373371127 0.5324132311344146 0.473288459777832 0.5324132311344146
0 0.4557144927978516 0.7862484741210937 0.46295490622520447 0.7862484741210937 0.46295490622520447 0.7968608438968658 0.4557144927978516 0.7968608438968658
0 0.19387161254882812 0.07821491241455078 0.20080040395259857 0.07821491241455078 0.20080040395259857 0.08792372226715087 0.19387161254882812 0.08792372226715087
0 0.47557941436767576 0.6822168731689453 0.483836755156517 0.6822168731689453 0.483836755156517 0.6926328551769255 0.47557941436767576 0.6926328551769255
0 0.4526747512817383 0.004945282638072967 0.45972484409809117 0.004945282638072967 0.45972484409809117 0.015095253884792327 0.4526747512817383 0.015095253884792327
0 0.5015588760375976 0.828371810913086 0.5089257955551146 0.828371810913086 0.5089257955551146 0.8390784204006196 0.5015588760375976 0.8390784204006196
0 0.2008186912536621 0.7759101104736329 0.2083245813846588 0.7759101104736329 0.2083245813846588 0.7856494081020355 0.2008186912536621 0.7856494081020355
0 0.26274351119995115 0.22422578811645508 0.27045002758502956 0.22422578811645508 0.27045002758502956 0.23471415042877197 0.26274351119995115 0.23471415042877197
0 0.1815669059753418 0.5255777359008789 0.18849303603172302 0.5255777359008789 0.18849303603172302 0.5363829743862152 0.1815669059753418 0.5363829743862152
0 0.17523933410644532 0.47216735839843754 0.1829010057449341 0.47216735839843754 0.1829010057449341 0.48087451338768006 0.17523933410644532 0.48087451338768006
0 0.25334714889526366 0.32384380340576174 0.2615908575057983 0.32384380340576174 0.2615908575057983 0.3345341265201569 0.25334714889526366 0.3345341265201569
0 0.4494765853881836 0.15719324111938476 0.45745571970939636 0.15719324111938476 0.45745571970939636 0.1676371705532074 0.4494765853881836 0.1676371705532074
0 0.20257349014282228 0.525699462890625 0.21036345660686495 0.525699462890625 0.21036345660686495 0.5363982462882996 0.20257349014282228 0.5363982462882996
0 0.24999059677124025 0.021663243770599364 0.2564513039588929 0.021663243770599364 0.2564513039588929 0.029187168478965762 0.24999059677124025 0.029187168478965762
0 0.5281590270996094 0.35550689697265625 0.535569771528244 0.35550689697265625 0.535569771528244 0.3654981225728988 0.5281590270996094 0.3654981225728988
0 0.13628848075866698 0.8245783996582031 0.14340939700603483 0.8245783996582031 0.14340939700603483 0.8332240456342697 0.13628848075866698 0.8332240456342697
0 0.4562172698974609 0.37042850494384766 0.4642265671491623 0.37042850494384766 0.4642265671491623 0.38067296385765076 0.4562172698974609 0.38067296385765076
0 0.13502755165100097 0.5255839157104493 0.14262894213199614 0.5255839157104493 0.14262894213199614 0.535096584558487 0.13502755165100097 0.535096584558487
0 0.1327049160003662 0.6197782897949219 0.14011109173297884 0.6197782897949219 0.14011109173297884 0.6294135034084319 0.1327049160003662 0.6294135034084319
0 0.44983409881591796 0.5237996292114258 0.4573675936460495 0.5237996292114258 0.4573675936460495 0.5334742152690888 0.44983409881591796 0.5334742152690888
0 0.24660053253173828 0.07260340690612793 0.2542058563232422 0.07260340690612793 0.2542058563232422 0.08228878021240235 0.24660053253173828 0.08228878021240235
0 0.17165318115667358 0.6192136345978402 0.18305202521785893 0.6192136345978402 0.18305202521785893 0.6308660951224411 0.17165318115667358 0.6308660951224411
0 0.49484393630322304 0.01165246052460094 0.5022196589310488 0.01165246052460094 0.5022196589310488 0.025993950401032858 0.49484393630322304 0.025993950401032858
0 0.515630063708914 0.053780587036619705 0.5270289077700994 0.053780587036619705 0.5270289077700994 0.06812207691305162 0.515630063708914 0.06812207691305162
