0 0.12531843447533392 0.16957118631529633 0.13447792138050782 0.16957118631529633 0.13447792138050782 0.1768064475211261 0.12531843447533392 0.1768064475211261
0 0.16695246586248802 0.17458021330394777 0.17361391088443268 0.17458021330394777 0.17361391088443268 0.18793761860701808 0.16695246586248802 0.18793761860701808
0 0.20317407316931213 0.17179742053247474 0.2119172197606145 0.17179742053247474 0.2119172197606145 0.18348515017266134 0.20317407316931213 0.18348515017266134
0 0.25396759146164016 0.17068430342388552 0.25979635585584177 0.17068430342388552 0.25979635585584177 0.18125891595548288 0.25396759146164016 0.18125891595548288
0 0.3010140469291243 0.17402365474965312 0.30559379038171125 0.17402365474965312 0.30559379038171125 0.18237203306407213 0.3010140469291243 0.18237203306407213
0 0.1240694135337193 0.22800983451622922 0.1303145182417924 0.22800983451622922 0.1303145182417924 0.2335754200591752 0.1240694135337193 0.2335754200591752
0 0.15196421456311254 0.2257836002990508 0.15696029832957106 0.2257836002990508 0.15696029832957106 0.23301886150488063 0.15196421456311254 0.23301886150488063
0 0.20025969097221136 0.22411392463616706 0.20775381662189907 0.22411392463616706 0.20775381662189907 0.235245095722059 0.20025969097221136 0.235245095722059
0 0.24855516738131014 0.22244424897328324 0.25438393177551166 0.22244424897328324 0.25438393177551166 0.23357542005917523 0.24855516738131014 0.23357542005917523
0 0.2868584762574919 0.22467048319046165 0.2956016228487943 0.22467048319046165 0.2956016228487943 0.23190574439629147 0.2868584762574919 0.23190574439629147
0 0.1382249842053517 0.30871082488894613 0.14738447111052558 0.30871082488894613 0.14738447111052558 0.3176157617576596 0.1382249842053517 0.3176157617576596
0 0.16903416743184574 0.3098239419975353 0.1773609737092766 0.3098239419975353 0.1773609737092766 0.31705920320336506 0.16903416743184574 0.31705920320336506
0 0.21150087944674292 0.3081542663346515 0.2160806228993299 0.3081542663346515 0.2160806228993299 0.3181723203119543 0.21150087944674292 0.3181723203119543
0 0.2556329527171263 0.30926738344324073 0.26271073805294254 0.30926738344324073 0.26271073805294254 0.3181723203119543 0.2556329527171263 0.3181723203119543
0 0.3010140469291243 0.3170592032033651 0.3089245128926837 0.3170592032033651 0.3089245128926837 0.32540758151778415 0.3010140469291243 0.32540758151778415
0 0.14696813079665408 0.3654797974269952 0.15279689519085562 0.3654797974269952 0.15279689519085562 0.3721585000785304 0.14696813079665408 0.3721585000785304
0 0.17527927213991887 0.3632535632098168 0.18318973810347813 0.3632535632098168 0.18318973810347813 0.37104538296994116 0.17527927213991887 0.37104538296994116
0 0.20192505222769752 0.3582445362211654 0.2073374763080275 0.3582445362211654 0.2073374763080275 0.36881914875276284 0.20192505222769752 0.36881914875276284
0 0.2502205286367963 0.35713141911257623 0.25646563334486944 0.35713141911257623 0.25646563334486944 0.36937570730705743 0.2502205286367963 0.36937570730705743
0 0.3085081725788121 0.3521223921239248 0.31516961760075674 0.3521223921239248 0.31516961760075674 0.36158388754693305 0.3085081725788121 0.36158388754693305
0 0.1424503222667918 0.47876016168457697 0.14933198034731313 0.47876016168457697 0.14933198034731313 0.48703954513689335 0.1424503222667918 0.48703954513689335
0 0.13522458128224438 0.5247567364196678 0.14279440517081787 0.5247567364196678 0.14279440517081787 0.533956051366686 0.13522458128224438 0.533956051366686
0 0.15827813585199088 0.5270565651564224 0.16481571102848616 0.5270565651564224 0.16481571102848616 0.533956051366686 0.15827813585199088 0.533956051366686
0 0.17582636395732026 0.4824398876633842 0.1809876075177113 0.4824398876633842 0.1809876075177113 0.4930190998524551 0.17582636395732026 0.4930190998524551
0 0.1820198562297895 0.5252167021670188 0.19096601173446723 0.5252167021670188 0.19096601173446723 0.533496085619335 0.1820198562297895 0.533496085619335
0 0.21126690307200524 0.5256766679143696 0.21711631244044835 0.5256766679143696 0.21711631244044835 0.5330361198719842 0.21126690307200524 0.5330361198719842
0 0.20197666466330141 0.4824398876633842 0.20885832274382277 0.4824398876633842 0.20885832274382277 0.4907192711157005 0.20197666466330141 0.4907192711157005
0 0.2277828824652564 0.4737005384637169 0.23260004312162136 0.4737005384637169 0.23260004312162136 0.4851996821474897 0.2277828824652564 0.4851996821474897
0 0.27595448902890585 0.4778402301898751 0.282147981301375 0.4778402301898751 0.282147981301375 0.4861196136421915 0.27595448902890585 0.4861196136421915
0 0.29969620940670444 0.4842797506527879 0.3055456187751476 0.4842797506527879 0.3055456187751476 0.4948589628418587 0.29969620940670444 0.4948589628418587
0 0.44558736071375693 0.14344513186576482 0.45178085298622617 0.14344513186576482 0.45178085298622617 0.15448430980218664 0.44558736071375693 0.15448430980218664
0 0.4380175368251834 0.18990167234820657 0.4435228632896005 0.18990167234820657 0.4435228632896005 0.19726112430582107 0.4380175368251834 0.19726112430582107
0 0.4779311536922071 0.20140081603197926 0.48309239725259817 0.20140081603197926 0.48309239725259817 0.21152006247369928 0.4779311536922071 0.21152006247369928
0 0.5140598586149443 0.15034461807602847 0.5202533508874134 0.15034461807602847 0.5202533508874134 0.15816403578099392 0.5140598586149443 0.15816403578099392
0 0.5223178483115699 0.20508054201078657 0.5302317551041694 0.20508054201078657 0.5302317551041694 0.21243999396840108 0.5223178483115699 0.21243999396840108
0 0.5591347190423591 0.19634119281111928 0.5670486258349585 0.19634119281111928 0.5670486258349585 0.20324067902138293 0.5591347190423591 0.20324067902138293
0 0.5629196309866458 0.14620492634987028 0.5687690403550889 0.14620492634987028 0.5687690403550889 0.1567841385389412 0.5629196309866458 0.1567841385389412
0 0.6179728956308165 0.15034461807602847 0.6251986366153639 0.15034461807602847 0.6251986366153639 0.15540424129688846 0.6179728956308165 0.15540424129688846
0 0.6024891649496436 0.19450132982171567 0.6097149059341908 0.19450132982171567 0.6097149059341908 0.2009408502846284 0.6024891649496436 0.2009408502846284
0 0.451092687178174 0.2901742052707046 0.45763026235466936 0.2901742052707046 0.45763026235466936 0.2993735202177227 0.451092687178174 0.2993735202177227
0 0.4882536408129892 0.28189482181838826 0.49513529889351066 0.28189482181838826 0.49513529889351066 0.2892542737760027 0.4882536408129892 0.2892542737760027
0 0.4383616197292095 0.3453700949528136 0.44489919490570484 0.3453700949528136 0.44489919490570484 0.35364947840513 0.4383616197292095 0.35364947840513
0 0.4782752365962332 0.34583006070016453 0.48790955790896307 0.34583006070016453 0.48790955790896307 0.3541094441524809 0.4782752365962332 0.3541094441524809
0 0.5388338277048211 0.28787437653395004 0.5450273199772903 0.28787437653395004 0.5450273199772903 0.29845358872302097 0.5388338277048211 0.29845358872302097
0 0.5928548436369137 0.28741441078659913 0.5990483359093828 0.28741441078659913 0.5990483359093828 0.29799362297567 0.5928548436369137 0.29799362297567
0 0.5901021804047051 0.34445016345811175 0.5966397555812004 0.34445016345811175 0.5966397555812004 0.3508896839210245 0.5901021804047051 0.3508896839210245
0 0.6300157972717289 0.34399019771076095 0.6379297040643284 0.34399019771076095 0.6379297040643284 0.35364947840513 0.6300157972717289 0.35364947840513
0 0.6351770408321199 0.2869544450392482 0.6424027818166673 0.2869544450392482 0.6424027818166673 0.2966137257336173 0.6351770408321199 0.2966137257336173
0 0.5422746567450818 0.34491012920546266 0.5481240661135248 0.34491012920546266 0.5481240661135248 0.3531895126577789 0.5422746567450818 0.3531895126577789
0 0.7725612004387696 0.1692032137174157 0.7777224439991605 0.1692032137174157 0.7777224439991605 0.17840252866443385 0.7725612004387696 0.17840252866443385
0 0.7711848688226652 0.22255924041012107 0.7784106098072128 0.22255924041012107 0.7784106098072128 0.22945872662038466 0.7711848688226652 0.22945872662038466
0 0.8131629831138454 0.22761886363098108 0.8190123924822885 0.22761886363098108 0.8190123924822885 0.23497831558859558 0.8131629831138454 0.23497831558859558
0 0.8145393147299497 0.17426283693827568 0.8217650557144972 0.17426283693827568 0.8217650557144972 0.18162228889589022 0.8145393147299497 0.18162228889589022
0 0.8527325170768433 0.22761886363098108 0.8578937606372342 0.22761886363098108 0.8578937606372342 0.23589824708329743 0.8527325170768433 0.23589824708329743
0 0.8627109212935992 0.18162228889589027 0.8682162477580161 0.18162228889589027 0.8682162477580161 0.18990167234820657 0.8627109212935992 0.18990167234820657
0 0.8960869629841277 0.2423377675462101 0.9015922894485449 0.2423377675462101 0.9015922894485449 0.2519970482405792 0.8960869629841277 0.2519970482405792
0 0.8995277920243884 0.17426283693827568 0.9067535330089356 0.17426283693827568 0.9067535330089356 0.18116232314853936 0.8995277920243884 0.18116232314853936
0 0.9408177405075163 0.1825422203905921 0.9459789840679073 0.1825422203905921 0.9459789840679073 0.1908216038429084 0.9408177405075163 0.1908216038429084
0 0.9329038337149168 0.23359841834654285 0.9380650772753077 0.23359841834654285 0.9380650772753077 0.242797733293561 0.9329038337149168 0.242797733293561
0 0.7691203713985089 0.3265114993114263 0.7753138636709783 0.3265114993114263 0.7753138636709783 0.33249105402698814 0.7691203713985089 0.33249105402698814
0 0.8066254079373504 0.32559156781672455 0.8114425685937152 0.32559156781672455 0.8114425685937152 0.3352508485110936 0.8066254079373504 0.3352508485110936
0 0.774625697862926 0.38124742324618455 0.7815073559434473 0.38124742324618455 0.7815073559434473 0.39044673819320275 0.774625697862926 0.39044673819320275
0 0.8066254079373504 0.37204810829916635 0.8131629831138455 0.37204810829916635 0.8131629831138455 0.3789475945094299 0.8066254079373504 0.3789475945094299
0 0.8451626931882698 0.3669884850783064 0.8492916880365826 0.3669884850783064 0.8492916880365826 0.37572783427797357 0.8451626931882698 0.37572783427797357
0 0.8434422786681394 0.33203108827963723 0.8482594393245043 0.33203108827963723 0.8482594393245043 0.34077043747930447 0.8434422786681394 0.34077043747930447
0 0.9349683311390732 0.3311111567849354 0.9408177405075164 0.3311111567849354 0.9408177405075164 0.3416903689740064 0.9349683311390732 0.3416903689740064
0 0.9353124140430993 0.37526786853062255 0.9418499892195945 0.37526786853062255 0.9418499892195945 0.38216735474088614 0.9353124140430993 0.38216735474088614
0 0.6114353204543213 0.48151995616868243 0.6179728956308165 0.48151995616868243 0.6179728956308165 0.48887940812629693 0.6114353204543213 0.48887940812629693
0 0.6124675691663994 0.5348759828613878 0.6186610614388687 0.5348759828613878 0.6186610614388687 0.5440752978084061 0.6124675691663994 0.5440752978084061
0 0.4435228632896005 0.5371758115981423 0.4521249358902522 0.5371758115981423 0.4521249358902522 0.5459151607978097 0.4435228632896005 0.5459151607978097
0 0.4865332262928589 0.5219969419355625 0.4951352988935106 0.5219969419355625 0.4951352988935106 0.5325761541246332 0.4865332262928589 0.5325761541246332
0 0.528511340584039 0.5275165309037733 0.5350489157605341 0.5275165309037733 0.5350489157605341 0.539015674587546 0.528511340584039 0.539015674587546
0 0.5711776206832715 0.524296770672317 0.5780592787637928 0.524296770672317 0.5780592787637928 0.5344160171140369 0.5711776206832715 0.5344160171140369
