0 0.5078295516967773 0.364644775390625 0.5148960268497467 0.364644775390625 0.5148960268497467 0.3737160462141037 0.5078295516967773 0.3737160462141037
0 0.4927863311767578 0.7833931732177734 0.5013862258195877 0.7833931732177734 0.5013862258195877 0.7928226304054259 0.4927863311767578 0.7928226304054259
0 0.5302850341796875 0.6145018005371093 0.5368315279483795 0.6145018005371093 0.5368315279483795 0.6237500101327895 0.5302850341796875 0.6237500101327895
0 0.5626361846923829 0.8323841094970703 0.5694140440225601 0.8323841094970703 0.5694140440225601 0.8417775940895081 0.5626361846923829 0.8417775940895081
0 0.5224967193603516 0.78307861328125 0.5293988966941833 0.78307861328125 0.5293988966941833 0.7920396333932876 0.5224967193603516 0.7920396333932876
0 0.5540039443969726 0.6140724182128906 0.5614528948068618 0.6140724182128906 0.5614528948068618 0.6235014408826828 0.5540039443969726 0.6235014408826828
0 0.5454621124267578 0.7796522521972656 0.552495704293251 0.7796522521972656 0.552495704293251 0.7899700403213501 0.5454621124267578 0.7899700403213501
0 0.5330977630615235 0.5201407623291016 0.5408735352754592 0.5201407623291016 0.5408735352754592 0.5297881513834 0.5330977630615235 0.5297881513834
0 0.48411582946777343 0.36622135162353514 0.49144516408443456 0.36622135162353514 0.49144516408443456 0.3755202001333237 0.48411582946777343 0.3755202001333237
0 0.5317795181274414 0.31005611419677737 0.5390303409099578 0.31005611419677737 0.5390303409099578 0.3187856835126877 0.5317795181274414 0.3187856835126877
0 0.5313459777832031 0.6757737731933594 0.538581246137619 0.6757737731933594 0.538581246137619 0.684357830286026 0.5313459777832031 0.684357830286026
0 0.46075660705566407 0.4704463195800781 0.4681807178258896 0.4704463195800781 0.4681807178258896 0.4794561207294464 0.46075660705566407 0.4794561207294464
0 0.4824074935913086 0.6750072479248048 0.490278308391571 0.6750072479248048 0.490278308391571 0.6844973450899126 0.4824074935913086 0.6844973450899126
0 0.5420515823364258 0.8346835327148437 0.5491795659065247 0.8346835327148437 0.5491795659065247 0.8442411482334136 0.5420515823364258 0.8442411482334136
0 0.51681396484375 0.8349058532714844 0.5250945782661437 0.8349058532714844 0.5250945782661437 0.8436976039409637 0.51681396484375 0.8436976039409637
0 0.48655128479003906 0.5295541381835938 0.49476456463336943 0.5295541381835938 0.49476456463336943 0.5385630697011948 0.48655128479003906 0.5385630697011948
0 0.5544839859008789 0.674502182006836 0.5624836724996567 0.674502182006836 0.5624836724996567 0.68440908908844 0.5544839859008789 0.68440908908844
0 0.5533243179321289 0.520002212524414 0.5599218517541885 0.520002212524414 0.5599218517541885 0.5295070940256118 0.5533243179321289 0.5295070940256118
0 0.5451034545898438 0.47170124053955076 0.5523629122972489 0.47170124053955076 0.5523629122972489 0.48170570850372313 0.5451034545898438 0.48170570850372313
0 0.46635913848876953 0.7820236206054687 0.47342481553554533 0.7820236206054687 0.47342481553554533 0.7920332276821136 0.46635913848876953 0.7920332276821136
0 0.46007160186767576 0.8359722137451173 0.46781925201416014 0.8359722137451173 0.46781925201416014 0.8446633988618851 0.46007160186767576 0.8446633988618851
0 0.455872688293457 0.6754479217529297 0.4630564433336257 0.6754479217529297 0.4630564433336257 0.6852997231483459 0.455872688293457 0.6852997231483459
0 0.513005485534668 0.47692710876464844 0.5205576395988464 0.47692710876464844 0.5205576395988464 0.48668051898479464 0.513005485534668 0.48668051898479464
0 0.5683674621582031 0.47073097229003913 0.5758128046989441 0.47073097229003913 0.5758128046989441 0.47978615462780005 0.5683674621582031 0.47978615462780005
0 0.5832152557373047 0.8323204040527343 0.5912406688928603 0.8323204040527343 0.5912406688928603 0.8409489727020264 0.5832152557373047 0.8409489727020264
0 0.4589188003540039 0.3712975692749023 0.4667409408092499 0.3712975692749023 0.4667409408092499 0.3812972545623779 0.4589188003540039 0.3812972545623779
0 0.45410633087158203 0.3080377960205078 0.4621859776973724 0.3080377960205078 0.4621859776973724 0.3181038928031921 0.45410633087158203 0.3181038928031921
0 0.45479167938232423 0.6186854934692383 0.46259690463542935 0.6186854934692383 0.46259690463542935 0.626943581700325 0.45479167938232423 0.626943581700325
0 0.5069361495971679 0.6191725540161133 0.5148154217004776 0.6191725540161133 0.5148154217004776 0.6301889252662659 0.5069361495971679 0.6301889252662659
0 0.48659027099609375 0.47269573211669924 0.49503178179264073 0.47269573211669924 0.49503178179264073 0.48152092576026917 0.48659027099609375 0.48152092576026917
0 0.549917106628418 0.36181648254394533 0.5576867872476577 0.36181648254394533 0.5576867872476577 0.37106702446937556 0.549917106628418 0.37106702446937556
0 0.5085787963867188 0.5253293609619141 0.5162963134050369 0.5253293609619141 0.5162963134050369 0.5352284806966782 0.5085787963867188 0.5352284806966782
0 0.5065106201171875 0.68177734375 0.5130344623327255 0.68177734375 0.5130344623327255 0.6912690222263336 0.5065106201171875 0.6912690222263336
0 0.5289590454101563 0.36088256835937493 0.5360598236322404 0.36088256835937493 0.5360598236322404 0.37042603194713586 0.5289590454101563 0.37042603194713586
0 0.49495735168457033 0.3091020393371582 0.5023410677909852 0.3091020393371582 0.5023410677909852 0.31822151780128477 0.49495735168457033 0.31822151780128477
0 0.5658477401733398 0.7824189758300781 0.5737153017520904 0.7824189758300781 0.5737153017520904 0.7929357600212098 0.5658477401733398 0.7929357600212098
0 0.4631294631958008 0.5254534530639648 0.46903387546539305 0.5254534530639648 0.46903387546539305 0.5336783754825593 0.4631294631958008 0.5336783754825593
0 0.47384281158447267 0.30817190170288083 0.4813381004333497 0.30817190170288083 0.4813381004333497 0.317823224067688 0.47384281158447267 0.317823224067688
0 0.5112886810302735 0.311038932800293 0.5186531758308413 0.311038932800293 0.5186531758308413 0.3196503251791 0.5112886810302735 0.3196503251791
0 0.4815250015258789 0.620760269165039 0.48905639648437504 0.620760269165039 0.48905639648437504 0.6312936568260192 0.4815250015258789 0.6312936568260192
