0 0.14388921441090077 0.020071232611676 0.14889405665127994 0.020071232611676 0.14889405665127994 0.02885239687928424 0.14388921441090077 0.02885239687928424
0 0.1654725965725359 0.020071232611676 0.17110304409296243 0.020071232611676 0.17110304409296243 0.02927054755869416 0.1654725965725359 0.02927054755869416
0 0.19487604473476344 0.023834588726365246 0.19956808433511888 0.023834588726365246 0.19956808433511888 0.03177945163515366 0.19487604473476344 0.03177945163515366
0 0.21739783481646968 0.018816780573446247 0.22396669025696728 0.018816780573446247 0.22396669025696728 0.025925342123414824 0.21739783481646968 0.025925342123414824
0 0.2496165067389105 0.01965308193226608 0.254308546339266 0.01965308193226608 0.254308546339266 0.026343492802824744 0.2496165067389105 0.026343492802824744
0 0.14576603025104296 0.07234006753791557 0.15139647777146953 0.07234006753791557 0.15139647777146953 0.08237568384375357 0.14576603025104296 0.08237568384375357
0 0.16985183353286765 0.07401267025555525 0.1770462942534127 0.07401267025555525 0.1770462942534127 0.08070308112611392 0.16985183353286765 0.08070308112611392
0 0.19268642625459756 0.0756852729731949 0.19925528169509518 0.0756852729731949 0.19925528169509518 0.08363013588198333 0.19268642625459756 0.08363013588198333
0 0.21771063745649336 0.07443082093496516 0.22427949289699098 0.07443082093496516 0.22427949289699098 0.08195753316434364 0.21771063745649336 0.08195753316434364
0 0.24711408561872092 0.06941301278204615 0.2508677172990053 0.06941301278204615 0.2508677172990053 0.08070308112611392 0.24711408561872092 0.08070308112611392
0 0.1398227800905927 0.1601517102139981 0.14576603025104296 0.1601517102139981 0.14576603025104296 0.16976917584042614 0.1398227800905927 0.16976917584042614
0 0.17047743881291502 0.16098801157281786 0.17610788633334162 0.16098801157281786 0.17610788633334162 0.1714417785580658 0.17047743881291502 0.1714417785580658
0 0.19393763681469234 0.160569860893408 0.2011320975352374 0.160569860893408 0.2011320975352374 0.16893287448160632 0.19393763681469234 0.16893287448160632
0 0.1404483853706401 0.21869280533138638 0.14858125401125624 0.21869280533138638 0.14858125401125624 0.22496506552253512 0.1404483853706401 0.22496506552253512
0 0.1642213860124411 0.2166020519343368 0.17204145201303353 0.2166020519343368 0.17204145201303353 0.2262195175607649 0.1642213860124411 0.2262195175607649
0 0.20300891337537957 0.22538321620194504 0.2102033740959246 0.22538321620194504 0.2102033740959246 0.23541883250778298 0.20300891337537957 0.23541883250778298
0 0.2320995588975834 0.21827465465197649 0.2389812169781048 0.21827465465197649 0.2389812169781048 0.22831027095781445 0.2320995588975834 0.22831027095781445
0 0.2621286123398584 0.2237106134843054 0.26869746778035597 0.2237106134843054 0.26869746778035597 0.2341643804695533 0.2621286123398584 0.2341643804695533
0 0.2217770717768014 0.16684212108455673 0.22772032193725164 0.16684212108455673 0.22772032193725164 0.17645958671098486 0.2217770717768014 0.17645958671098486
0 0.2477396908987683 0.16433321700809722 0.2543085463392659 0.16433321700809722 0.2543085463392659 0.17562328535216498 0.2477396908987683 0.17562328535216498
0 0.13794596425045053 0.3198852697485862 0.14420201705092447 0.3198852697485862 0.14420201705092447 0.33033903673383413 0.13794596425045053 0.33033903673383413
0 0.15984214905210933 0.3223941738250457 0.1686006229727729 0.3223941738250457 0.1686006229727729 0.3320116394514738 0.15984214905210933 0.3320116394514738
0 0.18361514969391035 0.31863081771035645 0.19174801833452645 0.31863081771035645 0.19174801833452645 0.3265756806191449 0.18361514969391035 0.3265756806191449
0 0.21958745329663554 0.3257393792603251 0.2264691113771569 0.3257393792603251 0.2264691113771569 0.335774995566163 0.21958745329663554 0.335774995566163
0 0.25243173049912376 0.3236486258632755 0.25931338857964514 0.3236486258632755 0.25931338857964514 0.33493869420734323 0.25243173049912376 0.33493869420734323
0 0.1388843721705216 0.36713629652190677 0.14420201705092447 0.36713629652190677 0.14420201705092447 0.3775900635071547 0.1388843721705216 0.3775900635071547
0 0.16140616225222781 0.37131780331600595 0.1679750176927255 0.37131780331600595 0.1679750176927255 0.38135341962184394 0.16140616225222781 0.38135341962184394
0 0.18392795233393402 0.3734085567130554 0.19268642625459756 0.3734085567130554 0.19268642625459756 0.38051711826302403 0.18392795233393402 0.38051711826302403
0 0.20832655825578242 0.36713629652190677 0.21520821633630374 0.36713629652190677 0.21520821633630374 0.37842636486597464 0.20832655825578242 0.37842636486597464
0 0.22990994041741752 0.3717359539954159 0.23710440113796255 0.3717359539954159 0.23710440113796255 0.38177157030125386 0.22990994041741752 0.38177157030125386
0 0.1301258982498581 0.47396644530232473 0.13763316161042682 0.47396644530232473 0.13763316161042682 0.48023870549347353 0.1301258982498581 0.48023870549347353
0 0.1517092804114932 0.4706212398670454 0.15921654377206193 0.4706212398670454 0.15921654377206193 0.48023870549347353 0.1517092804114932 0.48023870549347353
0 0.17454387313322312 0.4706212398670454 0.18079992593369706 0.4706212398670454 0.18079992593369706 0.4810750068522934 0.17454387313322312 0.4810750068522934
0 0.19612725529485822 0.47313014394350494 0.20300891337537957 0.47313014394350494 0.20300891337537957 0.4840020616081628 0.19612725529485822 0.4840020616081628
0 0.22208987441682512 0.472711993264095 0.2305355456974649 0.472711993264095 0.2305355456974649 0.48358391092875286 0.22208987441682512 0.48358391092875286
0 0.13262831937004768 0.5237263761521048 0.14013558273061644 0.5237263761521048 0.14013558273061644 0.5337619924579428 0.13262831937004768 0.5337619924579428
0 0.15640132001184867 0.5299986363432536 0.1629701754523463 0.5299986363432536 0.1629701754523463 0.5417068553667312 0.15640132001184867 0.5417068553667312
0 0.18017432065364963 0.5249808281903345 0.1861175708140999 0.5249808281903345 0.1861175708140999 0.538361649931452 0.18017432065364963 0.538361649931452
0 0.1998808869751426 0.5249808281903345 0.20801375561575872 0.5249808281903345 0.20801375561575872 0.5350164444961726 0.1998808869751426 0.5350164444961726
0 0.22709471665720427 0.5274897322667941 0.2367915984979389 0.5274897322667941 0.2367915984979389 0.537943499252042 0.22709471665720427 0.537943499252042
0 0.1307515035299055 0.6203191830957957 0.13857156953049793 0.6203191830957957 0.13857156953049793 0.6286821966839939 0.1307515035299055 0.6286821966839939
0 0.1548373068117302 0.6178102790193362 0.16046775433215674 0.6178102790193362 0.16046775433215674 0.6278458953251742 0.1548373068117302 0.6278458953251742
0 0.17360546521315204 0.6178102790193362 0.18079992593369706 0.6178102790193362 0.18079992593369706 0.6291003473634039 0.17360546521315204 0.6291003473634039
0 0.20582413713559286 0.624082539210485 0.21395700577620896 0.624082539210485 0.21395700577620896 0.6337000048369129 0.20582413713559286 0.6337000048369129
0 0.23741720377798628 0.624082539210485 0.24398605921848393 0.624082539210485 0.24398605921848393 0.6349544568751427 0.23741720377798628 0.6349544568751427
0 0.13544354313026097 0.6750969220984948 0.14295080649082967 0.6750969220984948 0.14295080649082967 0.6838780863661031 0.13544354313026097 0.6838780863661031
0 0.1520220830515169 0.6566982922044585 0.15890374113203823 0.6566982922044585 0.15890374113203823 0.6679883605485262 0.1520220830515169 0.6679883605485262
0 0.18142553121374452 0.6704972646249857 0.1904968077744318 0.6704972646249857 0.1904968077744318 0.678023976854364 0.18142553121374452 0.678023976854364
0 0.20989057145590093 0.6730061687014451 0.21739783481646968 0.6730061687014451 0.21739783481646968 0.6838780863661031 0.20989057145590093 0.6838780863661031
0 0.2320995588975834 0.6704972646249857 0.24054523017822327 0.6704972646249857 0.24054523017822327 0.6805328809308238 0.2320995588975834 0.6805328809308238
0 0.13168991144997658 0.7708534276833654 0.13825876689047423 0.7708534276833654 0.13825876689047423 0.782561646706843 0.13168991144997658 0.782561646706843
0 0.14826845137123254 0.7792164412715639 0.1542117015316828 0.7792164412715639 0.1542117015316828 0.7900883589362218 0.14826845137123254 0.7900883589362218
0 0.16985183353286765 0.7775438385539242 0.176733491613389 0.7775438385539242 0.176733491613389 0.7875794548597623 0.16985183353286765 0.7875794548597623
0 0.197378465854953 0.7754530851568744 0.20519853185554543 0.7754530851568744 0.20519853185554543 0.7854887014627125 0.197378465854953 0.7854887014627125
0 0.22052586121670664 0.7775438385539242 0.2264691113771569 0.7775438385539242 0.2264691113771569 0.7905065096156314 0.22052586121670664 0.7905065096156314
0 0.13419233257016613 0.8235404132890151 0.14013558273061644 0.8235404132890151 0.14013558273061644 0.8323215775566233 0.13419233257016613 0.8323215775566233
0 0.15389889889165909 0.8273037694037042 0.1617189648922515 0.8273037694037042 0.1617189648922515 0.8381756870683622 0.15389889889165909 0.8381756870683622
0 0.17485667577324684 0.8306489748389836 0.1817383338537681 0.8306489748389836 0.1817383338537681 0.8406845911448216 0.17485667577324684 0.8406845911448216
0 0.19237362361457386 0.8331578789154431 0.20113209753523742 0.8331578789154431 0.20113209753523742 0.8423571938624611 0.19237362361457386 0.8423571938624611
0 0.20613693977561653 0.8394301391065917 0.213957005776209 0.8394301391065917 0.213957005776209 0.8473750020153802 0.20613693977561653 0.8473750020153802
0 0.2446116644985313 0.8352486323124926 0.25337013841919487 0.8352486323124926 0.25337013841919487 0.8461205499771506 0.2446116644985313 0.8461205499771506
