0 0.4863644790649414 0.33202430725097654 0.4926928251981735 0.33202430725097654 0.4926928251981735 0.3417509949207305 0.4863644790649414 0.3417509949207305
0 0.15867864608764648 0.3232527542114258 0.16509634196758272 0.3232527542114258 0.16509634196758272 0.3320331197977066 0.15867864608764648 0.3320331197977066
0 0.8365557098388672 0.6976959991455077 0.8443932271003723 0.6976959991455077 0.8443932271003723 0.7069755566120147 0.8365557098388672 0.7069755566120147
0 0.5163614273071289 0.48123741149902344 0.524228042960167 0.48123741149902344 0.524228042960167 0.49059844136238095 0.5163614273071289 0.49059844136238095
0 0.4906517791748047 0.6996363067626953 0.4982678371667862 0.6996363067626953 0.4982678371667862 0.7081703972816468 0.4906517791748047 0.7081703972816468
0 0.49225894927978514 0.4807776641845703 0.49996892571449286 0.4807776641845703 0.49996892571449286 0.4893011999130249 0.49225894927978514 0.4893011999130249
0 0.5077415466308594 0.6448244476318359 0.5149601364135741 0.6448244476318359 0.5149601364135741 0.6536233139038086 0.5077415466308594 0.6536233139038086
0 0.21161705017089844 0.6970893096923828 0.21783156156539915 0.6970893096923828 0.21783156156539915 0.7054453545808792 0.21161705017089844 0.7054453545808792
0 0.8753440856933594 0.5426444625854492 0.8815925598144532 0.5426444625854492 0.8815925598144532 0.5502663463354109 0.8753440856933594 0.5502663463354109
0 0.4914607620239258 0.3747882843017578 0.4975651055574417 0.3747882843017578 0.4975651055574417 0.383384358882904 0.4914607620239258 0.383384358882904
0 0.19519102096557617 0.3243687438964844 0.20114082515239717 0.3243687438964844 0.20114082515239717 0.33219964563846593 0.19519102096557617 0.33219964563846593
0 0.46809547424316406 0.5332375717163086 0.47418624460697173 0.5332375717163086 0.47418624460697173 0.5423265129327773 0.46809547424316406 0.5423265129327773
0 0.8760064697265625 0.48938941955566406 0.8822377926111221 0.48938941955566406 0.8822377926111221 0.4973930102586746 0.8760064697265625 0.4973930102586746
0 0.8386236572265625 0.5407632446289062 0.8448805886507034 0.5407632446289062 0.8448805886507034 0.5490767544507981 0.8386236572265625 0.5490767544507981
0 0.532698974609375 0.6897092437744141 0.5403159493207931 0.6897092437744141 0.5403159493207931 0.699896343946457 0.532698974609375 0.699896343946457
0 0.4471383285522461 0.3313340377807617 0.4544933015108109 0.3313340377807617 0.4544933015108109 0.34041200935840604 0.4471383285522461 0.34041200935840604
0 0.20408031463623047 0.645479965209961 0.21004661917686462 0.645479965209961 0.21004661917686462 0.6542151474952698 0.20408031463623047 0.6542151474952698
0 0.13932955741882325 0.3248006820678711 0.14677590548992156 0.3248006820678711 0.14677590548992156 0.33348255753517153 0.13932955741882325 0.33348255753517153
0 0.8610297393798828 0.6895301055908204 0.8676925665140153 0.6895301055908204 0.8676925665140153 0.6985300242900849 0.8610297393798828 0.6985300242900849
0 0.8196183013916015 0.6331386184692382 0.8260164064168929 0.6331386184692382 0.8260164064168929 0.6423733484745024 0.8196183013916015 0.6423733484745024
0 0.7951359558105469 0.6896559143066406 0.8018042832612992 0.6896559143066406 0.8018042832612992 0.6977426773309707 0.7951359558105469 0.6977426773309707
0 0.21946393966674804 0.5390388870239258 0.22709697127342224 0.5390388870239258 0.22709697127342224 0.5481568437814712 0.21946393966674804 0.5481568437814712
0 0.1412650489807129 0.3773552703857422 0.14780873358249666 0.3773552703857422 0.14780873358249666 0.3850088971853256 0.1412650489807129 0.3850088971853256
0 0.45290294647216794 0.48190532684326176 0.46002318263053893 0.48190532684326176 0.46002318263053893 0.4915583294630051 0.45290294647216794 0.4915583294630051
0 0.7991538238525391 0.4926852798461914 0.8054790651798248 0.4926852798461914 0.8054790651798248 0.5011467528343201 0.7991538238525391 0.5011467528343201
0 0.7988014984130859 0.6331465530395508 0.8063402867317199 0.6331465530395508 0.8063402867317199 0.6420788741111756 0.7988014984130859 0.6420788741111756
0 0.8620081329345703 0.4879971694946289 0.8683664345741273 0.4879971694946289 0.8683664345741273 0.4965030354261398 0.8620081329345703 0.4965030354261398
0 0.20912578582763672 0.48059280395507814 0.21616134464740755 0.48059280395507814 0.21616134464740755 0.489337078332901 0.20912578582763672 0.489337078332901
0 0.7958133697509766 0.3829911041259766 0.8022990649938584 0.3829911041259766 0.8022990649938584 0.3914887475967408 0.7958133697509766 0.3914887475967408
0 0.19415502548217772 0.6971823120117188 0.20001333594322204 0.6971823120117188 0.20001333594322204 0.705473210811615 0.19415502548217772 0.705473210811615
0 0.5533538818359375 0.6990071868896485 0.5598036181926727 0.6990071868896485 0.5598036181926727 0.70775395154953 0.5533538818359375 0.70775395154953
0 0.4764634323120117 0.4877677154541016 0.4838118404150009 0.4877677154541016 0.4838118404150009 0.496609827876091 0.4764634323120117 0.496609827876091
0 0.13988227844238282 0.47203857421875 0.14693630397319793 0.47203857421875 0.14693630397319793 0.4810667967796326 0.13988227844238282 0.4810667967796326
0 0.522777328491211 0.3262770080566406 0.5301999604701997 0.3262770080566406 0.5301999604701997 0.33421375274658205 0.522777328491211 0.33421375274658205
0 0.22841403961181642 0.6492476654052735 0.23522095263004303 0.6492476654052735 0.23522095263004303 0.6577719920873643 0.22841403961181642 0.6577719920873643
0 0.8619602966308594 0.3855537033081055 0.8674715584516525 0.3855537033081055 0.8674715584516525 0.39231148898601537 0.8619602966308594 0.39231148898601537
0 0.8548783874511718 0.543314094543457 0.8618078887462616 0.543314094543457 0.8618078887462616 0.5519355869293213 0.8548783874511718 0.5519355869293213
0 0.17479476928710938 0.4822154235839844 0.1813501787185669 0.4822154235839844 0.1813501787185669 0.4900498628616333 0.17479476928710938 0.4900498628616333
0 0.5454417419433594 0.47267440795898436 0.5530585390329361 0.47267440795898436 0.5530585390329361 0.48200377404689787 0.5454417419433594 0.48200377404689787
0 0.1594698905944824 0.6356381225585938 0.1665767306089401 0.6356381225585938 0.1665767306089401 0.644670495390892 0.1594698905944824 0.644670495390892
0 0.5349840927124023 0.5266745376586914 0.5420420515537262 0.5266745376586914 0.5420420515537262 0.5355037236213684 0.5349840927124023 0.5355037236213684
0 0.7974732971191406 0.3287906265258789 0.8051206117868422 0.3287906265258789 0.8051206117868422 0.33904079675674437 0.7974732971191406 0.33904079675674437
0 0.5111142730712891 0.6982717132568359 0.5185202860832214 0.6982717132568359 0.5185202860832214 0.7076463812589645 0.5111142730712891 0.7076463812589645
0 0.46640262603759763 0.3737991333007812 0.4733235514163971 0.3737991333007812 0.4733235514163971 0.383118695616722 0.46640262603759763 0.383118695616722
0 0.19202041625976562 0.48333110809326174 0.19856065571308137 0.48333110809326174 0.19856065571308137 0.49246254444122317 0.19202041625976562 0.49246254444122317
0 0.14658865928649903 0.5437916946411133 0.15340599656105042 0.5437916946411133 0.15340599656105042 0.5520884835720062 0.14658865928649903 0.5520884835720062
0 0.7804953002929688 0.6335475540161133 0.786727569103241 0.6335475540161133 0.786727569103241 0.6416275966167451 0.7804953002929688 0.6416275966167451
0 0.7742701721191406 0.6851141357421875 0.7813260608911515 0.6851141357421875 0.7813260608911515 0.6940557068586349 0.7742701721191406 0.6940557068586349
0 0.8818526458740235 0.3369255065917969 0.888593955039978 0.3369255065917969 0.888593955039978 0.3449708414077759 0.8818526458740235 0.3449708414077759
0 0.8816596221923828 0.38581878662109376 0.8874794310331345 0.38581878662109376 0.8874794310331345 0.3931532043218613 0.8816596221923828 0.3931532043218613
0 0.1782710838317871 0.3808611297607422 0.18484530031681062 0.3808611297607422 0.18484530031681062 0.3899080103635788 0.1782710838317871 0.3899080103635788
0 0.8186399841308594 0.3818509292602539 0.8244349527359008 0.3818509292602539 0.8244349527359008 0.3894444698095321 0.8186399841308594 0.3894444698095321
0 0.22981361389160157 0.6970123291015626 0.23727294385433198 0.6970123291015626 0.23727294385433198 0.7060135126113892 0.22981361389160157 0.7060135126113892
0 0.4472029495239258 0.3893997573852539 0.45348812162876134 0.3893997573852539 0.45348812162876134 0.3982598960399627 0.4472029495239258 0.3982598960399627
0 0.8643128204345704 0.33398311614990234 0.8715609818696978 0.33398311614990234 0.8715609818696978 0.3439904701709747 0.8643128204345704 0.3439904701709747
0 0.165906982421875 0.5355052947998047 0.17272289991378784 0.5355052947998047 0.17272289991378784 0.5432986623048782 0.165906982421875 0.5432986623048782
0 0.16058221817016602 0.48340061187744143 0.16670001685619354 0.48340061187744143 0.16670001685619354 0.49196016013622285 0.16058221817016602 0.49196016013622285
0 0.5482493591308594 0.6400312042236328 0.5563489371538163 0.6400312042236328 0.5563489371538163 0.6488803136348724 0.5482493591308594 0.6488803136348724
0 0.8617613983154296 0.6296780014038086 0.8683083653450011 0.6296780014038086 0.8683083653450011 0.6386832171678543 0.8617613983154296 0.6386832171678543
0 0.17184627532958985 0.6960597229003906 0.17769039154052735 0.6960597229003906 0.17769039154052735 0.7043208152055741 0.17184627532958985 0.7043208152055741
0 0.1937156867980957 0.3765159225463867 0.1998452550172806 0.3765159225463867 0.1998452550172806 0.38455350935459137 0.1937156867980957 0.38455350935459137
0 0.8109547424316407 0.6923155975341797 0.8175438779592515 0.6923155975341797 0.8175438779592515 0.7009587925672531 0.8109547424316407 0.7009587925672531
0 0.44850860595703124 0.5305077743530273 0.45567583084106444 0.5305077743530273 0.45567583084106444 0.5390264481306075 0.44850860595703124 0.5390264481306075
0 0.2141391181945801 0.3185977745056152 0.22193038582801822 0.3185977745056152 0.22193038582801822 0.32903441071510314 0.2141391181945801 0.32903441071510314
0 0.8019876098632812 0.5493693161010742 0.8086819601058959 0.5493693161010742 0.8086819601058959 0.5579985564947129 0.8019876098632812 0.5579985564947129
0 0.4659218978881836 0.6893970489501953 0.4730725920200349 0.6893970489501953 0.4730725920200349 0.6991105729341507 0.4659218978881836 0.6991105729341507
0 0.5032936477661133 0.5404142379760742 0.5108856052160263 0.5404142379760742 0.5108856052160263 0.5502781754732132 0.5032936477661133 0.5502781754732132
0 0.46960983276367185 0.6421598815917968 0.4782718276977539 0.6421598815917968 0.4782718276977539 0.6520233052968978 0.46960983276367185 0.6520233052968978
0 0.5280327224731445 0.6445018005371094 0.5355074000358581 0.6445018005371094 0.5355074000358581 0.6557417571544647 0.5280327224731445 0.6557417571544647
0 0.15498372077941894 0.6925990295410157 0.1625817108154297 0.6925990295410157 0.1625817108154297 0.7022771340608597 0.15498372077941894 0.7022771340608597
0 0.49180294036865235 0.6418348693847656 0.4986095726490021 0.6418348693847656 0.4986095726490021 0.6518687093257904 0.49180294036865235 0.6518687093257904
0 0.8393020629882812 0.33677452087402343 0.8471131438016891 0.33677452087402343 0.8471131438016891 0.34635364055633544 0.8393020629882812 0.34635364055633544
0 0.8208599090576172 0.4956184387207031 0.8280009043216705 0.4956184387207031 0.8280009043216705 0.5056556379795074 0.8208599090576172 0.5056556379795074
0 0.5023990631103515 0.33022270202636717 0.50934086561203 0.33022270202636717 0.50934086561203 0.3386233174800873 0.5023990631103515 0.3386233174800873
0 0.8394178771972656 0.49259273529052733 0.8471458625793457 0.49259273529052733 0.8471458625793457 0.5015121692419052 0.8394178771972656 0.5015121692419052
0 0.8394052124023438 0.6342083358764649 0.84702969789505 0.6342083358764649 0.84702969789505 0.6437908947467804 0.8394052124023438 0.6437908947467804
0 0.8173626708984375 0.3345438003540039 0.8236159354448318 0.3345438003540039 0.8236159354448318 0.3441626089811325 0.8173626708984375 0.3441626089811325
0 0.5085081100463867 0.36887897491455074 0.5151533126831055 0.36887897491455074 0.5151533126831055 0.37912900686264034 0.5085081100463867 0.37912900686264034
0 0.18277233123779296 0.6398162841796875 0.1909068477153778 0.6398162841796875 0.1909068477153778 0.6503033018112182 0.18277233123779296 0.6503033018112182
0 0.4678114700317383 0.32943378448486327 0.47464264631271363 0.32943378448486327 0.47464264631271363 0.3384237015247345 0.4678114700317383 0.3384237015247345
0 0.8179482269287109 0.5424028015136719 0.8246465986967086 0.5424028015136719 0.8246465986967086 0.5503856784105301 0.8179482269287109 0.5503856784105301
0 0.21573984146118164 0.3707810211181641 0.22332680106163025 0.3707810211181641 0.22332680106163025 0.3807501095533371 0.21573984146118164 0.3807501095533371
0 0.1752273178100586 0.3287035369873047 0.1827636069059372 0.3287035369873047 0.1827636069059372 0.3394372248649597 0.1752273178100586 0.3394372248649597
0 0.15296343131640427 0.3793937612843602 0.16029102084054342 0.3793937612843602 0.16029102084054342 0.3879647630204969 0.15296343131640427 0.3879647630204969
0 0.18547960982977166 0.5367328645834434 0.19234922500865212 0.5367328645834434 0.19234922500865212 0.5446916519098562 0.18547960982977166 0.5446916519098562
0 0.19876086584227382 0.5373450789931674 0.20746237840218906 0.5373450789931674 0.20746237840218906 0.5459160807293042 0.19876086584227382 0.5459160807293042
0 0.21662186530736294 0.6457070295143259 0.22165958310520859 0.6457070295143259 0.22165958310520859 0.6567268888893589 0.21662186530736294 0.6567268888893589
0 0.5266704970474997 0.36347618663153464 0.5353720096074149 0.36347618663153464 0.5353720096074149 0.3787815468746361 0.5266704970474997 0.3787815468746361
0 0.4877426777005106 0.5306107204862027 0.4946122928793911 0.5306107204862027 0.4946122928793911 0.5465282951390282 0.4877426777005106 0.5465282951390282
0 0.8397089791594565 0.3879647630204969 0.8479525173741131 0.3879647630204969 0.8479525173741131 0.398372407985806 0.8397089791594565 0.398372407985806
