0 0.8057244110107422 0.22821481704711913 0.8135667186975479 0.22821481704711913 0.8135667186975479 0.23765814960002898 0.8057244110107422 0.23765814960002898
0 0.8187266540527344 0.3226090240478516 0.8264292669296265 0.3226090240478516 0.8264292669296265 0.33200881361961365 0.8187266540527344 0.33200881361961365
0 0.25574316024780275 0.3122080230712891 0.26439226150512696 0.3122080230712891 0.26439226150512696 0.32193775415420534 0.25574316024780275 0.32193775415420534
0 0.8302398681640625 0.5305965805053711 0.8379505836963652 0.5305965805053711 0.8379505836963652 0.5404595297574997 0.8302398681640625 0.5404595297574997
0 0.5623225402832032 0.6849147033691406 0.5703585404157638 0.6849147033691406 0.5703585404157638 0.6960069727897643 0.5623225402832032 0.6960069727897643
0 0.27485597610473633 0.5190505599975586 0.2826507037878037 0.5190505599975586 0.2826507037878037 0.5290370023250579 0.27485597610473633 0.5290370023250579
0 0.5551824951171875 0.8333978271484375 0.5631979131698609 0.8333978271484375 0.5631979131698609 0.8434886300563812 0.5551824951171875 0.8434886300563812
0 0.2118742561340332 0.8329370880126953 0.2181203204393387 0.8329370880126953 0.2181203204393387 0.8411302673816682 0.2118742561340332 0.8411302673816682
0 0.2524153518676758 0.5296689224243164 0.26060651242733 0.5296689224243164 0.26060651242733 0.5399274146556854 0.2524153518676758 0.5399274146556854
0 0.48651016235351563 0.6863759613037109 0.494905601143837 0.6863759613037109 0.494905601143837 0.6967762887477874 0.48651016235351563 0.6967762887477874
0 0.5718544006347657 0.46805274963378907 0.5800397944450378 0.46805274963378907 0.5800397944450378 0.47799954295158387 0.5718544006347657 0.47799954295158387
0 0.568463363647461 0.37542610168457025 0.5764038479328157 0.37542610168457025 0.5764038479328157 0.384380401968956 0.568463363647461 0.384380401968956
0 0.5918737411499023 0.5308348846435547 0.5998739004135131 0.5308348846435547 0.5998739004135131 0.5407686728239058 0.5918737411499023 0.5407686728239058
0 0.7719359588623047 0.7827366638183594 0.7791214293241501 0.7827366638183594 0.7791214293241501 0.791690331697464 0.7719359588623047 0.791690331697464
0 0.8372391510009766 0.2261301612854004 0.8444062280654907 0.2261301612854004 0.8444062280654907 0.23570117771625518 0.8372391510009766 0.23570117771625518
0 0.24912258148193356 0.7836763000488282 0.2564397621154785 0.7836763000488282 0.2564397621154785 0.7928684157133102 0.24912258148193356 0.7928684157133102
0 0.8137813568115234 0.6797721862792969 0.8221882396936415 0.6797721862792969 0.8221882396936415 0.6895350444316865 0.8137813568115234 0.6895350444316865
0 0.7713156890869141 0.6791249084472656 0.7789550787210465 0.6791249084472656 0.7789550787210465 0.6895454752445221 0.7713156890869141 0.6895454752445221
0 0.4981445312500001 0.8343348693847656 0.5056923681497575 0.8343348693847656 0.5056923681497575 0.8436658167839052 0.4981445312500001 0.8436658167839052
0 0.58476318359375 0.7836818695068359 0.5931557542085648 0.7836818695068359 0.5931557542085648 0.7927215558290482 0.58476318359375 0.7927215558290482
0 0.5259831237792969 0.8336736297607422 0.5335149919986725 0.8336736297607422 0.5335149919986725 0.8438396990299224 0.5259831237792969 0.8438396990299224
0 0.8108133697509765 0.6262299728393554 0.818267051577568 0.6262299728393554 0.818267051577568 0.6353968286514282 0.8108133697509765 0.6353968286514282
0 0.4608723449707031 0.7930242919921875 0.46868449032306675 0.7930242919921875 0.46868449032306675 0.8020990812778472 0.4608723449707031 0.8020990812778472
0 0.49792701721191407 0.78160888671875 0.5057259738445281 0.78160888671875 0.5057259738445281 0.7911222279071808 0.49792701721191407 0.7911222279071808
0 0.7956381988525391 0.5337339782714844 0.8032547003030778 0.5337339782714844 0.8032547003030778 0.5432947957515717 0.7956381988525391 0.5432947957515717
0 0.2806169319152832 0.3670367431640625 0.28884260177612303 0.3670367431640625 0.28884260177612303 0.3763712483644486 0.2806169319152832 0.3763712483644486
0 0.5216785430908203 0.6872212219238282 0.5286575466394424 0.6872212219238282 0.5286575466394424 0.6970529419183732 0.5216785430908203 0.6970529419183732
0 0.842049560546875 0.3756974792480469 0.8498827010393142 0.3756974792480469 0.8498827010393142 0.3848729133605957 0.842049560546875 0.3848729133605957
0 0.7998646545410156 0.32306690216064454 0.8076225662231445 0.32306690216064454 0.8076225662231445 0.3331468152999878 0.7998646545410156 0.3331468152999878
0 0.20917726516723634 0.3666391372680664 0.21723196864128114 0.3666391372680664 0.21723196864128114 0.37611947059631345 0.20917726516723634 0.37611947059631345
0 0.6014079284667969 0.6859234619140625 0.6088787615299225 0.6859234619140625 0.6088787615299225 0.6946122747659683 0.6014079284667969 0.6946122747659683
0 0.51460205078125 0.5330957412719727 0.5223749846220016 0.5330957412719727 0.5223749846220016 0.5421819943189621 0.51460205078125 0.5421819943189621
0 0.7791542816162109 0.6248450469970703 0.7859041666984558 0.6248450469970703 0.7859041666984558 0.6345195543766022 0.7791542816162109 0.6345195543766022
0 0.47128772735595703 0.3767344284057617 0.479229217171669 0.3767344284057617 0.479229217171669 0.3869670677185058 0.47128772735595703 0.3869670677185058
0 0.5223768997192383 0.3152881050109863 0.5305524170398712 0.3152881050109863 0.5305524170398712 0.3252919018268585 0.5223768997192383 0.3252919018268585
0 0.5622694396972656 0.6325274276733398 0.5711166393756866 0.6325274276733398 0.5711166393756866 0.6420338904857635 0.5622694396972656 0.6420338904857635
0 0.7734827423095703 0.5144355773925782 0.7816586142778396 0.5144355773925782 0.7816586142778396 0.5236578947305679 0.7734827423095703 0.5236578947305679
0 0.46596755981445315 0.8346149444580078 0.4735527747869491 0.8346149444580078 0.4735527747869491 0.8450480818748474 0.46596755981445315 0.8450480818748474
0 0.494857177734375 0.3145573043823242 0.5026622849702835 0.3145573043823242 0.5026622849702835 0.324948935508728 0.494857177734375 0.324948935508728
0 0.7863494110107422 0.16754079818725587 0.7942427587509155 0.16754079818725587 0.7942427587509155 0.17747490227222443 0.7863494110107422 0.17747490227222443
0 0.5270389556884766 0.634793701171875 0.5360084033012391 0.634793701171875 0.5360084033012391 0.6461460030078887 0.5270389556884766 0.6461460030078887
0 0.8461471557617187 0.1677083969116211 0.8539389556646346 0.1677083969116211 0.8539389556646346 0.17737661838531493 0.8461471557617187 0.17737661838531493
0 0.5506514358520508 0.3172830390930176 0.5578559499979019 0.3172830390930176 0.5578559499979019 0.3272531753778458 0.5506514358520508 0.3272531753778458
0 0.8272977447509766 0.4727394485473633 0.8355497336387635 0.4727394485473633 0.8355497336387635 0.48200659334659574 0.8272977447509766 0.48200659334659574
0 0.20846504211425781 0.525907325744629 0.21603774845600127 0.525907325744629 0.21603774845600127 0.5354861688613892 0.20846504211425781 0.5354861688613892
0 0.5840880203247071 0.3183854293823242 0.5919963312149049 0.3183854293823242 0.5919963312149049 0.32917228698730466 0.5840880203247071 0.32917228698730466
0 0.8501394653320312 0.32224327087402344 0.8579883968830109 0.32224327087402344 0.8579883968830109 0.3319937163591385 0.8501394653320312 0.3319937163591385
0 0.22310642242431641 0.30370813369750976 0.2313948130607605 0.30370813369750976 0.2313948130607605 0.31499534845352173 0.22310642242431641 0.31499534845352173
0 0.7627931213378907 0.16909332275390626 0.7705425751209259 0.16909332275390626 0.7705425751209259 0.1787884056568146 0.7627931213378907 0.1787884056568146
0 0.20906635284423827 0.4762771606445312 0.21632578074932096 0.4762771606445312 0.21632578074932096 0.48665689229965203 0.20906635284423827 0.48665689229965203
0 0.23382341384887695 0.827923583984375 0.2416592162847519 0.827923583984375 0.2416592162847519 0.8365085107088089 0.23382341384887695 0.8365085107088089
0 0.4580251693725586 0.3138956260681152 0.46584695458412173 0.3138956260681152 0.46584695458412173 0.3235247522592544 0.4580251693725586 0.3235247522592544
0 0.8342711639404297 0.6788631439208983 0.8411988908052445 0.6788631439208983 0.8411988908052445 0.6877947533130644 0.8342711639404297 0.6877947533130644
0 0.912542953491211 0.5317868423461914 0.9195540124177933 0.5317868423461914 0.9195540124177933 0.5407303899526597 0.912542953491211 0.5407303899526597
0 0.5526009368896484 0.7861276245117188 0.560271553993225 0.7861276245117188 0.560271553993225 0.7952323776483536 0.5526009368896484 0.7952323776483536
0 0.8784982299804688 0.17211538314819336 0.8848104596138 0.17211538314819336 0.8848104596138 0.18065860509872436 0.8784982299804688 0.18065860509872436
0 0.7717070007324218 0.31589454650878906 0.7790902435779571 0.31589454650878906 0.7790902435779571 0.3248784351348877 0.7717070007324218 0.3248784351348877
0 0.44208755493164065 0.3817158889770508 0.4485982084274292 0.3817158889770508 0.4485982084274292 0.389957532286644 0.44208755493164065 0.389957532286644
0 0.16300241470336915 0.36500125885009765 0.16992844104766847 0.36500125885009765 0.16992844104766847 0.3739390355348587 0.16300241470336915 0.3739390355348587
0 0.47312862396240235 0.46521472930908203 0.48012537002563477 0.46521472930908203 0.48012537002563477 0.4738899040222168 0.47312862396240235 0.4738899040222168
0 0.5275064468383789 0.7843483734130859 0.5361844396591186 0.7843483734130859 0.5361844396591186 0.7941238808631897 0.5275064468383789 0.7941238808631897
0 0.7748085021972656 0.36859256744384766 0.7834436756372452 0.36859256744384766 0.7834436756372452 0.37947876453399665 0.7748085021972656 0.37947876453399665
0 0.2606044387817383 0.6214680862426758 0.26857440590858456 0.6214680862426758 0.26857440590858456 0.6319956231117249 0.2606044387817383 0.6319956231117249
0 0.8164369201660157 0.16808610916137695 0.8238477826118469 0.16808610916137695 0.8238477826118469 0.1778599166870117 0.8164369201660157 0.1778599166870117
0 0.16329147338867187 0.7723275756835938 0.16999988496303556 0.7723275756835938 0.16999988496303556 0.7804780620336532 0.16329147338867187 0.7804780620336532
0 0.59561767578125 0.6320140838623047 0.6027604448795318 0.6320140838623047 0.6027604448795318 0.6405873489379883 0.59561767578125 0.6405873489379883
0 0.44294597625732424 0.46611312866210936 0.4499068230390549 0.46611312866210936 0.4499068230390549 0.4745660626888275 0.44294597625732424 0.4745660626888275
0 0.7997605133056641 0.7848617553710937 0.8077897709608078 0.7848617553710937 0.8077897709608078 0.7945042824745178 0.7997605133056641 0.7945042824745178
0 0.9076590728759766 0.8235196685791015 0.9146322214603424 0.8235196685791015 0.9146322214603424 0.831388459801674 0.9076590728759766 0.831388459801674
0 0.5279947280883789 0.3786483383178711 0.5363279783725738 0.3786483383178711 0.5363279783725738 0.38961944699287415 0.5279947280883789 0.38961944699287415
0 0.18046667098999022 0.31543331146240233 0.1886931836605072 0.31543331146240233 0.1886931836605072 0.32501132428646085 0.18046667098999022 0.32501132428646085
0 0.7996185302734375 0.47301055908203127 0.8081279075145722 0.47301055908203127 0.8081279075145722 0.4829943138360977 0.7996185302734375 0.4829943138360977
0 0.9123950958251953 0.7762905883789063 0.9176331186294555 0.7762905883789063 0.9176331186294555 0.7833074176311493 0.9123950958251953 0.7833074176311493
0 0.5351855850219727 0.4713087844848633 0.5437400287389755 0.4713087844848633 0.5437400287389755 0.48065285563468935 0.5351855850219727 0.48065285563468935
0 0.5512262344360351 0.5353243255615234 0.5595374250411986 0.5353243255615234 0.5595374250411986 0.5457765173912048 0.5512262344360351 0.5457765173912048
0 0.18853378295898438 0.6678868103027343 0.19451159119606018 0.6678868103027343 0.19451159119606018 0.6757204985618591 0.18853378295898438 0.6757204985618591
0 0.14231205940246583 0.82770263671875 0.149110204577446 0.82770263671875 0.149110204577446 0.8366826319694519 0.14231205940246583 0.8366826319694519
0 0.15873488426208496 0.5208063125610352 0.1657664358615875 0.5208063125610352 0.1657664358615875 0.5288560354709625 0.15873488426208496 0.5288560354709625
0 0.23372730255126953 0.6183097457885742 0.24106284737586975 0.6183097457885742 0.24106284737586975 0.6279209643602371 0.23372730255126953 0.6279209643602371
0 0.7820044708251953 0.22386430740356444 0.7898822641372681 0.22386430740356444 0.7898822641372681 0.2343204712867737 0.7820044708251953 0.2343204712867737
0 0.20889287948608398 0.7833109283447266 0.21538781583309172 0.7833109283447266 0.21538781583309172 0.792713030576706 0.20889287948608398 0.792713030576706
0 0.5875527954101563 0.8309165191650391 0.5955843597650529 0.8309165191650391 0.5955843597650529 0.8402990144491195 0.5875527954101563 0.8402990144491195
0 0.49120361328125 0.6318517684936523 0.4991778683662415 0.6318517684936523 0.4991778683662415 0.6412211394309998 0.49120361328125 0.6412211394309998
0 0.7578121185302734 0.21227575302124024 0.7659481287002563 0.21227575302124024 0.7659481287002563 0.22304703474044799 0.7578121185302734 0.22304703474044799
0 0.8371862030029297 0.629092140197754 0.8453062444925308 0.629092140197754 0.8453062444925308 0.6377454942464829 0.8371862030029297 0.6377454942464829
0 0.4400490951538086 0.5378615951538086 0.4475084549188614 0.5378615951538086 0.4475084549188614 0.5480979108810425 0.4400490951538086 0.5480979108810425
0 0.8914029693603516 0.3758776092529297 0.8987479472160339 0.3758776092529297 0.8987479472160339 0.3846505433320999 0.8914029693603516 0.3846505433320999
0 0.8930987548828125 0.48073551177978513 0.9004306030273438 0.48073551177978513 0.9004306030273438 0.49003898501396176 0.8930987548828125 0.49003898501396176
0 0.8156439971923828 0.8159011077880859 0.8227774810791015 0.8159011077880859 0.8227774810791015 0.8248834747076034 0.8156439971923828 0.8248834747076034
0 0.7710867309570313 0.47324275970458984 0.7788720256090165 0.47324275970458984 0.7788720256090165 0.48399716258049014 0.7710867309570313 0.48399716258049014
0 0.8313119506835938 0.43011398315429694 0.8397140431404114 0.43011398315429694 0.8397140431404114 0.4402991855144501 0.8313119506835938 0.4402991855144501
0 0.7988291931152344 0.8281610107421875 0.8068777310848236 0.8281610107421875 0.8068777310848236 0.8390414762496948 0.7988291931152344 0.8390414762496948
0 0.4766522979736328 0.5253804016113282 0.4853322130441665 0.5253804016113282 0.4853322130441665 0.5348075264692307 0.4766522979736328 0.5348075264692307
0 0.5029922103881836 0.4730256271362305 0.5114713656902314 0.4730256271362305 0.5114713656902314 0.483727058172226 0.5029922103881836 0.483727058172226
0 0.18831483840942384 0.8303169250488283 0.19548265457153322 0.8303169250488283 0.19548265457153322 0.8398692435026169 0.18831483840942384 0.8398692435026169
0 0.27419275283813477 0.46411224365234377 0.282043399810791 0.46411224365234377 0.282043399810791 0.47517802834510803 0.27419275283813477 0.47517802834510803
0 0.76680419921875 0.8298407745361328 0.7748678779602051 0.8298407745361328 0.7748678779602051 0.8399169516563415 0.76680419921875 0.8399169516563415
0 0.14635234832763672 0.3223509979248047 0.1536825257539749 0.3223509979248047 0.1536825257539749 0.3315594005584717 0.14635234832763672 0.3315594005584717
0 0.2112433433532715 0.6746927642822266 0.21913822889328005 0.6746927642822266 0.21913822889328005 0.683605952858925 0.2112433433532715 0.683605952858925
0 0.8931138610839844 0.33049732208251953 0.9005249011516572 0.33049732208251953 0.9005249011516572 0.33950611531734465 0.8931138610839844 0.33950611531734465
0 0.18607099533081053 0.6242201995849609 0.19235430419445035 0.6242201995849609 0.19235430419445035 0.6326022160053253 0.18607099533081053 0.6326022160053253
0 0.1660463333129883 0.8298242950439453 0.1727022111415863 0.8298242950439453 0.1727022111415863 0.8399056112766266 0.1660463333129883 0.8399056112766266
0 0.8690842437744141 0.22225212097167968 0.8775140148401259 0.22225212097167968 0.8775140148401259 0.2315261834859848 0.8690842437744141 0.2315261834859848
0 0.4519557189941406 0.6836904907226562 0.45995082199573517 0.6836904907226562 0.45995082199573517 0.6937117993831634 0.4519557189941406 0.6937117993831634
0 0.8374078369140625 0.7799445343017578 0.8443110197782517 0.7799445343017578 0.8443110197782517 0.7879273319244384 0.8374078369140625 0.7879273319244384
0 0.8960139465332031 0.22112640380859375 0.9030301505327224 0.22112640380859375 0.9030301505327224 0.2307383733987808 0.8960139465332031 0.2307383733987808
0 0.12040145536851105 0.3141317052077756 0.1304768909642023 0.3141317052077756 0.1304768909642023 0.3269269863710085 0.12040145536851105 0.3269269863710085
0 0.12241654248764929 0.3707003166662787 0.1304768909642023 0.3707003166662787 0.1304768909642023 0.38080185442672565 0.12241654248764929 0.38080185442672565
0 0.14659758791730845 0.36531282986070696 0.15516170817364605 0.36531282986070696 0.15516170817364605 0.3821487261281186 0.14659758791730845 0.3821487261281186
0 0.135514608762048 0.4683485150172661 0.14508627257795476 0.4683485150172661 0.14508627257795476 0.47845005277771313 0.135514608762048 0.47845005277771313
0 0.13299574986312518 0.5262639981771622 0.14155987011946278 0.5262639981771622 0.14155987011946278 0.5397327151910915 0.13299574986312518 0.5397327151910915
0 0.15969565419170711 0.6117903512156132 0.16674845910869102 0.6117903512156132 0.16674845910869102 0.6252590682295426 0.15969565419170711 0.6252590682295426
0 0.15365039283429235 0.6643183475699375 0.1642296002097682 0.6643183475699375 0.1642296002097682 0.6764401928824737 0.15365039283429235 0.6764401928824737
0 0.21359923462865557 0.6191981455732744 0.2226671266647778 0.6191981455732744 0.2226671266647778 0.6292996833337213 0.21359923462865557 0.6292996833337213
0 0.1430711854588165 0.7727415195320683 0.1496202185960158 0.7727415195320683 0.1496202185960158 0.7835164931432116 0.1430711854588165 0.7835164931432116
0 0.1828691560617971 0.7734149553827648 0.19042573275856559 0.7734149553827648 0.19042573275856559 0.7902508516501766 0.1828691560617971 0.7902508516501766
0 0.49571143130801204 0.38012841857602925 0.502764236224996 0.38012841857602925 0.502764236224996 0.38955652048577977 0.49571143130801204 0.38955652048577977
0 0.45137951468697024 0.6279528116323284 0.45843231960395414 0.6279528116323284 0.45843231960395414 0.6427684003476506 0.45137951468697024 0.6427684003476506
0 0.8594476734401063 0.8225757724836068 0.8695231090357977 0.8225757724836068 0.8695231090357977 0.840085104601715 0.8594476734401063 0.840085104601715
0 0.8634778476783829 0.77812900633764 0.8730495114942896 0.77812900633764 0.8730495114942896 0.7929445950529626 0.8634778476783829 0.7929445950529626
0 0.8654929347975211 0.6292996833337213 0.8745608268336432 0.6292996833337213 0.8745608268336432 0.642094964496954 0.8654929347975211 0.642094964496954
0 0.8639816194581672 0.6744198853303842 0.8755683703932124 0.6744198853303842 0.8755683703932124 0.6905823457470996 0.8639816194581672 0.6905823457470996
0 0.8952154698048105 0.6771136287331704 0.9032758182813635 0.6771136287331704 0.9032758182813635 0.6885620381950102 0.8952154698048105 0.6885620381950102
0 0.9052909054005017 0.6185247097225779 0.9133512538770547 0.6185247097225779 0.9133512538770547 0.6340137342885965 0.9052909054005017 0.6340137342885965
0 0.8675080219166592 0.5329983566841268 0.8750645986134277 0.5329983566841268 0.8750645986134277 0.5464670736980561 0.8675080219166592 0.5464670736980561
0 0.8634778476783829 0.4791234886284094 0.8725457397145049 0.4791234886284094 0.8725457397145049 0.489898462239553 0.8634778476783829 0.489898462239553
0 0.8705306525953668 0.37810811102393976 0.8795985446314888 0.37810811102393976 0.8795985446314888 0.3902299563364762 0.8705306525953668 0.3902299563364762
