0 0.49184741973876955 0.15525421142578125 0.49808888554573055 0.15525421142578125 0.49808888554573055 0.16495454132556917 0.49184741973876955 0.16495454132556917
0 0.5229182815551758 0.5225838470458984 0.5298360133171082 0.5225838470458984 0.5298360133171082 0.5317859244346619 0.5229182815551758 0.5317859244346619
0 0.5247362518310547 0.6785236358642577 0.5317138355970383 0.6785236358642577 0.5317138355970383 0.6874225139617919 0.5247362518310547 0.6874225139617919
0 0.16220972061157227 0.32161090850830076 0.16925489008426664 0.32161090850830076 0.16925489008426664 0.3313174551725387 0.16220972061157227 0.3313174551725387
0 0.19720090866088869 0.8343801879882813 0.2040625435113907 0.8343801879882813 0.2040625435113907 0.8429889911413193 0.19720090866088869 0.8429889911413193
0 0.539352912902832 0.6264261245727539 0.547830352783203 0.6264261245727539 0.547830352783203 0.6357839131355286 0.539352912902832 0.6357839131355286
0 0.49788864135742195 0.626113395690918 0.5061635774374008 0.626113395690918 0.5061635774374008 0.6356110829114914 0.49788864135742195 0.6356110829114914
0 0.4776195526123047 0.47143287658691413 0.48550651311874393 0.47143287658691413 0.48550651311874393 0.4805302774906159 0.4776195526123047 0.4805302774906159
0 0.5476617813110352 0.7830385589599609 0.5550732946395874 0.7830385589599609 0.5550732946395874 0.7915695661306381 0.5476617813110352 0.7915695661306381
0 0.47618446350097654 0.3194305992126465 0.48386238455772396 0.3194305992126465 0.48386238455772396 0.32964372992515567 0.47618446350097654 0.32964372992515567
0 0.5552902221679688 0.3122452354431152 0.5635229301452637 0.3122452354431152 0.5635229301452637 0.3225905561447143 0.5552902221679688 0.3225905561447143
0 0.5026118087768555 0.7809199523925782 0.5106041020154954 0.7809199523925782 0.5106041020154954 0.7909797632694244 0.5026118087768555 0.7909797632694244
0 0.23318546295166015 0.21860631942749023 0.24041542291641232 0.21860631942749023 0.24041542291641232 0.2281667411327362 0.23318546295166015 0.2281667411327362
0 0.1395077610015869 0.320705680847168 0.14614993274211882 0.320705680847168 0.14614993274211882 0.33018546044826513 0.1395077610015869 0.33018546044826513
0 0.49495155334472657 0.4701447296142578 0.5020566189289094 0.4701447296142578 0.5020566189289094 0.47879251003265383 0.49495155334472657 0.47879251003265383
0 0.518586654663086 0.05126285076141358 0.524913729429245 0.05126285076141358 0.524913729429245 0.06045149266719818 0.518586654663086 0.06045149266719818
0 0.20854219436645507 0.6242615509033204 0.21654812037944796 0.6242615509033204 0.21654812037944796 0.6341941529512406 0.20854219436645507 0.6341941529512406
0 0.5292601776123047 0.7821472930908203 0.5358226394653319 0.7821472930908203 0.5358226394653319 0.7922259998321534 0.5292601776123047 0.7922259998321534
0 0.22015243530273437 0.32477230072021485 0.22747647643089292 0.32477230072021485 0.22747647643089292 0.3345336961746216 0.22015243530273437 0.3345336961746216
0 0.47144046783447263 0.6275418472290039 0.47896878778934476 0.6275418472290039 0.47896878778934476 0.6368829143047332 0.47144046783447263 0.6368829143047332
0 0.24890478134155275 0.8362093353271485 0.2560827404260635 0.8362093353271485 0.2560827404260635 0.8454322057962417 0.24890478134155275 0.8454322057962417
0 0.1633095359802246 0.3726780700683594 0.16983577311038972 0.3726780700683594 0.16983577311038972 0.38173763990402226 0.1633095359802246 0.38173763990402226
0 0.5325100326538086 0.1522291851043701 0.5399782633781433 0.1522291851043701 0.5399782633781433 0.16182612359523774 0.5325100326538086 0.16182612359523774
0 0.2478606605529785 0.16431488037109376 0.25497119724750517 0.16431488037109376 0.25497119724750517 0.17493059992790225 0.2478606605529785 0.17493059992790225
0 0.15632274627685547 0.4722269821166992 0.16345039010047913 0.4722269821166992 0.16345039010047913 0.48012455165386203 0.15632274627685547 0.48012455165386203
0 0.5496662902832031 0.5220757293701171 0.5574553108215331 0.5220757293701171 0.5574553108215331 0.5313464319705963 0.5496662902832031 0.5313464319705963
0 0.4979357528686524 0.6858940887451171 0.5057939112186431 0.6858940887451171 0.5057939112186431 0.6945866966247558 0.4979357528686524 0.6945866966247558
0 0.13453438758850098 0.7742656707763673 0.14081247746944428 0.7742656707763673 0.14081247746944428 0.7826663058996202 0.13453438758850098 0.7826663058996202
0 0.1574959659576416 0.6183990859985351 0.1636402606964111 0.6183990859985351 0.1636402606964111 0.6271152144670487 0.1574959659576416 0.6271152144670487
0 0.5186106109619141 0.4671075439453125 0.5271691358089448 0.4671075439453125 0.5271691358089448 0.4769064140319825 0.5186106109619141 0.4769064140319825
0 0.502990837097168 0.52049072265625 0.5104445189237594 0.52049072265625 0.5104445189237594 0.5309156775474548 0.502990837097168 0.5309156775474548
0 0.20383842468261718 0.22515445709228515 0.21182854473590848 0.22515445709228515 0.21182854473590848 0.2348036253452301 0.20383842468261718 0.2348036253452301
0 0.17236326217651368 0.7783155059814453 0.17986254274845123 0.7783155059814453 0.17986254274845123 0.7881298327445984 0.17236326217651368 0.7881298327445984
0 0.4509249496459961 0.4701644897460938 0.4580523711442947 0.4701644897460938 0.4580523711442947 0.4802845060825348 0.4509249496459961 0.4802845060825348
0 0.47863895416259766 0.7788967132568361 0.48651278495788575 0.7788967132568361 0.48651278495788575 0.7884314006567001 0.47863895416259766 0.7884314006567001
0 0.4538495635986328 0.8378865814208984 0.46081055819988254 0.8378865814208984 0.46081055819988254 0.8468606466054917 0.4538495635986328 0.8468606466054917
0 0.24009820938110352 0.6244622421264648 0.24725875079631804 0.6244622421264648 0.24725875079631804 0.6341095918416977 0.24009820938110352 0.6341095918416977
0 0.1782599639892578 0.8326725769042969 0.18465894103050232 0.8326725769042969 0.18465894103050232 0.8404706877470015 0.1782599639892578 0.8404706877470015
0 0.2312534523010254 0.5277782821655274 0.23984845340251923 0.5277782821655274 0.23984845340251923 0.5378737497329711 0.2312534523010254 0.5378737497329711
0 0.18488544464111328 0.6688764190673828 0.19228246808052063 0.6688764190673828 0.19228246808052063 0.678386597633362 0.18488544464111328 0.678386597633362
0 0.4980258178710937 0.049793152809143065 0.5049227905273437 0.049793152809143065 0.5049227905273437 0.05750103533267974 0.4980258178710937 0.05750103533267974
0 0.2103851318359375 0.3680767822265625 0.21716284334659575 0.3680767822265625 0.21716284334659575 0.37754944622516634 0.2103851318359375 0.37754944622516634
0 0.18610401153564454 0.36806377410888674 0.19334896445274355 0.36806377410888674 0.19334896445274355 0.3761837029457093 0.18610401153564454 0.3761837029457093
0 0.5555154037475586 0.8320458221435546 0.5630174642801286 0.8320458221435546 0.5630174642801286 0.8405185610055923 0.5555154037475586 0.8405185610055923
0 0.48226451873779297 0.36652965545654304 0.48995113372802734 0.36652965545654304 0.48995113372802734 0.37602722406387334 0.48226451873779297 0.37602722406387334
0 0.5316657257080079 0.8277375793457031 0.5385897266864776 0.8277375793457031 0.5385897266864776 0.8373197036981582 0.5316657257080079 0.8373197036981582
0 0.4795343780517578 0.8363641357421875 0.4863125038146973 0.8363641357421875 0.4863125038146973 0.8454023987054824 0.4795343780517578 0.8454023987054824
0 0.5497386932373047 0.3559756851196289 0.5573110151290894 0.3559756851196289 0.5573110151290894 0.36536683738231657 0.5497386932373047 0.36536683738231657
0 0.46853363037109375 0.21102800369262692 0.47498703360557554 0.21102800369262692 0.47498703360557554 0.22001163542270658 0.46853363037109375 0.22001163542270658
0 0.2218520736694336 0.16675430297851562 0.22926096975803378 0.16675430297851562 0.22926096975803378 0.17700330734252928 0.2218520736694336 0.17700330734252928
0 0.4947213363647461 0.00607878029346466 0.5016678112745285 0.00607878029346466 0.5016678112745285 0.016923367381095886 0.4947213363647461 0.016923367381095886
0 0.24525259017944337 0.07434220314025879 0.25184635341167455 0.07434220314025879 0.25184635341167455 0.0825580382347107 0.24525259017944337 0.0825580382347107
0 0.5429281616210937 0.4670073318481445 0.5516764158010482 0.4670073318481445 0.5516764158010482 0.47648829758167266 0.5429281616210937 0.47648829758167266
0 0.15469005584716797 0.6586035919189454 0.16169456481933595 0.6586035919189454 0.16169456481933595 0.6675254768133163 0.15469005584716797 0.6675254768133163
0 0.1576535224914551 0.8280461883544922 0.1640928202867508 0.8280461883544922 0.1640928202867508 0.8370094221830368 0.1576535224914551 0.8370094221830368
0 0.1712210464477539 0.1618191909790039 0.17799544632434847 0.1618191909790039 0.17799544632434847 0.17183157563209533 0.1712210464477539 0.17183157563209533
0 0.4510757827758789 0.680369644165039 0.4579393100738525 0.680369644165039 0.4579393100738525 0.6902472984790801 0.4510757827758789 0.6902472984790801
0 0.23206089019775392 0.37141426086425783 0.2393853157758713 0.37141426086425783 0.2393853157758713 0.3812295758724213 0.23206089019775392 0.3812295758724213
0 0.23490083694458008 0.6711776733398438 0.2422204279899597 0.6711776733398438 0.2422204279899597 0.6795156133174897 0.23490083694458008 0.6795156133174897
0 0.5199884033203125 0.6284516525268554 0.5271376192569732 0.6284516525268554 0.5271376192569732 0.637847864627838 0.5199884033203125 0.637847864627838
0 0.4559429931640625 0.6286869430541993 0.46221964895725254 0.6286869430541993 0.46221964895725254 0.6373237735033036 0.4559429931640625 0.6373237735033036
0 0.18477951049804686 0.31839130401611326 0.19271998047828673 0.31839130401611326 0.19271998047828673 0.328468667268753 0.18477951049804686 0.328468667268753
0 0.1419978141784668 0.21790208816528317 0.14899098217487336 0.21790208816528317 0.14899098217487336 0.22611959815025326 0.1419978141784668 0.22611959815025326
0 0.17784799575805665 0.4724037170410157 0.18479926109313966 0.4724037170410157 0.18479926109313966 0.4810903161764145 0.17784799575805665 0.4810903161764145
0 0.5052582931518554 0.36073196411132813 0.5127193677425385 0.36073196411132813 0.5127193677425385 0.37059131622314456 0.5052582931518554 0.37059131622314456
0 0.2168673324584961 0.023162581920623777 0.22365444779396057 0.023162581920623777 0.22365444779396057 0.03050564169883728 0.2168673324584961 0.03050564169883728
0 0.1400385856628418 0.36874176025390626 0.1466934430599213 0.36874176025390626 0.1466934430599213 0.37797684609889987 0.1400385856628418 0.37797684609889987
0 0.5171964263916016 0.0007653741538524628 0.5253386461734771 0.0007653741538524628 0.5253386461734771 0.011614160984754564 0.5171964263916016 0.011614160984754564
0 0.151533260345459 0.7795603942871093 0.15838374674320224 0.7795603942871093 0.15838374674320224 0.7890859895944595 0.151533260345459 0.7890859895944595
0 0.1948760223388672 0.15988901138305664 0.20250958621501924 0.15988901138305664 0.20250958621501924 0.17007135748863222 0.1948760223388672 0.17007135748863222
0 0.22288965225219726 0.7795767211914062 0.2302584648132324 0.7795767211914062 0.2302584648132324 0.7886692994832991 0.22288965225219726 0.7886692994832991
0 0.47150989532470705 0.14856670379638673 0.47895701229572296 0.14856670379638673 0.47895701229572296 0.15821804583072663 0.47150989532470705 0.15821804583072663
0 0.20974803924560548 0.8386009979248047 0.2166667175292969 0.8386009979248047 0.2166667175292969 0.8467083168029785 0.20974803924560548 0.8467083168029785
0 0.13358494758605957 0.473195686340332 0.14128878772258757 0.473195686340332 0.14128878772258757 0.48190537154674523 0.13358494758605957 0.48190537154674523
0 0.1935334587097168 0.028189191818237303 0.19901369988918305 0.028189191818237303 0.19901369988918305 0.03517598271369934 0.1935334587097168 0.03517598271369934
0 0.5422542953491211 0.6805096435546875 0.549433673620224 0.6805096435546875 0.549433673620224 0.6900652033090592 0.5422542953491211 0.6900652033090592
0 0.2133462333679199 0.6732453918457031 0.22062714517116544 0.6732453918457031 0.22062714517116544 0.6839409327507019 0.2133462333679199 0.6839409327507019
0 0.14347487449645996 0.024575231075286866 0.14966870069503782 0.024575231075286866 0.14966870069503782 0.03203033328056336 0.14347487449645996 0.03203033328056336
0 0.1638313674926758 0.024244439601898198 0.17117054939270024 0.024244439601898198 0.17117054939270024 0.033639342188835145 0.1638313674926758 0.033639342188835145
0 0.45548587799072265 0.7862636566162109 0.4626174396276474 0.7862636566162109 0.4626174396276474 0.7965364587306977 0.45548587799072265 0.7965364587306977
0 0.5111183929443359 0.1528523635864258 0.5186441105604171 0.1528523635864258 0.5186441105604171 0.1625297862291336 0.5111183929443359 0.1625297862291336
0 0.5033941268920898 0.3110760498046875 0.5113909149169922 0.3110760498046875 0.5113909149169922 0.3212350428104401 0.5033941268920898 0.3212350428104401
0 0.4755946350097656 0.6821652984619141 0.48371769249439234 0.6821652984619141 0.48371769249439234 0.6923440968990325 0.4755946350097656 0.6923440968990325
0 0.20438173294067383 0.5270257949829101 0.2119439858198166 0.5270257949829101 0.2119439858198166 0.536093943119049 0.20438173294067383 0.536093943119049
0 0.44834098815917967 0.2117978286743164 0.45587501525878904 0.2117978286743164 0.45587501525878904 0.221074184179306 0.44834098815917967 0.221074184179306
0 0.44847057342529295 0.3186983299255371 0.456678974032402 0.3186983299255371 0.456678974032402 0.32912787079811096 0.44847057342529295 0.32912787079811096
0 0.5087238311767578 0.20182607650756837 0.5162562316656112 0.20182607650756837 0.5162562316656112 0.2108309757709503 0.5087238311767578 0.2108309757709503
0 0.13345037460327147 0.619585952758789 0.14046864867210385 0.619585952758789 0.14046864867210385 0.6282219922542571 0.13345037460327147 0.6282219922542571
0 0.47320064544677737 0.5223920059204101 0.4805001723766328 0.5223920059204101 0.4805001723766328 0.5323870658874511 0.47320064544677737 0.5323870658874511
0 0.20097440719604492 0.7758477020263671 0.20834227323532106 0.7758477020263671 0.20834227323532106 0.7852535992860794 0.20097440719604492 0.7852535992860794
0 0.5015572357177734 0.8283699798583984 0.5087910842895507 0.8283699798583984 0.5087910842895507 0.8388161623477935 0.5015572357177734 0.8388161623477935
0 0.1602783203125 0.5300125122070313 0.16808759689331054 0.5300125122070313 0.16808759689331054 0.5409436559677124 0.1602783203125 0.5409436559677124
0 0.21635234832763672 0.07634092807769775 0.22392505466938017 0.07634092807769775 0.22392505466938017 0.08606609344482423 0.21635234832763672 0.08606609344482423
0 0.13792448997497558 0.6738334655761717 0.145150191783905 0.6738334655761717 0.145150191783905 0.6839679896831512 0.13792448997497558 0.6839679896831512
0 0.542496223449707 0.04971452713012695 0.5502355641126632 0.04971452713012695 0.5502355641126632 0.05872067630290984 0.542496223449707 0.05872067630290984
0 0.4691727066040039 0.0017063739895820619 0.4770798641443253 0.0017063739895820619 0.4770798641443253 0.012558087408542633 0.4691727066040039 0.012558087408542633
0 0.5275656127929688 0.3086944389343262 0.5356692123413086 0.3086944389343262 0.5356692123413086 0.31902406573295594 0.5275656127929688 0.31902406573295594
0 0.22523006439208984 0.4744368362426758 0.2343216562271118 0.4744368362426758 0.2343216562271118 0.4848071992397308 0.22523006439208984 0.4848071992397308
0 0.1921225357055664 0.07881398200988769 0.199918697476387 0.07881398200988769 0.199918697476387 0.08840374052524566 0.1921225357055664 0.08840374052524566
0 0.1396672821044922 0.16012033462524414 0.14815718650817872 0.16012033462524414 0.14815718650817872 0.17104697108268738 0.1396672821044922 0.17104697108268738
0 0.1436771583557129 0.07608444690704345 0.1515629214048386 0.07608444690704345 0.1515629214048386 0.08570297420024871 0.1436771583557129 0.08570297420024871
0 0.45121028900146487 0.0 0.4582550883293152 0.0 0.4582550883293152 0.009218711853027344 0.45121028900146487 0.009218711853027344
0 0.2626525115966797 0.22420635223388669 0.27041027486324304 0.22420635223388669 0.27041027486324304 0.23468761801719662 0.2626525115966797 0.23468761801719662
0 0.25333810806274415 0.32389095306396487 0.2614810675382614 0.32389095306396487 0.2614810675382614 0.3344616961479187 0.25333810806274415 0.3344616961479187
0 0.5267610168457031 0.20128696441650393 0.5343493664264678 0.20128696441650393 0.5343493664264678 0.21045180439949038 0.5267610168457031 0.21045180439949038
0 0.13629332542419434 0.8244135284423828 0.14346111178398133 0.8244135284423828 0.14346111178398133 0.833141239285469 0.13629332542419434 0.833141239285469
0 0.449681396484375 0.1536812114715576 0.45733707964420317 0.1536812114715576 0.45733707964420317 0.16514940738677977 0.449681396484375 0.16514940738677977
0 0.5280974197387696 0.35483604431152344 0.5355253154039383 0.35483604431152344 0.5355253154039383 0.36491692543029786 0.5280974197387696 0.36491692543029786
0 0.1984748649597168 0.47279556274414064 0.2067934036254883 0.47279556274414064 0.2067934036254883 0.4836757910251617 0.1984748649597168 0.4836757910251617
0 0.44980709075927733 0.5237849807739258 0.4573688554763794 0.5237849807739258 0.4573688554763794 0.533432646393776 0.44980709075927733 0.533432646393776
0 0.16775600266826016 0.07609825112870054 0.17480880758524403 0.07609825112870054 0.17480880758524403 0.08552635303845105 0.16775600266826016 0.08552635303845105
0 0.24785571565400594 0.025590562326465668 0.25591606413055895 0.025590562326465668 0.25591606413055895 0.030978049132037392 0.24785571565400594 0.030978049132037392
0 0.15213907749493863 0.21078542126799354 0.1596956541917071 0.21078542126799354 0.1596956541917071 0.2208869590284405 0.15213907749493863 0.2208869590284405
0 0.13601838054183255 0.5259533993939391 0.14458250079817012 0.5259533993939391 0.14458250079817012 0.5360549371543861 0.13601838054183255 0.5360549371543861
0 0.18337292784158166 0.5252799635432427 0.18891441741921183 0.5252799635432427 0.18891441741921183 0.5367283730050826 0.18337292784158166 0.5367283730050826
0 0.1753125793650286 0.6202344184914442 0.1838766996213662 0.6202344184914442 0.1838766996213662 0.6289890845504983 0.1753125793650286 0.6289890845504983
0 0.4564172324848158 0.3697162820323593 0.46347003740179976 0.3697162820323593 0.46347003740179976 0.3804912556435027 0.4564172324848158 0.3804912556435027
0 0.48462845215275147 0.20472449861172534 0.49319257240908904 0.20472449861172534 0.49319257240908904 0.2134791646707794 0.48462845215275147 0.2134791646707794
0 0.4533946018061085 0.05791548315989599 0.460951178502877 0.05791548315989599 0.460951178502877 0.06397640581616418 0.4533946018061085 0.06397640581616418
0 0.47253792943792194 0.05656861145850307 0.48160582147404407 0.05656861145850307 0.48160582147404407 0.06532327751755711 0.47253792943792194 0.06532327751755711
0 0.5390358043694845 0.004714050954875255 0.5501187835247449 0.004714050954875255 0.5501187835247449 0.014142152864625767 0.5390358043694845 0.014142152864625767
